(16,14): 0.021
(6,10): 0.015
(12,9): 0.014
(15,9): 0.09
(17,13): 0.007
(23,10): 0.001
(10,1): 0.002
(6,6): 0.013
(4,8): 0.011
(9,4): 0.004
(18,12): 0.006
(12,11): 0.035
(18,9): 0.056
(8,10): 0.025
(16,13): 0.077
(13,9): 0.082
(14,12): 0.04
(15,15): 0.016
(11,19): 0.003
(15,8): 0.011
(13,10): 0.009
(12,28): 0.003
(25,22): 0.001
(20,15): 0.006
(11,11): 0.032
(27,21): 0.005
(22,10): 0.004
(16,7): 0.005
(13,12): 0.041
(15,19): 0.003
(15,12): 0.01
(17,9): 0.01
(20,26): 0.004
(16,15): 0.001
(24,2): 0.003
(19,15): 0.004
(18,19): 0.007
(21,20): 0.003
(16,23): 0.008
(16,12): 0.01
(15,13): 0.014
(15,27): 0.004
(14,5): 0.004
(19,12): 0.003
(19,11): 0.002
(13,0): 0.011
(22,8): 0.001
(13,3): 0.001
(15,28): 0.005
(15,6): 0.002
(18,11): 0.004
(15,20): 0.004
(16,9): 0.002
(9,8): 0.005
(17,12): 0.007
(11,5): 0.002
(11,10): 0.005
(15,10): 0.004
(19,2): 0.001
(9,6): 0.002
(12,0): 0.003
(16,1): 0.004
(21,10): 0.004
(14,13): 0.015
(9,9): 0.004
(25,20): 0.001
(9,7): 0.011
(16,10): 0.002
(23,21): 0.001
(9,11): 0.005
(12,5): 0.001
(11,14): 0.006
(3,5): 0.001
(14,9): 0.012
(10,10): 0.014
(28,22): 0.001
(14,7): 0.002
(7,7): 0.003
(18,10): 0.004
(13,7): 0.003
(15,21): 0.001
(10,5): 0.001
(13,5): 0.002
(18,13): 0.004
(15,14): 0.003
(11,3): 0.003
(13,14): 0.001
(13,8): 0.005
(15,11): 0.003
(10,11): 0.003
(18,0): 0.001
(14,10): 0.002
(7,6): 0.004
(14,11): 0.012
(16,2): 0.003
(23,14): 0.001
(16,11): 0.006
(4,9): 0.002
(5,13): 0.004
(14,25): 0.001
(12,14): 0.001
(3,7): 0.004
(18,17): 0.001
(14,4): 0.001
(17,14): 0.001
(17,7): 0.002
(11,13): 0.001
(26,7): 0.004
(12,16): 0.001
(26,6): 0.002
(13,13): 0.005
(10,7): 0.002
(10,9): 0.001
(17,22): 0.002
(12,21): 0.003
(15,16): 0.003
(24,9): 0.002
(26,11): 0.001
(11,4): 0.001
(17,3): 0.002
(12,12): 0.001
(29,13): 0.001
(17,27): 0.002
(13,6): 0.001
(10,2): 0.001
(14,8): 0.001
(27,24): 0.003
(18,23): 0.001
(18,29): 0.002
(12,3): 0.001
(25,7): 0.001
(4,7): 0.001
(24,21): 0.001
(8,9): 0.001
(4,5): 0.001
(18,6): 0.001
