(17,18): 0.007
(16,14): 0.007
(12,11): 0.026
(6,9): 0.003
(16,13): 0.106
(14,13): 0.004
(7,6): 0.008
(15,13): 0.024
(4,9): 0.005
(18,9): 0.056
(15,9): 0.087
(7,12): 0.005
(11,11): 0.024
(16,2): 0.006
(15,15): 0.006
(9,11): 0.004
(11,19): 0.003
(16,9): 0.007
(13,9): 0.049
(12,28): 0.003
(16,12): 0.014
(20,15): 0.001
(6,10): 0.016
(27,21): 0.006
(22,10): 0.005
(18,17): 0.011
(16,7): 0.003
(15,12): 0.011
(8,10): 0.018
(14,12): 0.053
(20,11): 0.002
(15,19): 0.003
(13,12): 0.034
(19,11): 0.005
(19,25): 0.003
(20,9): 0.003
(13,11): 0.001
(24,2): 0.003
(18,19): 0.002
(25,22): 0.003
(16,23): 0.007
(15,27): 0.005
(14,5): 0.005
(19,12): 0.002
(15,8): 0.01
(6,6): 0.008
(16,10): 0.002
(22,8): 0.001
(18,5): 0.003
(13,0): 0.007
(13,3): 0.001
(15,28): 0.004
(15,6): 0.002
(14,16): 0.004
(21,10): 0.007
(9,8): 0.002
(17,12): 0.007
(4,8): 0.013
(19,10): 0.002
(15,10): 0.004
(12,9): 0.011
(12,0): 0.006
(25,8): 0.001
(4,5): 0.005
(6,7): 0.002
(13,1): 0.004
(11,10): 0.007
(19,0): 0.001
(14,11): 0.002
(17,13): 0.023
(16,6): 0.002
(17,10): 0.004
(14,25): 0.001
(12,7): 0.002
(13,10): 0.007
(7,8): 0.002
(18,11): 0.002
(9,7): 0.01
(13,7): 0.003
(17,14): 0.004
(28,22): 0.001
(19,15): 0.011
(14,9): 0.011
(19,18): 0.001
(10,5): 0.002
(19,17): 0.001
(17,9): 0.005
(15,14): 0.003
(18,10): 0.008
(20,8): 0.006
(16,11): 0.003
(11,14): 0.007
(13,14): 0.007
(15,20): 0.002
(12,10): 0.001
(5,14): 0.001
(18,13): 0.006
(18,20): 0.005
(16,15): 0.003
(23,14): 0.002
(15,11): 0.002
(13,26): 0.001
(12,14): 0.001
(18,12): 0.005
(12,3): 0.002
(17,8): 0.002
(13,13): 0.002
(3,7): 0.004
(16,25): 0.002
(14,17): 0.001
(25,11): 0.001
(13,5): 0.002
(16,1): 0.001
(15,21): 0.001
(17,21): 0.002
(12,21): 0.002
(9,1): 0.001
(16,0): 0.001
(29,13): 0.002
(14,10): 0.002
(12,15): 0.001
(10,2): 0.001
(7,2): 0.001
(12,16): 0.002
(10,10): 0.003
(21,5): 0.003
(24,21): 0.001
(3,10): 0.001
(16,8): 0.002
(23,21): 0.001
(6,11): 0.001
(17,27): 0.002
(13,6): 0.001
(15,16): 0.001
(21,14): 0.001
(9,10): 0.001
(7,7): 0.003
(28,16): 0.002
(17,3): 0.001
(27,24): 0.002
(18,29): 0.002
(12,27): 0.001
(4,7): 0.001
(26,21): 0.001
(17,15): 0.001
(15,18): 0.001
(18,14): 0.001
(17,11): 0.001
(18,6): 0.001
(24,9): 0.001
(14,14): 0.001
(14,8): 0.001
(13,18): 0.001
