(27,24): 134
(22,17): 26
(28,25): 270
(24,18): 164
(19,19): 24
(25,15): 2488
(35,17): 174
(28,30): 58
(11,16): 262
(28,22): 412
(18,18): 290
(16,8): 62
(26,21): 1418
(28,24): 70
(20,15): 238
(30,16): 1120
(10,7): 4
(26,15): 218
(20,18): 14
(25,16): 60
(18,19): 418
(23,20): 790
(10,16): 28
(26,22): 2544
(25,21): 386
(38,16): 18
(28,14): 20
(24,22): 88
(24,21): 1440
(31,19): 50
(32,25): 236
(33,14): 82
(17,3): 48
(12,11): 268
(22,16): 126
(10,10): 148
(23,14): 88
(27,21): 330
(7,14): 322
(25,22): 98
(8,15): 36
(15,6): 32
(31,20): 76
(27,20): 242
(27,22): 174
(18,22): 52
(20,19): 620
(26,32): 26
(10,17): 72
(22,15): 1830
(33,15): 16
(43,10): 20
(21,23): 48
(45,11): 8
(28,15): 222
(25,14): 212
(14,17): 324
(18,13): 32
(12,20): 8
(34,26): 10
(21,20): 422
(17,17): 168
(27,4): 118
(27,41): 36
(26,25): 390
(30,34): 86
(16,18): 122
(18,32): 58
(26,20): 246
(27,15): 68
(19,16): 56
(24,14): 66
(26,19): 96
(22,18): 210
(26,23): 70
(21,47): 90
(27,19): 108
(42,36): 42
(18,23): 22
(33,26): 20
(27,39): 216
(27,12): 122
(23,16): 24
(46,36): 106
(44,39): 20
(30,21): 220
(37,16): 104
(31,29): 310
(30,32): 50
(22,20): 86
(5,12): 70
(34,18): 28
(24,42): 22
(23,15): 184
(24,9): 46
(25,32): 8
(25,20): 44
(21,19): 188
(32,18): 36
(34,44): 58
(32,43): 58
(40,4): 98
(20,12): 22
(7,15): 28
(30,17): 40
(24,17): 12
(36,34): 22
(34,29): 24
(23,19): 50
(25,45): 88
(25,18): 212
(16,12): 172
(31,14): 4
(42,37): 4
(23,9): 84
(32,21): 54
(33,18): 26
(29,20): 10
(29,19): 28
(35,23): 10
(45,40): 112
(32,4): 8
(21,0): 208
(22,0): 154
(28,16): 18
(28,21): 12
(37,14): 6
(20,26): 20
(31,10): 74
(31,8): 50
(18,17): 140
(23,5): 34
(19,32): 38
(25,47): 88
(26,10): 36
(20,5): 52
(34,12): 8
(22,22): 62
(26,33): 112
(23,28): 26
(22,14): 48
(16,13): 152
(28,20): 168
(28,33): 16
(22,21): 18
(27,18): 36
(19,9): 8
(20,46): 6
(29,36): 22
(26,17): 56
(32,0): 24
(16,11): 16
(27,3): 22
(22,12): 110
(24,13): 42
(20,16): 208
(24,23): 34
(42,14): 2
(15,12): 20
(8,9): 42
(43,12): 46
(11,13): 40
(22,3): 16
(26,14): 50
(32,30): 8
(27,2): 44
(27,10): 58
(24,20): 30
(21,15): 58
(11,11): 6
(34,31): 10
(21,24): 86
(23,22): 12
(23,18): 78
(29,16): 6
(15,16): 20
(24,16): 86
(29,17): 50
(42,34): 10
(9,23): 36
(29,49): 8
(23,21): 134
(44,33): 2
(31,11): 4
(13,13): 10
(32,24): 4
(27,16): 8
(39,35): 6
(18,21): 4
(30,18): 32
(23,17): 16
(18,24): 104
(32,17): 2
(21,9): 22
(19,23): 84
(23,10): 42
(6,8): 2
(27,7): 32
(28,23): 44
(24,15): 36
(47,37): 8
(22,23): 12
(23,12): 14
(32,26): 8
(13,9): 6
(22,33): 4
(25,36): 12
(32,31): 2
(21,18): 6
(14,18): 76
(23,8): 14
(44,35): 10
(31,28): 2
(29,10): 24
(9,12): 14
(25,26): 2
(19,6): 30
(20,27): 32
(25,19): 50
(26,24): 36
(26,13): 14
(23,13): 28
(22,9): 14
(20,17): 16
(22,13): 26
(45,31): 2
(21,14): 22
(33,17): 6
(16,19): 28
(26,43): 12
(28,12): 6
(23,11): 10
(17,19): 36
(30,1): 6
(21,13): 12
(11,18): 2
(25,9): 2
(31,16): 42
(33,19): 2
(25,11): 2
(39,24): 22
(29,22): 10
(21,16): 6
(22,19): 10
(27,14): 12
(7,16): 24
(23,26): 22
(33,31): 6
(19,21): 12
(23,44): 8
(24,24): 8
(25,7): 2
(20,24): 10
(20,20): 4
(30,20): 10
(31,21): 14
(42,15): 8
(21,49): 4
(29,5): 14
(16,1): 14
(25,17): 14
(24,7): 12
(26,41): 38
(25,49): 8
(17,16): 18
(10,18): 24
(31,9): 4
(18,3): 4
(24,29): 2
(41,35): 12
(43,18): 2
(44,9): 4
(25,27): 6
(18,7): 16
(23,24): 26
(29,11): 16
(23,27): 6
(11,17): 2
(36,17): 4
(22,4): 4
(25,2): 6
(28,37): 16
(17,13): 16
(17,12): 2
(17,2): 4
(17,15): 12
(26,36): 18
(36,18): 2
(48,23): 30
(21,35): 54
(26,18): 4
(26,3): 2
(27,0): 14
(26,27): 22
(18,20): 2
(40,15): 38
(14,12): 4
(22,27): 4
(36,12): 4
(7,9): 6
(13,20): 4
(43,19): 6
(16,15): 12
(35,18): 2
(14,19): 4
(27,11): 4
(24,35): 2
(27,13): 24
(19,20): 14
(13,11): 6
(23,7): 4
(14,16): 2
(13,3): 2
(32,29): 26
(23,6): 8
(36,15): 2
(27,5): 10
(12,21): 4
(6,10): 2
(29,15): 4
(20,10): 2
(13,18): 2
(31,22): 12
(34,17): 6
(15,18): 6
(26,11): 2
(35,9): 42
(40,41): 4
(22,45): 2
(47,20): 2
(6,18): 2
(47,27): 10
(29,47): 2
(28,45): 20
(30,19): 2
(28,19): 8
(12,15): 2
(15,17): 6
(30,22): 2
(15,10): 10
(27,17): 4
(12,12): 26
(25,13): 8
(45,20): 2
(42,13): 12
(33,20): 4
(19,4): 2
(34,43): 2
(31,6): 2
(41,14): 2
(28,17): 2
(24,27): 4
(30,49): 32
(30,39): 4
(25,12): 2
(30,23): 24
(16,17): 2
(17,22): 2
(38,15): 2
(13,12): 2
(8,12): 22
(24,12): 26
(12,18): 4
(40,35): 4
(13,15): 2
(18,9): 12
(20,47): 2
(28,6): 2
(36,7): 4
(28,26): 2
(31,12): 2
(25,30): 2
(3,14): 4
(43,38): 2
(23,23): 2
(38,24): 8
(24,19): 2
(15,19): 2
(37,3): 2
(16,16): 2
(29,14): 2
(22,31): 2
(19,18): 10
(13,8): 4
