((15,10)(15,10)) 54
((15,10)(15,8)) 1
((15,8)(15,8)) 165
((15,8)(15,9)) 52
((15,9)(15,9)) 1781
((15,9)(16,13)) 29
((16,13)(16,13)) 2812
((16,13)(15,13)) 75
((15,13)(15,13)) 415
((15,13)(15,9)) 7
((15,9)(15,11)) 5
((15,11)(15,11)) 214
((15,11)(16,13)) 4
((16,13)(16,12)) 46
((16,12)(16,12)) 390
((18,12)(18,12)) 198
((18,12)(11,11)) 1
((11,11)(11,11)) 708
((11,11)(15,9)) 27
((15,9)(15,8)) 50
((15,8)(14,12)) 2
((14,12)(14,12)) 834
((14,12)(18,9)) 10
((18,9)(18,9)) 881
((18,9)(15,8)) 3
((15,9)(18,12)) 10
((18,12)(15,9)) 3
((18,12)(16,13)) 9
((16,13)(18,12)) 6
((16,25)(16,25)) 213
((16,25)(14,15)) 7
((14,15)(14,15)) 53
((14,15)(13,14)) 6
((13,14)(13,14)) 57
((13,14)(15,15)) 2
((15,15)(15,15)) 277
((15,15)(16,15)) 7
((16,15)(16,15)) 150
((16,15)(16,25)) 1
((14,15)(16,25)) 2
((15,13)(16,13)) 96
((14,12)(13,7)) 1
((13,7)(13,7)) 28
((13,7)(14,12)) 1
((15,9)(13,6)) 6
((13,6)(13,6)) 56
((13,6)(14,12)) 1
((14,12)(12,0)) 1
((12,0)(12,0)) 157
((12,0)(15,9)) 14
((15,9)(16,7)) 20
((16,7)(16,7)) 152
((16,7)(15,9)) 14
((15,9)(12,0)) 11
((12,9)(12,9)) 200
((12,9)(13,9)) 21
((13,9)(13,9)) 1039
((13,9)(11,6)) 3
((11,6)(11,6)) 105
((11,6)(16,12)) 1
((16,12)(18,9)) 4
((18,9)(15,13)) 1
((16,13)(15,9)) 47
((15,9)(16,12)) 19
((16,12)(15,13)) 5
((15,9)(13,9)) 52
((13,9)(19,15)) 2
((19,15)(19,15)) 270
((19,15)(16,13)) 21
((16,13)(15,14)) 12
((15,14)(15,14)) 108
((15,14)(14,7)) 1
((14,7)(14,7)) 102
((14,7)(15,9)) 16
((16,12)(17,18)) 3
((17,18)(17,18)) 101
((15,10)(15,9)) 15
((15,9)(15,10)) 12
((15,10)(5,9)) 1
((5,9)(5,9)) 12
((5,9)(15,13)) 1
((15,13)(15,10)) 1
((15,10)(15,12)) 3
((15,12)(15,12)) 406
((15,12)(15,10)) 2
((15,10)(14,4)) 1
((14,4)(14,4)) 34
((14,4)(13,5)) 2
((13,5)(13,5)) 76
((13,5)(15,10)) 1
((17,12)(17,12)) 84
((17,12)(16,12)) 9
((16,12)(16,13)) 48
((16,12)(17,12)) 8
((17,12)(18,11)) 2
((18,11)(18,11)) 164
((18,11)(17,12)) 1
((16,25)(16,23)) 7
((16,23)(16,23)) 150
((16,23)(13,21)) 3
((13,21)(13,21)) 11
((13,21)(16,23)) 4
((16,23)(15,27)) 6
((15,27)(15,27)) 252
((15,27)(15,29)) 2
((15,29)(15,29)) 23
((15,29)(16,25)) 4
((16,23)(15,29)) 3
((15,29)(16,23)) 1
((18,9)(13,9)) 13
((13,9)(18,9)) 15
((18,9)(16,11)) 7
((16,11)(16,11)) 213
((16,11)(15,11)) 9
((15,11)(18,9)) 2
((6,6)(6,6)) 146
((6,6)(11,10)) 7
((11,10)(11,10)) 177
((11,10)(6,6)) 6
((6,6)(16,12)) 1
((16,12)(6,6)) 2
((27,24)(27,24)) 140
((27,24)(17,13)) 6
((17,13)(17,13)) 296
((17,13)(16,13)) 55
((16,13)(16,11)) 7
((16,11)(16,13)) 17
((16,13)(18,13)) 5
((18,13)(18,13)) 199
((18,13)(27,24)) 4
((27,24)(18,13)) 4
((25,20)(25,20)) 92
((25,20)(19,15)) 6
((16,13)(25,20)) 13
((25,20)(16,13)) 9
((16,13)(9,11)) 11
((9,11)(9,11)) 188
((9,11)(9,8)) 13
((9,8)(9,8)) 82
((9,8)(16,13)) 1
((7,6)(7,6)) 270
((7,6)(4,8)) 5
((4,8)(4,8)) 287
((4,8)(7,6)) 5
((7,6)(12,12)) 1
((12,12)(12,12)) 73
((12,12)(6,10)) 1
((6,10)(6,10)) 217
((6,10)(7,5)) 1
((7,5)(7,5)) 8
((7,5)(7,6)) 3
((7,6)(6,10)) 1
((6,10)(11,11)) 16
((15,11)(9,7)) 1
((9,7)(9,7)) 88
((19,10)(19,10)) 32
((19,10)(13,9)) 4
((13,9)(15,9)) 49
((16,12)(13,9)) 6
((13,9)(19,10)) 4
((19,10)(18,9)) 4
((15,9)(18,9)) 50
((18,9)(16,2)) 1
((16,2)(16,2)) 234
((16,2)(15,2)) 3
((15,2)(15,2)) 4
((15,2)(16,2)) 2
((16,13)(15,15)) 8
((16,15)(15,15)) 8
((15,15)(16,13)) 7
((16,13)(17,13)) 61
((16,13)(14,14)) 3
((14,14)(14,14)) 101
((14,14)(14,15)) 7
((14,15)(14,16)) 5
((14,16)(14,16)) 41
((15,21)(15,21)) 36
((15,21)(14,12)) 3
((14,12)(13,19)) 1
((13,19)(13,19)) 37
((13,19)(15,21)) 1
((15,21)(17,22)) 1
((17,22)(17,22)) 28
((17,22)(16,21)) 1
((16,21)(16,21)) 5
((16,21)(14,12)) 1
((14,12)(15,21)) 4
((16,1)(16,1)) 213
((16,1)(16,2)) 6
((16,2)(16,7)) 1
((16,7)(16,13)) 1
((16,13)(13,12)) 17
((13,12)(13,12)) 630
((13,12)(10,11)) 8
((10,11)(10,11)) 121
((10,11)(10,12)) 2
((10,12)(10,12)) 7
((10,12)(11,12)) 1
((11,12)(11,12)) 19
((11,12)(11,11)) 2
((11,11)(10,10)) 23
((10,10)(10,10)) 213
((10,10)(17,13)) 1
((17,13)(18,11)) 2
((18,11)(18,9)) 4
((18,9)(15,9)) 37
((15,9)(16,1)) 6
((16,2)(16,12)) 7
((13,12)(19,11)) 1
((19,11)(19,11)) 112
((19,11)(21,10)) 5
((21,10)(21,10)) 90
((21,10)(15,9)) 10
((15,9)(16,2)) 9
((7,6)(9,4)) 6
((9,4)(9,4)) 158
((9,4)(9,8)) 2
((9,8)(11,10)) 1
((11,10)(16,9)) 2
((16,9)(16,9)) 119
((16,9)(15,8)) 1
((15,8)(17,8)) 1
((17,8)(17,8)) 12
((17,8)(17,7)) 2
((17,7)(17,7)) 17
((17,7)(17,8)) 5
((17,8)(18,9)) 1
((18,9)(19,10)) 1
((19,10)(21,8)) 1
((21,8)(21,8)) 3
((21,8)(18,9)) 1
((18,9)(18,11)) 4
((18,11)(14,9)) 1
((14,9)(14,9)) 133
((14,9)(14,10)) 5
((14,10)(14,10)) 139
((14,10)(16,12)) 1
((16,12)(20,9)) 2
((20,9)(20,9)) 35
((16,23)(15,12)) 1
((15,12)(15,11)) 13
((15,11)(15,12)) 17
((15,12)(16,14)) 1
((16,14)(16,14)) 131
((16,14)(16,13)) 5
((16,13)(16,23)) 4
((12,0)(13,0)) 27
((13,0)(13,0)) 233
((13,0)(12,0)) 27
((7,9)(7,9)) 41
((7,9)(6,10)) 4
((6,10)(6,9)) 15
((6,9)(6,9)) 48
((6,9)(13,14)) 1
((13,14)(14,12)) 6
((14,12)(6,10)) 8
((6,9)(7,9)) 3
((7,9)(6,7)) 2
((6,7)(6,7)) 75
((6,7)(6,8)) 7
((6,8)(6,8)) 30
((6,8)(7,9)) 2
((7,9)(6,9)) 5
((6,9)(6,10)) 15
((14,7)(13,9)) 3
((13,9)(13,12)) 14
((13,12)(13,9)) 5
((13,9)(14,8)) 9
((14,8)(14,8)) 76
((14,8)(14,7)) 3
((13,12)(14,11)) 11
((14,11)(14,11)) 225
((14,11)(13,9)) 13
((13,9)(14,7)) 1
((14,7)(15,13)) 6
((15,13)(14,7)) 5
((14,7)(13,2)) 1
((13,2)(13,2)) 14
((13,2)(14,7)) 1
((16,15)(10,13)) 3
((10,13)(10,13)) 29
((10,13)(13,12)) 5
((13,12)(16,15)) 4
((16,15)(13,12)) 4
((13,12)(10,13)) 4
((10,13)(16,15)) 2
((15,15)(18,20)) 5
((18,20)(18,20)) 54
((18,20)(15,15)) 8
((18,7)(18,7)) 36
((18,7)(18,9)) 2
((18,9)(12,9)) 3
((12,9)(13,10)) 6
((13,10)(13,10)) 306
((13,10)(13,9)) 12
((13,9)(18,7)) 1
((18,7)(13,9)) 1
((18,9)(18,7)) 3
((20,18)(20,18)) 83
((20,18)(20,17)) 3
((20,17)(20,17)) 5
((20,17)(26,23)) 1
((26,23)(26,23)) 16
((26,23)(20,18)) 1
((20,18)(16,13)) 1
((18,12)(20,18)) 1
((16,4)(16,4)) 157
((16,4)(11,11)) 3
((11,11)(16,4)) 2
((15,9)(16,4)) 6
((16,4)(16,2)) 5
((16,2)(16,4)) 4
((20,5)(20,5)) 68
((20,5)(15,9)) 8
((15,9)(15,15)) 3
((15,15)(20,5)) 4
((15,9)(20,5)) 6
((10,10)(12,11)) 9
((12,11)(12,11)) 351
((12,11)(10,10)) 8
((10,10)(18,9)) 3
((18,9)(12,11)) 2
((12,11)(15,13)) 4
((15,13)(11,11)) 1
((20,10)(20,10)) 77
((20,10)(15,9)) 2
((15,9)(20,10)) 2
((20,10)(14,8)) 1
((14,8)(13,9)) 10
((13,9)(11,13)) 2
((11,13)(11,13)) 44
((11,13)(20,10)) 1
((13,2)(6,10)) 1
((6,10)(13,12)) 6
((13,12)(13,6)) 1
((13,6)(15,9)) 4
((18,9)(15,12)) 8
((15,12)(14,12)) 24
((16,11)(16,12)) 9
((16,13)(11,11)) 24
((11,11)(11,10)) 16
((11,10)(16,13)) 5
((15,14)(16,13)) 9
((15,14)(18,20)) 1
((15,15)(15,14)) 9
((10,10)(15,9)) 7
((15,9)(10,10)) 11
((18,9)(20,7)) 8
((20,7)(20,7)) 32
((20,7)(13,9)) 1
((13,9)(20,7)) 2
((20,7)(18,9)) 10
((13,9)(12,9)) 18
((14,12)(14,13)) 18
((14,13)(14,13)) 356
((14,13)(12,11)) 2
((12,11)(11,10)) 4
((6,6)(13,12)) 1
((13,12)(18,17)) 1
((18,17)(18,17)) 18
((18,17)(16,13)) 1
((16,13)(14,13)) 10
((14,13)(13,9)) 6
((13,9)(14,9)) 19
((14,9)(15,12)) 1
((14,12)(18,17)) 1
((17,22)(15,10)) 1
((15,10)(15,7)) 1
((15,7)(15,7)) 29
((15,7)(15,8)) 6
((15,8)(15,12)) 2
((15,12)(17,22)) 1
((17,22)(15,7)) 1
((15,8)(15,10)) 2
((18,9)(18,10)) 36
((18,10)(18,10)) 166
((18,10)(15,12)) 1
((15,12)(14,10)) 2
((14,10)(14,11)) 6
((14,11)(15,9)) 9
((15,9)(17,22)) 1
((12,28)(12,28)) 116
((12,28)(14,13)) 8
((14,13)(14,12)) 33
((14,12)(12,28)) 4
((14,13)(16,11)) 4
((15,11)(12,28)) 1
((12,28)(14,11)) 1
((14,9)(12,28)) 1
((17,10)(17,10)) 49
((17,10)(19,11)) 1
((19,11)(18,10)) 1
((19,19)(19,19)) 5
((19,19)(20,18)) 4
((20,18)(19,18)) 6
((19,18)(19,18)) 85
((19,18)(19,17)) 6
((19,17)(19,17)) 56
((19,17)(19,15)) 6
((15,13)(16,12)) 1
((16,12)(15,10)) 6
((15,8)(16,13)) 2
((16,13)(19,18)) 4
((19,18)(15,10)) 1
((15,9)(14,11)) 8
((14,11)(17,10)) 1
((17,10)(18,12)) 1
((19,18)(19,19)) 1
((20,18)(19,15)) 1
((19,15)(18,13)) 13
((18,13)(16,13)) 8
((16,13)(18,10)) 2
((18,10)(18,9)) 40
((16,11)(15,12)) 9
((15,12)(16,12)) 28
((16,13)(19,17)) 3
((19,17)(19,18)) 3
((19,18)(20,18)) 5
((16,2)(16,0)) 6
((16,0)(16,0)) 50
((16,0)(15,2)) 1
((15,2)(13,9)) 2
((13,9)(16,2)) 8
((11,11)(13,9)) 9
((13,9)(13,7)) 5
((13,7)(12,3)) 1
((12,3)(12,3)) 19
((12,3)(13,2)) 1
((17,18)(12,28)) 1
((12,28)(16,23)) 1
((16,23)(17,18)) 5
((17,18)(16,23)) 1
((17,18)(16,12)) 3
((6,5)(6,5)) 20
((6,5)(9,4)) 1
((9,4)(6,5)) 1
((14,9)(15,10)) 1
((15,10)(14,12)) 2
((14,12)(14,9)) 1
((14,9)(15,9)) 10
((15,9)(14,9)) 14
((9,4)(10,1)) 14
((10,1)(10,1)) 271
((10,1)(9,4)) 13
((9,4)(10,3)) 1
((10,3)(10,3)) 1
((10,3)(10,1)) 1
((18,19)(18,19)) 52
((18,19)(16,11)) 5
((15,11)(18,19)) 4
((18,19)(16,13)) 2
((15,6)(15,6)) 56
((15,6)(15,8)) 4
((15,8)(13,11)) 1
((13,11)(13,11)) 186
((13,11)(16,8)) 2
((16,8)(16,8)) 74
((16,8)(15,8)) 5
((15,8)(15,6)) 2
((15,6)(15,5)) 1
((15,5)(15,5)) 9
((15,5)(15,8)) 1
((15,8)(16,8)) 3
((16,8)(13,11)) 6
((14,9)(13,9)) 18
((16,13)(8,10)) 8
((8,10)(8,10)) 151
((8,10)(16,13)) 6
((13,12)(3,7)) 2
((3,7)(3,7)) 82
((3,7)(4,8)) 8
((4,8)(8,10)) 4
((8,10)(3,7)) 1
((3,7)(10,1)) 1
((14,14)(12,16)) 3
((12,16)(12,16)) 88
((12,16)(14,14)) 1
((12,16)(16,13)) 1
((15,13)(14,14)) 5
((14,14)(14,9)) 1
((15,9)(14,12)) 7
((16,13)(13,10)) 3
((13,9)(12,0)) 2
((12,0)(15,12)) 1
((15,12)(12,0)) 1
((16,7)(12,0)) 1
((18,10)(10,1)) 2
((10,1)(12,3)) 1
((12,3)(15,9)) 5
((18,10)(15,9)) 2
((15,9)(11,11)) 18
((11,11)(14,12)) 10
((14,12)(14,7)) 1
((19,12)(19,12)) 47
((19,12)(15,14)) 1
((15,14)(19,12)) 1
((19,12)(16,13)) 2
((16,13)(19,12)) 2
((17,13)(15,13)) 7
((13,9)(15,11)) 4
((15,11)(13,9)) 5
((14,1)(14,1)) 4
((14,1)(15,12)) 3
((15,12)(12,11)) 7
((12,11)(15,12)) 5
((16,12)(16,2)) 6
((16,2)(15,1)) 7
((15,1)(15,1)) 16
((15,1)(16,2)) 7
((16,2)(13,9)) 7
((16,0)(16,2)) 4
((16,0)(16,1)) 3
((16,1)(15,9)) 6
((14,10)(16,0)) 1
((16,13)(13,5)) 4
((13,5)(14,7)) 1
((14,7)(13,5)) 1
((13,5)(16,12)) 1
((25,24)(25,24)) 5
((25,24)(27,24)) 5
((27,24)(25,24)) 3
((18,13)(15,9)) 4
((15,9)(15,12)) 7
((17,13)(27,24)) 10
((6,10)(8,10)) 3
((8,10)(11,11)) 11
((11,11)(7,9)) 1
((6,10)(16,13)) 5
((15,13)(11,10)) 1
((11,10)(7,9)) 2
((16,1)(16,0)) 2
((6,10)(14,12)) 7
((14,12)(9,11)) 3
((9,11)(6,10)) 5
((16,13)(14,12)) 39
((14,12)(5,14)) 3
((5,14)(5,14)) 64
((5,14)(6,13)) 1
((6,13)(6,13)) 1
((6,13)(15,12)) 1
((15,12)(16,13)) 13
((16,13)(16,5)) 1
((16,5)(16,5)) 39
((16,5)(15,5)) 4
((15,5)(16,5)) 3
((15,5)(14,5)) 1
((14,5)(14,5)) 30
((14,5)(15,6)) 2
((14,4)(15,9)) 7
((15,9)(13,10)) 10
((13,10)(15,9)) 10
((15,9)(14,4)) 7
((13,9)(15,13)) 6
((15,13)(13,9)) 5
((13,9)(6,3)) 1
((6,3)(6,3)) 2
((9,11)(10,10)) 2
((10,10)(11,10)) 5
((11,10)(10,10)) 16
((10,10)(9,11)) 10
((10,10)(6,10)) 3
((11,11)(9,11)) 20
((6,10)(7,8)) 7
((7,8)(7,8)) 34
((7,8)(6,10)) 6
((6,10)(4,8)) 4
((4,8)(6,10)) 5
((17,9)(17,9)) 257
((17,9)(15,9)) 11
((15,9)(17,9)) 12
((17,9)(22,6)) 1
((22,6)(22,6)) 8
((22,6)(16,9)) 3
((16,9)(17,9)) 23
((17,9)(16,9)) 22
((15,9)(12,9)) 13
((12,9)(11,10)) 10
((11,10)(12,9)) 5
((12,9)(11,9)) 3
((11,9)(11,9)) 64
((11,9)(13,9)) 1
((13,9)(16,9)) 2
((16,12)(15,9)) 23
((16,2)(16,13)) 3
((16,13)(14,10)) 4
((14,10)(13,10)) 3
((13,10)(14,11)) 2
((14,11)(15,11)) 2
((6,7)(4,8)) 5
((4,8)(3,7)) 13
((3,7)(2,8)) 8
((2,8)(2,8)) 14
((2,8)(1,9)) 4
((1,9)(1,9)) 26
((1,9)(3,7)) 4
((3,7)(4,9)) 1
((4,9)(4,9)) 108
((4,9)(4,8)) 23
((4,8)(6,7)) 2
((6,7)(6,6)) 2
((6,6)(7,6)) 10
((7,6)(6,6)) 8
((6,6)(3,7)) 1
((1,9)(4,8)) 1
((27,6)(27,6)) 39
((27,6)(17,13)) 3
((17,13)(27,6)) 4
((16,6)(16,6)) 184
((16,6)(16,1)) 6
((16,1)(16,6)) 4
((16,6)(15,9)) 3
((15,9)(16,6)) 5
((18,11)(15,9)) 8
((21,5)(21,5)) 17
((21,5)(18,9)) 1
((18,9)(21,5)) 2
((21,5)(15,9)) 1
((15,9)(21,5)) 1
((21,5)(11,10)) 1
((11,10)(18,9)) 2
((18,9)(19,7)) 2
((19,7)(19,7)) 19
((10,10)(11,13)) 2
((11,13)(12,7)) 1
((12,7)(12,7)) 75
((12,7)(15,11)) 1
((16,17)(16,17)) 37
((16,17)(14,8)) 2
((14,8)(15,9)) 9
((15,9)(16,17)) 7
((16,17)(15,9)) 3
((16,17)(14,9)) 1
((14,9)(16,17)) 1
((13,12)(12,11)) 7
((12,11)(14,12)) 11
((14,12)(17,13)) 9
((17,13)(12,11)) 2
((12,11)(13,11)) 5
((13,11)(13,12)) 14
((13,12)(14,12)) 18
((10,1)(17,18)) 1
((17,18)(15,9)) 1
((15,9)(10,1)) 8
((10,10)(10,11)) 15
((10,11)(10,10)) 3
((10,10)(11,11)) 16
((10,11)(11,11)) 10
((11,11)(12,11)) 23
((12,11)(12,10)) 1
((12,10)(12,10)) 5
((12,10)(11,11)) 1
((12,11)(14,11)) 2
((14,11)(13,14)) 2
((13,14)(14,11)) 2
((14,11)(11,11)) 2
((25,20)(8,10)) 1
((8,10)(28,21)) 1
((28,21)(28,21)) 18
((28,21)(26,19)) 1
((26,19)(26,19)) 2
((26,19)(18,13)) 1
((18,13)(19,11)) 3
((19,11)(25,20)) 1
((16,13)(19,15)) 14
((19,15)(16,12)) 1
((18,9)(21,10)) 8
((21,10)(16,13)) 5
((18,9)(16,13)) 18
((14,21)(14,21)) 15
((14,21)(14,13)) 3
((14,13)(13,12)) 4
((13,12)(6,10)) 2
((13,12)(14,13)) 4
((14,13)(14,21)) 4
((14,21)(6,10)) 3
((6,10)(14,13)) 2
((13,9)(15,6)) 1
((15,6)(16,6)) 1
((16,6)(15,6)) 7
((15,6)(15,9)) 8
((15,9)(15,6)) 7
((16,13)(15,12)) 6
((15,12)(15,13)) 7
((16,13)(18,15)) 2
((18,15)(18,15)) 7
((18,15)(16,13)) 1
((17,13)(18,14)) 3
((18,14)(18,14)) 54
((18,14)(18,15)) 1
((18,15)(19,15)) 2
((16,13)(19,16)) 1
((19,16)(19,16)) 15
((19,16)(18,13)) 1
((18,13)(15,13)) 1
((19,15)(19,16)) 2
((14,11)(19,15)) 8
((19,15)(20,15)) 8
((20,15)(20,15)) 22
((20,15)(19,15)) 7
((19,15)(14,11)) 7
((20,15)(14,11)) 1
((15,12)(18,11)) 3
((18,11)(15,10)) 1
((13,10)(16,25)) 4
((16,25)(13,10)) 4
((16,25)(15,23)) 1
((15,23)(15,23)) 1
((13,6)(13,5)) 2
((13,5)(15,12)) 1
((15,9)(13,5)) 6
((13,5)(16,13)) 5
((10,1)(15,9)) 6
((18,12)(26,7)) 3
((26,7)(26,7)) 137
((26,7)(20,10)) 3
((20,10)(18,12)) 2
((16,13)(26,7)) 14
((20,10)(16,13)) 4
((15,12)(14,11)) 4
((14,11)(18,9)) 1
((18,9)(14,11)) 1
((14,11)(15,12)) 5
((15,12)(13,12)) 1
((24,9)(24,9)) 49
((24,9)(18,12)) 2
((18,12)(14,12)) 1
((14,12)(13,10)) 5
((13,10)(14,12)) 7
((14,12)(18,12)) 3
((18,12)(24,9)) 1
((18,12)(13,10)) 1
((18,12)(5,13)) 1
((5,13)(5,13)) 41
((17,18)(17,17)) 2
((17,17)(17,17)) 3
((17,17)(16,13)) 1
((16,13)(18,14)) 9
((18,14)(16,13)) 5
((16,13)(17,18)) 5
((17,18)(16,13)) 6
((16,13)(18,9)) 19
((15,9)(18,10)) 4
((18,10)(18,11)) 2
((19,11)(17,12)) 8
((17,12)(19,11)) 5
((19,11)(23,10)) 2
((23,10)(23,10)) 70
((23,10)(19,11)) 1
((16,9)(12,9)) 5
((10,11)(2,7)) 5
((2,7)(2,7)) 7
((2,7)(10,11)) 1
((2,7)(17,9)) 2
((15,9)(14,10)) 6
((14,10)(15,9)) 7
((26,7)(17,13)) 3
((17,13)(17,12)) 2
((17,12)(17,13)) 1
((17,13)(15,9)) 7
((15,9)(21,10)) 5
((21,10)(26,7)) 4
((26,7)(15,13)) 1
((18,13)(20,26)) 1
((20,26)(20,26)) 1
((20,26)(21,20)) 1
((21,20)(21,20)) 47
((21,20)(16,15)) 1
((13,12)(10,5)) 1
((10,5)(10,5)) 57
((10,5)(9,7)) 3
((9,7)(7,7)) 1
((7,7)(7,7)) 72
((7,7)(16,15)) 1
((16,15)(13,13)) 1
((13,13)(13,13)) 59
((13,13)(14,12)) 4
((13,9)(13,10)) 10
((13,10)(13,11)) 11
((13,11)(12,9)) 4
((12,9)(9,7)) 1
((9,7)(13,11)) 1
((12,7)(9,6)) 1
((9,6)(9,6)) 33
((9,6)(9,11)) 1
((9,11)(10,5)) 2
((10,5)(11,6)) 3
((11,6)(11,7)) 3
((11,7)(11,7)) 3
((11,7)(12,7)) 1
((12,7)(11,6)) 2
((12,0)(16,13)) 3
((14,12)(15,9)) 13
((13,0)(15,9)) 2
((18,9)(13,0)) 1
((18,8)(18,8)) 8
((18,8)(18,9)) 1
((18,9)(19,15)) 3
((19,15)(18,12)) 5
((18,12)(13,12)) 1
((13,12)(18,9)) 8
((18,9)(18,8)) 5
((18,8)(19,15)) 2
((19,15)(18,9)) 4
((11,11)(8,10)) 10
((8,10)(18,9)) 2
((18,9)(8,10)) 2
((8,10)(4,8)) 4
((7,6)(8,6)) 4
((8,6)(8,6)) 6
((8,6)(7,6)) 3
((7,6)(8,10)) 1
((19,17)(15,13)) 6
((15,13)(19,17)) 5
((14,8)(12,7)) 1
((12,7)(15,9)) 3
((13,9)(12,7)) 10
((12,7)(12,5)) 1
((12,5)(12,5)) 31
((12,5)(12,6)) 1
((12,6)(12,6)) 25
((12,6)(12,7)) 3
((15,16)(15,16)) 93
((15,16)(15,9)) 1
((13,6)(15,16)) 1
((15,16)(17,21)) 5
((17,21)(17,21)) 62
((17,21)(15,16)) 6
((17,21)(17,22)) 8
((17,22)(17,21)) 6
((17,21)(16,23)) 7
((16,23)(13,26)) 6
((13,26)(13,26)) 65
((13,26)(14,25)) 2
((14,25)(14,25)) 22
((14,25)(16,23)) 3
((16,23)(17,21)) 4
((16,23)(17,22)) 2
((15,9)(15,13)) 4
((15,13)(17,13)) 6
((17,13)(17,14)) 2
((17,14)(17,14)) 29
((17,14)(16,14)) 9
((16,14)(16,15)) 4
((16,15)(16,14)) 4
((16,14)(17,13)) 3
((18,11)(15,13)) 1
((18,9)(14,12)) 15
((14,12)(13,9)) 11
((13,9)(14,13)) 3
((14,13)(16,13)) 12
((8,8)(8,8)) 23
((8,8)(12,11)) 6
((12,11)(6,10)) 3
((6,10)(8,8)) 1
((12,11)(7,8)) 1
((5,5)(5,5)) 10
((5,5)(13,10)) 5
((13,10)(6,6)) 3
((6,6)(5,5)) 2
((13,10)(12,9)) 4
((12,9)(16,13)) 5
((15,9)(6,10)) 2
((6,10)(5,5)) 1
((26,7)(13,12)) 10
((11,11)(26,7)) 2
((10,11)(13,12)) 4
((14,12)(16,13)) 28
((22,22)(22,22)) 15
((22,22)(16,23)) 1
((17,18)(15,14)) 1
((16,13)(14,8)) 1
((14,8)(16,13)) 4
((15,15)(17,18)) 5
((17,18)(18,20)) 2
((18,20)(17,21)) 3
((17,21)(20,20)) 1
((20,20)(20,20)) 1
((20,20)(16,13)) 1
((18,12)(18,11)) 17
((18,9)(18,12)) 7
((18,11)(18,12)) 13
((5,14)(13,12)) 5
((18,9)(15,11)) 3
((15,11)(15,10)) 5
((15,10)(14,10)) 3
((14,10)(14,9)) 4
((14,9)(16,11)) 2
((13,12)(13,11)) 13
((13,12)(5,14)) 5
((14,12)(15,27)) 8
((15,27)(14,12)) 7
((14,12)(14,10)) 4
((14,10)(14,12)) 3
((15,27)(15,9)) 1
((13,9)(15,12)) 6
((15,11)(15,15)) 1
((15,15)(15,27)) 3
((5,7)(5,7)) 50
((5,7)(3,10)) 1
((3,10)(3,10)) 2
((3,10)(4,7)) 1
((4,7)(4,7)) 8
((4,7)(5,5)) 1
((5,5)(4,7)) 1
((4,7)(5,7)) 3
((5,7)(6,2)) 2
((6,2)(6,2)) 3
((6,2)(4,7)) 1
((5,7)(5,6)) 1
((5,6)(5,6)) 11
((5,6)(6,2)) 1
((14,12)(4,8)) 5
((3,7)(14,12)) 1
((4,8)(14,12)) 3
((11,11)(16,13)) 20
((16,13)(27,21)) 14
((27,21)(27,21)) 90
((27,21)(16,13)) 10
((15,11)(14,11)) 4
((13,14)(10,13)) 1
((10,13)(11,13)) 3
((11,13)(15,9)) 1
((15,16)(15,15)) 6
((15,15)(15,16)) 7
((15,16)(15,8)) 1
((15,8)(15,15)) 1
((18,13)(18,9)) 12
((18,9)(17,9)) 10
((17,9)(18,9)) 12
((12,28)(16,12)) 1
((16,12)(13,12)) 1
((13,12)(12,28)) 1
((12,28)(14,12)) 1
((14,12)(4,6)) 1
((4,6)(4,6)) 6
((4,6)(12,28)) 1
((12,28)(4,6)) 1
((15,27)(16,25)) 5
((16,23)(14,20)) 1
((14,20)(14,20)) 12
((14,20)(13,19)) 1
((13,19)(13,18)) 3
((13,18)(13,18)) 21
((13,18)(15,12)) 1
((14,8)(10,1)) 2
((10,1)(9,1)) 2
((9,1)(9,1)) 3
((9,1)(10,1)) 1
((10,1)(14,8)) 3
((14,8)(13,10)) 1
((13,10)(15,12)) 2
((15,12)(13,18)) 1
((13,18)(16,23)) 1
((16,23)(14,28)) 1
((14,28)(14,28)) 22
((26,6)(26,6)) 28
((26,6)(21,10)) 2
((21,10)(18,9)) 6
((13,11)(14,11)) 12
((14,11)(13,11)) 9
((19,2)(19,2)) 4
((19,2)(18,9)) 2
((18,12)(19,11)) 3
((19,11)(17,10)) 1
((17,10)(19,1)) 3
((19,1)(19,1)) 21
((19,1)(16,11)) 3
((16,11)(16,10)) 2
((16,10)(16,10)) 61
((16,10)(17,11)) 1
((17,11)(17,11)) 10
((17,11)(16,11)) 1
((16,11)(19,2)) 1
((18,9)(17,10)) 5
((19,15)(14,12)) 1
((17,13)(21,20)) 5
((6,10)(10,10)) 2
((11,11)(6,10)) 7
((6,10)(7,9)) 3
((14,12)(15,13)) 8
((15,13)(6,10)) 1
((21,20)(17,13)) 1
((13,9)(16,13)) 17
((16,13)(21,20)) 2
((16,8)(16,9)) 5
((17,9)(16,8)) 1
((16,9)(16,8)) 3
((16,8)(16,7)) 7
((16,7)(16,8)) 3
((16,7)(13,12)) 5
((13,12)(15,8)) 3
((16,7)(14,12)) 1
((14,12)(16,7)) 3
((24,9)(14,25)) 1
((14,25)(13,26)) 6
((13,26)(26,7)) 5
((26,7)(24,9)) 6
((24,9)(26,7)) 6
((26,7)(14,25)) 4
((13,26)(24,9)) 1
((18,5)(18,5)) 61
((18,5)(19,7)) 1
((19,7)(17,10)) 1
((17,10)(18,10)) 4
((19,7)(18,5)) 1
((18,5)(18,9)) 6
((18,9)(17,13)) 4
((17,13)(16,14)) 3
((16,15)(19,15)) 2
((19,15)(16,14)) 2
((17,13)(18,12)) 1
((7,6)(7,7)) 7
((7,7)(6,7)) 2
((6,8)(6,7)) 3
((6,7)(7,6)) 6
((8,3)(8,3)) 45
((8,3)(15,9)) 5
((15,9)(8,3)) 5
((8,3)(12,7)) 1
((12,7)(8,3)) 1
((11,11)(3,7)) 1
((3,7)(7,6)) 1
((7,6)(12,0)) 2
((13,0)(16,2)) 1
((16,2)(13,0)) 1
((12,0)(10,1)) 1
((16,14)(13,14)) 1
((13,14)(15,13)) 1
((15,13)(14,12)) 11
((14,12)(15,11)) 8
((15,11)(16,11)) 6
((13,11)(14,13)) 2
((14,13)(15,13)) 13
((18,20)(15,16)) 3
((15,16)(14,12)) 2
((14,12)(18,20)) 3
((18,20)(14,12)) 2
((14,12)(13,13)) 6
((13,13)(18,20)) 1
((15,12)(4,8)) 1
((4,8)(4,9)) 25
((4,9)(15,12)) 3
((14,12)(4,9)) 2
((4,9)(13,12)) 2
((14,12)(13,12)) 15
((13,12)(11,12)) 1
((11,12)(14,12)) 1
((14,12)(12,14)) 2
((12,14)(12,14)) 26
((12,14)(11,16)) 1
((11,16)(11,16)) 1
((11,16)(9,16)) 1
((9,16)(9,16)) 8
((9,16)(16,18)) 1
((16,18)(16,18)) 1
((16,18)(14,12)) 1
((13,13)(12,13)) 2
((12,13)(12,13)) 3
((18,9)(14,9)) 3
((8,2)(8,2)) 15
((8,2)(9,4)) 3
((9,4)(9,11)) 4
((9,11)(13,12)) 8
((13,12)(12,12)) 12
((12,12)(15,9)) 2
((13,10)(8,2)) 1
((8,2)(13,12)) 3
((13,12)(13,10)) 6
((13,10)(9,7)) 1
((9,7)(10,5)) 3
((10,5)(8,2)) 1
((13,12)(15,9)) 13
((15,9)(12,4)) 2
((12,4)(12,4)) 4
((12,4)(11,2)) 1
((11,2)(11,2)) 30
((11,2)(15,9)) 1
((15,9)(13,12)) 10
((15,9)(12,3)) 3
((12,3)(11,2)) 3
((11,2)(12,5)) 1
((12,5)(15,9)) 7
((13,12)(12,3)) 1
((12,3)(6,10)) 1
((6,10)(8,7)) 1
((8,7)(8,7)) 12
((8,7)(13,9)) 1
((13,7)(12,5)) 1
((12,5)(11,2)) 2
((9,11)(9,10)) 2
((9,10)(9,10)) 20
((9,10)(10,10)) 5
((10,10)(9,10)) 4
((9,10)(9,7)) 1
((9,7)(7,6)) 2
((7,6)(9,10)) 2
((15,13)(16,1)) 1
((16,1)(13,9)) 1
((14,12)(16,12)) 5
((16,12)(16,11)) 11
((16,11)(15,10)) 2
((15,9)(16,8)) 10
((26,15)(26,15)) 2
((26,15)(26,17)) 2
((26,17)(26,17)) 7
((26,17)(25,14)) 2
((25,14)(25,14)) 44
((25,14)(26,14)) 4
((26,14)(26,14)) 13
((26,14)(26,17)) 2
((26,17)(27,15)) 3
((27,15)(27,15)) 3
((27,15)(25,14)) 2
((18,5)(17,10)) 1
((17,10)(12,16)) 1
((12,16)(12,28)) 8
((12,28)(12,16)) 8
((12,16)(18,5)) 1
((18,5)(12,12)) 1
((12,12)(13,12)) 10
((18,9)(18,5)) 5
((18,5)(16,6)) 1
((16,6)(16,5)) 4
((15,9)(16,0)) 1
((16,0)(17,13)) 1
((17,13)(21,10)) 3
((15,9)(15,3)) 1
((15,3)(15,3)) 4
((15,3)(16,2)) 2
((9,11)(11,11)) 23
((11,11)(7,6)) 1
((7,6)(11,11)) 1
((23,14)(23,14)) 12
((23,14)(21,14)) 7
((21,14)(21,14)) 22
((21,14)(15,15)) 5
((15,15)(15,19)) 5
((15,19)(15,19)) 18
((15,19)(15,13)) 6
((16,13)(23,14)) 5
((21,14)(19,15)) 8
((19,15)(14,8)) 2
((19,11)(19,12)) 6
((19,12)(19,11)) 4
((19,11)(18,12)) 1
((18,12)(18,13)) 8
((18,13)(17,13)) 4
((17,13)(19,11)) 1
((19,12)(18,10)) 1
((5,7)(20,10)) 2
((20,10)(21,10)) 5
((21,10)(5,7)) 2
((20,10)(11,11)) 5
((11,11)(5,7)) 4
((5,7)(4,7)) 1
((14,13)(12,12)) 3
((12,12)(14,11)) 2
((14,11)(14,13)) 3
((14,12)(12,12)) 6
((12,12)(14,13)) 6
((14,13)(16,12)) 2
((16,12)(14,13)) 2
((14,8)(18,10)) 1
((10,2)(10,2)) 158
((10,2)(7,6)) 6
((7,6)(13,12)) 6
((10,1)(10,2)) 10
((10,2)(10,1)) 8
((10,2)(5,7)) 1
((5,7)(10,2)) 1
((13,9)(23,10)) 2
((23,10)(24,9)) 1
((24,9)(11,14)) 1
((11,14)(11,14)) 73
((11,14)(18,9)) 2
((21,10)(24,9)) 3
((24,9)(21,10)) 2
((21,10)(11,14)) 1
((11,14)(21,10)) 1
((11,10)(15,9)) 2
((14,12)(15,15)) 3
((17,18)(15,27)) 1
((15,27)(17,18)) 1
((17,18)(15,15)) 2
((14,14)(14,13)) 9
((14,12)(19,7)) 3
((19,7)(19,0)) 1
((19,0)(19,0)) 36
((19,0)(13,9)) 1
((13,9)(19,0)) 1
((14,13)(14,14)) 9
((14,13)(15,16)) 7
((15,16)(14,14)) 2
((14,14)(15,15)) 3
((16,15)(14,16)) 1
((14,16)(15,16)) 3
((14,13)(13,18)) 1
((13,9)(14,12)) 11
((11,6)(13,9)) 6
((15,3)(13,9)) 1
((13,9)(10,7)) 1
((10,7)(10,7)) 2
((10,7)(15,3)) 1
((16,2)(16,23)) 1
((15,27)(12,28)) 2
((12,28)(15,27)) 3
((15,27)(13,9)) 1
((13,9)(16,7)) 3
((13,12)(8,11)) 10
((8,11)(8,11)) 38
((8,11)(13,12)) 8
((13,12)(26,7)) 2
((26,7)(14,12)) 1
((14,12)(26,7)) 1
((17,8)(16,8)) 3
((16,8)(17,9)) 3
((15,9)(17,7)) 3
((17,7)(15,9)) 4
((16,13)(18,11)) 3
((18,11)(19,9)) 1
((19,9)(19,9)) 11
((16,13)(13,11)) 1
((13,11)(16,14)) 1
((11,11)(10,11)) 3
((10,11)(13,9)) 2
((13,9)(11,11)) 8
((11,11)(5,14)) 2
((9,4)(9,7)) 3
((10,5)(11,5)) 2
((11,5)(11,5)) 23
((11,5)(11,4)) 2
((11,4)(11,4)) 7
((11,4)(13,9)) 1
((16,15)(15,28)) 3
((15,28)(15,28)) 32
((15,28)(16,25)) 2
((16,25)(16,15)) 1
((16,15)(15,27)) 1
((15,27)(16,15)) 3
((16,15)(11,6)) 7
((11,6)(15,12)) 1
((15,12)(13,9)) 5
((15,12)(14,13)) 6
((14,14)(18,9)) 1
((15,27)(15,15)) 4
((17,13)(15,27)) 1
((16,15)(12,11)) 1
((15,12)(16,7)) 1
((16,12)(15,15)) 2
((18,20)(16,25)) 2
((16,25)(16,26)) 1
((16,26)(16,26)) 2
((16,26)(15,26)) 1
((15,26)(15,26)) 12
((15,26)(16,26)) 1
((23,17)(23,17)) 3
((23,17)(19,15)) 1
((14,8)(23,17)) 1
((23,17)(21,20)) 1
((21,20)(22,21)) 1
((22,21)(22,21)) 2
((22,21)(22,22)) 1
((22,22)(21,20)) 1
((10,1)(12,6)) 3
((12,7)(9,4)) 1
((9,4)(7,5)) 1
((7,5)(4,8)) 1
((7,6)(7,5)) 2
((7,5)(5,7)) 1
((12,3)(18,9)) 1
((15,9)(13,7)) 1
((13,7)(15,9)) 3
((11,19)(11,19)) 85
((11,19)(18,19)) 1
((18,19)(15,14)) 1
((28,21)(27,24)) 3
((27,24)(15,12)) 3
((15,12)(13,10)) 1
((15,12)(19,15)) 4
((19,15)(27,24)) 4
((27,24)(28,21)) 3
((28,21)(15,12)) 3
((19,15)(27,21)) 2
((27,21)(28,21)) 3
((15,13)(11,12)) 1
((11,12)(9,10)) 1
((9,10)(6,8)) 5
((6,8)(5,8)) 4
((5,8)(5,8)) 12
((5,8)(15,13)) 1
((15,13)(9,10)) 4
((16,9)(18,13)) 1
((18,13)(16,5)) 1
((16,5)(17,4)) 3
((17,4)(17,4)) 10
((17,4)(15,9)) 1
((15,9)(20,9)) 4
((20,9)(19,9)) 2
((19,9)(18,9)) 4
((18,9)(16,9)) 1
((17,9)(13,19)) 1
((14,9)(14,8)) 1
((14,8)(14,11)) 1
((14,11)(12,14)) 1
((12,14)(11,14)) 3
((11,14)(13,14)) 2
((27,24)(27,21)) 4
((27,21)(27,24)) 3
((16,7)(13,9)) 4
((16,7)(16,25)) 1
((16,23)(12,16)) 1
((12,16)(11,13)) 1
((4,8)(9,7)) 1
((9,7)(15,13)) 1
((20,10)(18,13)) 2
((18,13)(19,14)) 1
((19,14)(19,14)) 2
((19,14)(19,17)) 1
((19,17)(21,10)) 1
((21,10)(17,13)) 5
((19,17)(18,9)) 1
((18,9)(18,13)) 11
((19,11)(21,11)) 2
((21,11)(21,11)) 7
((21,11)(20,10)) 3
((13,8)(13,8)) 52
((13,8)(13,6)) 1
((13,6)(12,0)) 2
((12,0)(13,1)) 2
((13,1)(13,1)) 5
((13,1)(12,1)) 4
((12,1)(12,1)) 24
((12,1)(16,13)) 1
((5,13)(7,12)) 3
((7,12)(7,12)) 10
((7,12)(9,16)) 1
((9,16)(12,16)) 2
((12,16)(20,14)) 1
((20,14)(20,14)) 12
((20,14)(23,14)) 1
((23,14)(24,14)) 1
((24,14)(24,14)) 16
((24,14)(27,14)) 1
((27,14)(27,14)) 3
((27,14)(28,14)) 1
((28,14)(28,14)) 34
((28,14)(29,13)) 2
((29,13)(29,13)) 33
((29,13)(30,13)) 2
((30,13)(30,13)) 6
((30,13)(15,13)) 1
((14,12)(12,11)) 4
((12,11)(20,14)) 1
((20,14)(20,11)) 1
((20,11)(20,11)) 7
((20,11)(19,11)) 3
((19,11)(15,13)) 1
((15,13)(15,14)) 1
((15,14)(16,14)) 1
((16,14)(17,14)) 10
((17,14)(21,11)) 1
((21,11)(19,11)) 1
((19,11)(14,14)) 1
((14,14)(14,12)) 5
((27,21)(14,12)) 2
((27,21)(21,15)) 1
((21,15)(21,15)) 8
((21,15)(20,16)) 1
((20,16)(20,16)) 11
((20,16)(27,21)) 1
((16,9)(13,9)) 3
((11,10)(11,11)) 10
((16,13)(13,9)) 8
((14,10)(16,6)) 3
((16,6)(16,13)) 5
((14,10)(16,11)) 1
((16,11)(16,6)) 1
((15,6)(11,14)) 1
((11,14)(13,12)) 1
((17,21)(17,13)) 2
((17,13)(19,15)) 6
((14,12)(16,25)) 4
((16,25)(17,21)) 5
((17,21)(16,25)) 2
((7,6)(14,12)) 5
((14,12)(15,12)) 16
((14,13)(7,6)) 2
((7,6)(14,13)) 1
((14,13)(12,9)) 3
((12,9)(6,6)) 4
((25,22)(25,22)) 85
((25,22)(25,21)) 3
((25,21)(25,21)) 33
((25,21)(27,21)) 1
((27,21)(25,21)) 1
((25,21)(25,22)) 3
((20,16)(17,13)) 1
((16,13)(16,14)) 4
((16,15)(18,17)) 1
((18,17)(19,18)) 1
((20,18)(21,20)) 2
((21,20)(20,18)) 1
((20,18)(20,16)) 1
((20,16)(19,15)) 1
((18,12)(17,12)) 1
((16,12)(15,12)) 18
((17,12)(18,12)) 2
((18,12)(19,15)) 4
((19,15)(20,16)) 1
((20,16)(20,17)) 1
((20,17)(20,18)) 3
((21,20)(23,21)) 1
((23,21)(23,21)) 67
((13,9)(14,6)) 2
((14,6)(14,6)) 42
((14,6)(13,6)) 3
((13,6)(15,12)) 1
((15,9)(14,6)) 7
((14,6)(16,12)) 1
((16,12)(14,12)) 3
((18,9)(20,10)) 1
((20,10)(19,10)) 2
((16,15)(19,17)) 1
((19,18)(23,21)) 1
((23,21)(26,20)) 1
((26,20)(26,20)) 3
((26,20)(23,21)) 1
((13,9)(19,1)) 1
((19,1)(15,9)) 2
((14,10)(15,11)) 2
((14,12)(14,11)) 6
((14,11)(13,10)) 1
((13,10)(18,6)) 1
((18,6)(18,6)) 23
((18,6)(19,1)) 1
((15,13)(14,10)) 3
((14,10)(13,9)) 9
((13,9)(22,4)) 4
((22,4)(22,4)) 34
((22,4)(14,10)) 2
((14,10)(15,13)) 1
((15,13)(18,19)) 1
((18,19)(15,13)) 2
((14,10)(18,19)) 3
((18,19)(14,13)) 1
((18,9)(21,20)) 1
((21,20)(22,22)) 1
((22,22)(22,21)) 1
((22,21)(21,20)) 1
((21,20)(18,13)) 3
((21,13)(21,13)) 25
((21,13)(19,15)) 1
((19,15)(17,13)) 6
((17,13)(13,12)) 5
((13,12)(7,11)) 1
((7,11)(7,11)) 15
((7,11)(11,11)) 2
((11,11)(18,13)) 2
((18,13)(19,15)) 10
((19,15)(21,14)) 3
((19,15)(13,12)) 3
((8,11)(7,11)) 3
((23,10)(21,10)) 7
((21,10)(23,10)) 6
((17,9)(18,10)) 2
((16,6)(14,9)) 7
((14,9)(16,6)) 7
((16,14)(13,9)) 8
((13,9)(16,15)) 3
((16,15)(15,14)) 1
((15,14)(16,12)) 1
((15,9)(13,3)) 4
((13,3)(13,3)) 40
((13,3)(12,0)) 1
((6,10)(4,9)) 7
((4,8)(10,1)) 4
((10,1)(4,8)) 6
((4,9)(6,10)) 8
((14,13)(6,10)) 3
((10,10)(10,9)) 1
((10,9)(10,9)) 17
((10,9)(10,10)) 1
((10,10)(4,9)) 1
((4,9)(7,11)) 1
((7,11)(8,11)) 3
((7,11)(5,12)) 1
((5,12)(5,12)) 4
((5,12)(5,11)) 1
((5,11)(5,11)) 15
((5,11)(6,11)) 2
((6,11)(6,11)) 34
((13,13)(18,9)) 1
((18,9)(19,11)) 4
((19,11)(16,11)) 1
((16,11)(13,14)) 1
((13,14)(11,14)) 1
((15,9)(14,13)) 4
((8,9)(8,9)) 20
((8,9)(16,14)) 5
((16,14)(8,9)) 2
((16,14)(15,15)) 2
((15,15)(17,13)) 1
((16,14)(7,9)) 1
((7,9)(8,9)) 1
((12,11)(16,13)) 10
((12,11)(11,11)) 15
((16,25)(15,15)) 7
((15,15)(16,25)) 8
((13,26)(13,21)) 2
((13,21)(27,18)) 1
((27,18)(27,18)) 12
((27,18)(13,26)) 1
((13,26)(28,11)) 4
((28,11)(28,11)) 17
((28,11)(28,14)) 2
((28,14)(28,15)) 2
((28,15)(28,15)) 3
((28,15)(28,11)) 1
((14,16)(14,13)) 1
((15,14)(17,18)) 1
((17,18)(17,21)) 1
((17,21)(16,13)) 3
((16,13)(13,17)) 1
((13,17)(13,17)) 13
((13,17)(14,16)) 10
((14,16)(13,17)) 6
((14,16)(14,15)) 2
((14,15)(15,12)) 3
((14,13)(14,16)) 1
((18,11)(12,12)) 5
((13,10)(14,9)) 1
((14,9)(18,11)) 1
((12,12)(12,18)) 1
((12,18)(12,18)) 22
((9,4)(11,6)) 1
((11,6)(12,7)) 1
((12,7)(12,6)) 2
((12,6)(13,5)) 1
((13,5)(12,7)) 6
((11,6)(9,4)) 2
((15,9)(20,7)) 1
((20,7)(20,6)) 8
((20,6)(20,6)) 25
((20,6)(16,11)) 1
((16,11)(14,13)) 6
((16,13)(14,20)) 1
((14,20)(16,11)) 1
((16,11)(21,5)) 1
((15,16)(14,13)) 6
((14,9)(14,13)) 1
((18,9)(14,13)) 3
((14,13)(18,9)) 2
((18,9)(12,16)) 6
((12,16)(11,14)) 1
((11,14)(12,16)) 2
((26,14)(25,14)) 6
((25,14)(19,15)) 3
((18,12)(18,9)) 2
((19,15)(25,14)) 1
((25,14)(24,14)) 3
((24,14)(18,13)) 1
((18,13)(26,14)) 1
((15,12)(9,11)) 1
((9,11)(9,7)) 1
((9,7)(4,5)) 1
((4,5)(4,5)) 37
((4,5)(9,7)) 1
((9,7)(9,11)) 3
((9,11)(11,14)) 3
((11,14)(11,13)) 1
((11,13)(9,7)) 1
((10,10)(11,14)) 2
((11,14)(15,9)) 2
((22,4)(18,9)) 4
((18,9)(22,4)) 5
((22,4)(22,5)) 1
((22,5)(22,5)) 1
((22,5)(22,4)) 1
((22,4)(16,13)) 2
((16,7)(16,6)) 4
((16,5)(15,9)) 7
((15,6)(13,6)) 2
((13,6)(13,7)) 2
((13,7)(11,2)) 2
((11,2)(13,7)) 1
((13,7)(13,6)) 2
((13,6)(14,6)) 2
((14,6)(15,6)) 3
((15,6)(13,7)) 2
((13,7)(15,6)) 1
((15,6)(7,2)) 2
((7,2)(7,2)) 46
((13,9)(9,8)) 4
((9,8)(13,9)) 2
((13,9)(9,7)) 8
((9,7)(9,8)) 5
((9,8)(9,11)) 9
((11,14)(9,11)) 1
((12,3)(14,11)) 1
((14,11)(14,12)) 11
((9,11)(9,4)) 1
((13,12)(9,4)) 1
((9,7)(13,9)) 9
((13,9)(21,10)) 2
((21,9)(21,9)) 4
((21,9)(22,6)) 1
((22,6)(20,9)) 1
((20,9)(16,12)) 9
((16,12)(15,8)) 1
((15,12)(20,9)) 5
((9,4)(7,2)) 7
((7,2)(9,4)) 6
((9,4)(15,12)) 1
((15,12)(11,6)) 2
((9,11)(8,10)) 5
((16,8)(13,12)) 3
((13,12)(16,8)) 3
((16,8)(15,7)) 2
((15,7)(13,12)) 2
((15,8)(15,7)) 7
((15,7)(11,10)) 1
((12,9)(15,9)) 12
((15,9)(15,7)) 2
((5,9)(4,9)) 10
((4,9)(14,13)) 2
((15,13)(14,13)) 10
((14,12)(7,7)) 4
((7,7)(4,9)) 1
((4,9)(5,9)) 10
((14,13)(4,9)) 3
((4,9)(17,13)) 2
((17,14)(17,15)) 1
((17,15)(17,15)) 12
((17,15)(17,13)) 1
((18,13)(19,12)) 1
((19,12)(18,13)) 1
((15,10)(16,12)) 5
((16,13)(14,9)) 4
((16,11)(15,9)) 4
((13,19)(14,13)) 8
((14,13)(13,19)) 6
((13,19)(13,20)) 1
((13,20)(13,20)) 2
((14,12)(3,7)) 3
((2,8)(4,8)) 4
((4,8)(4,11)) 2
((4,11)(4,11)) 6
((4,11)(4,9)) 2
((4,9)(15,9)) 1
((13,9)(16,25)) 1
((24,25)(24,25)) 14
((24,25)(17,13)) 2
((27,24)(24,25)) 6
((16,13)(27,24)) 2
((11,14)(12,14)) 1
((12,14)(12,16)) 1
((12,16)(13,15)) 1
((13,15)(13,15)) 6
((16,28)(16,28)) 23
((16,28)(15,27)) 6
((15,27)(16,13)) 5
((15,27)(16,28)) 6
((16,28)(16,13)) 1
((15,27)(18,20)) 4
((18,20)(15,27)) 4
((14,12)(10,10)) 2
((14,12)(19,0)) 2
((25,22)(16,23)) 1
((16,23)(18,24)) 3
((18,24)(18,24)) 6
((18,24)(24,21)) 1
((24,21)(24,21)) 36
((24,21)(25,22)) 6
((25,22)(24,21)) 6
((24,21)(16,23)) 6
((15,27)(21,10)) 1
((21,20)(24,21)) 2
((16,23)(24,21)) 7
((14,10)(15,7)) 1
((15,7)(14,10)) 1
((10,12)(13,12)) 2
((13,12)(16,13)) 22
((15,15)(13,12)) 2
((13,12)(11,10)) 2
((11,10)(16,4)) 1
((16,4)(15,9)) 9
((12,16)(14,11)) 1
((14,11)(14,10)) 3
((14,10)(11,10)) 1
((11,10)(12,16)) 1
((12,16)(15,11)) 3
((15,11)(12,16)) 3
((15,9)(11,14)) 1
((11,14)(10,10)) 2
((18,13)(18,12)) 8
((19,11)(18,13)) 1
((10,9)(11,9)) 7
((11,9)(12,9)) 7
((12,9)(10,9)) 3
((7,11)(6,9)) 1
((6,9)(16,13)) 1
((15,9)(15,14)) 1
((15,14)(15,9)) 1
((14,11)(15,10)) 3
((18,9)(16,12)) 7
((12,16)(11,19)) 1
((11,19)(11,14)) 1
((18,10)(15,13)) 4
((14,9)(18,9)) 1
((5,12)(5,13)) 1
((5,13)(5,12)) 1
((5,12)(6,12)) 2
((6,12)(6,12)) 2
((6,12)(7,11)) 1
((8,11)(12,11)) 1
((12,11)(13,12)) 6
((13,12)(5,13)) 3
((15,14)(15,15)) 6
((7,2)(16,11)) 2
((15,12)(7,2)) 2
((19,18)(12,11)) 3
((12,11)(19,18)) 2
((24,14)(19,15)) 5
((19,15)(13,11)) 3
((13,11)(15,11)) 3
((15,11)(13,11)) 2
((13,11)(19,15)) 1
((19,15)(21,13)) 3
((12,9)(18,9)) 4
((21,10)(12,9)) 3
((16,13)(21,10)) 6
((15,1)(15,9)) 1
((15,9)(10,11)) 4
((10,11)(12,9)) 2
((12,9)(16,1)) 1
((16,1)(15,1)) 3
((16,2)(16,3)) 2
((16,3)(16,3)) 17
((16,3)(16,4)) 3
((4,8)(11,11)) 4
((8,7)(11,10)) 1
((11,10)(12,11)) 2
((16,13)(11,10)) 6
((11,10)(7,6)) 1
((15,9)(18,13)) 7
((19,15)(24,14)) 3
((19,15)(16,15)) 5
((16,15)(15,12)) 3
((15,12)(14,7)) 3
((16,15)(14,14)) 1
((14,14)(15,12)) 2
((14,7)(21,10)) 1
((18,9)(14,7)) 1
((14,7)(16,0)) 1
((16,0)(15,6)) 1
((16,4)(12,1)) 1
((12,1)(16,4)) 1
((14,12)(18,14)) 1
((18,14)(14,9)) 1
((14,9)(18,14)) 1
((18,14)(18,9)) 1
((18,9)(18,14)) 1
((29,10)(29,10)) 24
((29,10)(15,13)) 7
((15,13)(29,10)) 5
((15,13)(14,11)) 1
((14,11)(29,10)) 1
((14,12)(29,13)) 2
((29,13)(19,15)) 5
((19,15)(14,13)) 3
((14,13)(29,14)) 1
((29,14)(29,14)) 1
((29,14)(13,10)) 1
((19,15)(29,13)) 6
((18,12)(15,8)) 6
((15,8)(13,10)) 4
((13,10)(13,12)) 3
((15,8)(14,11)) 1
((13,10)(15,8)) 1
((13,14)(14,15)) 3
((16,25)(12,9)) 1
((6,6)(12,11)) 1
((12,11)(16,25)) 1
((14,15)(13,9)) 1
((13,9)(6,6)) 3
((6,6)(7,7)) 1
((7,7)(16,25)) 1
((14,15)(15,15)) 2
((16,15)(14,13)) 1
((14,13)(15,17)) 1
((15,17)(15,17)) 9
((15,17)(16,15)) 1
((16,15)(13,14)) 1
((13,14)(13,15)) 1
((13,15)(14,14)) 1
((15,15)(14,14)) 2
((14,14)(16,15)) 2
((15,15)(15,17)) 1
((15,17)(15,15)) 1
((21,10)(15,10)) 1
((15,10)(15,13)) 1
((16,13)(23,10)) 4
((23,10)(16,13)) 4
((17,9)(14,12)) 3
((15,12)(17,9)) 1
((17,9)(10,10)) 1
((4,8)(16,13)) 1
((15,13)(8,5)) 1
((8,5)(8,5)) 11
((8,5)(13,9)) 1
((9,11)(16,13)) 5
((11,10)(12,10)) 1
((12,10)(12,9)) 3
((12,9)(12,10)) 3
((12,10)(11,10)) 1
((13,10)(12,5)) 1
((12,5)(14,8)) 1
((14,8)(14,12)) 2
((14,12)(9,16)) 2
((9,16)(11,12)) 1
((11,12)(14,9)) 1
((15,11)(13,10)) 1
((13,9)(9,6)) 1
((9,6)(13,9)) 2
((13,9)(13,8)) 20
((13,8)(9,6)) 1
((27,21)(15,9)) 1
((15,9)(27,21)) 1
((15,10)(15,6)) 1
((15,6)(15,10)) 1
((15,10)(16,13)) 1
((8,5)(7,6)) 1
((7,6)(12,11)) 5
((12,11)(4,8)) 4
((4,8)(8,5)) 1
((8,5)(9,4)) 2
((9,4)(10,5)) 7
((10,5)(12,11)) 1
((11,10)(9,9)) 1
((9,9)(9,9)) 32
((9,9)(7,6)) 1
((9,8)(12,11)) 2
((11,11)(7,7)) 2
((7,7)(7,6)) 7
((10,5)(9,8)) 2
((12,11)(7,6)) 4
((7,6)(8,5)) 1
((13,12)(11,11)) 5
((16,12)(22,7)) 1
((22,7)(22,7)) 7
((22,7)(17,12)) 1
((16,12)(18,11)) 1
((18,11)(17,11)) 2
((17,11)(17,12)) 3
((9,7)(6,6)) 1
((6,6)(9,7)) 2
((9,8)(9,7)) 6
((16,25)(13,21)) 1
((13,21)(15,29)) 1
((15,29)(14,12)) 1
((16,25)(15,29)) 2
((16,13)(12,11)) 2
((16,13)(14,11)) 3
((14,11)(12,11)) 2
((19,7)(16,11)) 1
((13,8)(13,7)) 2
((13,6)(14,5)) 3
((14,5)(18,9)) 1
((16,23)(14,12)) 6
((14,12)(16,23)) 6
((16,2)(15,9)) 12
((14,9)(13,8)) 1
((13,8)(18,9)) 1
((16,12)(13,11)) 2
((13,11)(16,11)) 1
((16,11)(18,9)) 2
((16,11)(14,11)) 2
((14,11)(14,8)) 2
((17,10)(16,11)) 1
((16,11)(17,10)) 1
((17,10)(18,9)) 5
((14,13)(9,11)) 1
((9,11)(15,13)) 1
((7,7)(13,12)) 5
((13,12)(7,7)) 6
((7,7)(9,11)) 1
((14,11)(13,12)) 3
((13,12)(9,11)) 3
((12,8)(12,8)) 20
((12,8)(12,5)) 2
((12,5)(12,7)) 2
((12,7)(12,8)) 3
((12,8)(12,7)) 1
((12,8)(13,9)) 2
((12,4)(12,1)) 1
((17,15)(15,13)) 1
((15,13)(13,12)) 4
((13,12)(16,14)) 1
((16,14)(15,13)) 3
((13,9)(17,13)) 2
((14,13)(17,15)) 1
((15,9)(17,13)) 1
((15,6)(16,25)) 1
((15,15)(16,12)) 3
((14,6)(15,9)) 4
((6,6)(13,9)) 2
((18,9)(11,10)) 3
((27,24)(16,25)) 4
((16,25)(18,13)) 2
((15,12)(27,24)) 1
((16,6)(15,10)) 1
((15,10)(16,6)) 1
((16,6)(16,8)) 1
((16,8)(16,6)) 1
((12,5)(12,4)) 2
((12,4)(12,5)) 1
((16,7)(11,4)) 1
((11,4)(12,5)) 1
((16,13)(9,7)) 1
((13,9)(14,10)) 6
((11,6)(16,15)) 6
((16,13)(15,27)) 3
((15,9)(13,8)) 1
((13,8)(13,9)) 14
((18,13)(17,9)) 1
((17,9)(16,10)) 5
((16,10)(17,9)) 4
((17,9)(18,13)) 1
((18,13)(25,20)) 1
((4,8)(16,10)) 1
((16,10)(14,12)) 1
((13,8)(16,13)) 2
((16,13)(15,11)) 3
((15,11)(14,12)) 2
((15,15)(11,11)) 4
((11,11)(15,15)) 3
((12,11)(15,15)) 1
((22,10)(22,10)) 23
((22,10)(15,12)) 1
((17,13)(22,10)) 2
((22,10)(13,11)) 1
((13,11)(22,10)) 1
((15,15)(15,13)) 1
((19,11)(11,11)) 2
((16,13)(19,11)) 2
((19,11)(14,11)) 1
((14,11)(19,11)) 1
((19,11)(15,11)) 1
((15,11)(19,11)) 1
((11,11)(19,11)) 1
((20,8)(20,8)) 20
((20,8)(18,9)) 4
((18,9)(20,8)) 4
((20,8)(15,9)) 2
((12,9)(20,8)) 1
((20,8)(12,16)) 1
((11,11)(14,13)) 2
((14,13)(11,11)) 1
((11,11)(5,13)) 2
((5,13)(5,14)) 2
((5,14)(5,13)) 1
((15,28)(19,12)) 1
((19,12)(16,14)) 1
((17,14)(17,13)) 4
((17,13)(19,12)) 2
((12,7)(12,11)) 1
((12,11)(13,9)) 4
((12,7)(5,14)) 1
((13,10)(15,14)) 1
((11,11)(13,12)) 8
((13,12)(13,19)) 1
((13,19)(14,21)) 1
((14,21)(15,12)) 1
((13,9)(13,11)) 2
((12,11)(19,10)) 1
((19,10)(15,12)) 2
((19,10)(18,11)) 1
((18,11)(15,12)) 1
((15,11)(19,10)) 1
((19,10)(15,9)) 1
((13,9)(17,9)) 4
((24,2)(24,2)) 94
((24,2)(16,0)) 4
((16,0)(24,2)) 4
((9,11)(13,10)) 1
((13,10)(8,10)) 1
((8,10)(9,11)) 4
((9,11)(10,11)) 3
((10,11)(11,14)) 1
((18,10)(13,11)) 1
((13,11)(13,9)) 4
((5,14)(6,6)) 1
((6,6)(5,14)) 1
((13,12)(17,13)) 4
((17,13)(6,6)) 1
((14,16)(16,7)) 1
((16,7)(16,2)) 7
((16,2)(16,8)) 1
((15,8)(16,12)) 4
((16,12)(14,14)) 1
((14,16)(14,14)) 1
((14,12)(14,14)) 2
((21,13)(21,14)) 5
((21,14)(11,10)) 1
((15,21)(15,22)) 1
((15,22)(15,22)) 2
((15,22)(14,12)) 1
((4,9)(15,22)) 1
((15,22)(16,21)) 1
((16,21)(15,21)) 1
((16,1)(16,13)) 2
((16,13)(16,2)) 2
((16,2)(16,1)) 6
((13,9)(14,11)) 6
((14,11)(16,11)) 1
((15,11)(16,7)) 1
((11,11)(11,12)) 1
((11,10)(13,9)) 6
((18,9)(20,9)) 2
((20,9)(9,8)) 1
((9,8)(10,9)) 2
((10,9)(18,10)) 1
((15,12)(15,9)) 7
((15,9)(19,10)) 1
((20,9)(14,12)) 2
((10,13)(22,7)) 1
((18,24)(16,23)) 3
((16,23)(16,13)) 1
((13,10)(16,12)) 1
((14,13)(16,23)) 1
((16,23)(13,9)) 1
((13,9)(16,11)) 2
((16,11)(6,6)) 2
((6,6)(16,13)) 2
((28,21)(27,21)) 2
((27,21)(27,23)) 1
((27,23)(27,23)) 1
((27,23)(28,22)) 1
((28,22)(28,22)) 6
((28,22)(27,21)) 2
((27,21)(28,22)) 3
((27,21)(20,11)) 2
((20,11)(27,21)) 1
((20,11)(19,15)) 1
((27,24)(27,22)) 1
((27,22)(27,22)) 2
((13,14)(7,9)) 1
((7,9)(13,14)) 1
((14,12)(7,9)) 1
((6,10)(13,14)) 2
((14,7)(14,8)) 5
((13,12)(14,7)) 1
((15,9)(14,7)) 9
((14,7)(13,7)) 1
((13,7)(13,9)) 2
((13,9)(11,10)) 8
((11,10)(10,11)) 1
((10,11)(14,12)) 2
((14,12)(10,11)) 1
((15,13)(16,15)) 1
((16,15)(13,9)) 1
((15,13)(15,12)) 6
((18,7)(20,10)) 1
((15,9)(18,7)) 1
((18,7)(19,6)) 1
((19,6)(19,6)) 3
((19,6)(18,6)) 1
((18,6)(15,9)) 1
((13,10)(7,6)) 3
((7,6)(5,7)) 2
((5,7)(7,6)) 5
((7,6)(13,9)) 1
((13,8)(13,10)) 2
((7,6)(12,9)) 1
((9,4)(8,3)) 3
((8,3)(13,9)) 2
((13,9)(7,6)) 4
((7,6)(13,10)) 1
((16,1)(12,1)) 1
((12,1)(10,5)) 1
((10,5)(8,7)) 2
((8,7)(8,8)) 1
((8,8)(10,5)) 1
((18,9)(16,8)) 1
((16,8)(18,10)) 1
((15,8)(11,11)) 2
((15,9)(7,9)) 1
((7,9)(9,9)) 2
((9,9)(9,6)) 1
((9,6)(6,10)) 1
((11,11)(20,7)) 1
((26,20)(25,20)) 1
((25,20)(12,9)) 1
((12,9)(26,20)) 1
((20,18)(14,11)) 1
((14,11)(20,16)) 1
((20,16)(20,18)) 1
((20,18)(11,14)) 1
((11,14)(11,5)) 1
((11,5)(25,17)) 1
((25,17)(25,17)) 5
((25,17)(20,18)) 1
((15,9)(10,13)) 1
((16,4)(13,2)) 1
((13,2)(15,9)) 2
((20,5)(13,11)) 1
((14,11)(15,15)) 1
((20,5)(15,15)) 2
((15,15)(15,9)) 1
((20,5)(14,10)) 1
((12,21)(12,21)) 75
((12,21)(9,6)) 1
((9,6)(12,21)) 1
((12,21)(16,13)) 1
((18,6)(12,11)) 1
((12,11)(18,9)) 4
((5,14)(24,5)) 1
((24,5)(24,5)) 2
((24,5)(20,3)) 1
((20,3)(20,3)) 1
((20,3)(21,1)) 1
((21,1)(21,1)) 1
((21,1)(18,9)) 1
((18,9)(10,10)) 1
((17,13)(18,9)) 2
((20,16)(18,12)) 1
((15,13)(18,12)) 2
((18,12)(20,16)) 1
((20,16)(14,13)) 1
((15,9)(18,11)) 4
((16,13)(17,21)) 1
((17,21)(11,14)) 1
((11,14)(12,17)) 3
((12,17)(12,17)) 3
((12,17)(11,14)) 1
((12,17)(11,12)) 1
((11,12)(11,14)) 1
((12,17)(12,16)) 1
((12,16)(15,13)) 1
((21,10)(20,10)) 2
((20,10)(16,12)) 2
((20,10)(20,9)) 1
((14,12)(20,9)) 1
((16,12)(19,7)) 2
((19,7)(20,9)) 1
((17,13)(11,11)) 1
((21,20)(27,24)) 1
((27,24)(16,13)) 3
((10,11)(5,13)) 2
((5,13)(15,12)) 1
((15,14)(14,9)) 5
((14,9)(15,14)) 4
((14,9)(15,15)) 1
((6,10)(15,12)) 2
((15,12)(6,10)) 1
((14,12)(7,10)) 1
((7,10)(7,10)) 3
((7,10)(15,12)) 1
((8,10)(6,10)) 5
((15,14)(16,11)) 2
((12,11)(12,12)) 4
((12,12)(12,11)) 7
((18,17)(16,14)) 4
((16,14)(18,17)) 4
((12,9)(20,7)) 1
((15,15)(20,7)) 1
((20,7)(20,8)) 2
((6,6)(5,6)) 6
((5,6)(6,6)) 6
((21,15)(16,13)) 2
((16,13)(21,15)) 1
((16,13)(20,15)) 1
((19,15)(17,15)) 2
((17,15)(10,5)) 1
((11,7)(16,7)) 1
((16,14)(16,12)) 1
((16,12)(17,14)) 1
((16,14)(6,11)) 1
((6,11)(5,11)) 1
((5,11)(4,10)) 4
((4,10)(4,10)) 13
((4,10)(4,9)) 1
((4,9)(21,16)) 1
((21,16)(21,16)) 1
((21,16)(16,14)) 1
((16,14)(11,14)) 1
((11,14)(14,14)) 1
((14,14)(18,13)) 1
((18,13)(13,12)) 1
((13,12)(4,8)) 7
((4,11)(4,10)) 1
((4,10)(15,13)) 1
((17,13)(13,9)) 1
((13,9)(18,14)) 1
((17,22)(15,9)) 1
((15,12)(16,23)) 1
((16,23)(15,7)) 2
((15,8)(16,23)) 1
((15,12)(15,7)) 1
((15,7)(16,23)) 1
((17,22)(18,24)) 1
((16,23)(16,12)) 1
((15,9)(9,5)) 1
((9,5)(9,5)) 1
((9,5)(15,13)) 1
((14,13)(12,28)) 5
((14,13)(15,11)) 1
((12,28)(13,26)) 4
((17,10)(15,9)) 1
((17,10)(14,12)) 1
((14,12)(17,10)) 1
((17,10)(17,9)) 1
((17,9)(17,10)) 1
((18,10)(17,10)) 2
((17,10)(20,8)) 1
((20,8)(18,10)) 1
((11,11)(4,9)) 3
((4,9)(11,11)) 1
((15,8)(20,18)) 1
((16,13)(19,13)) 1
((19,13)(19,13)) 12
((19,13)(19,18)) 1
((20,18)(19,19)) 2
((19,18)(19,15)) 1
((15,9)(20,18)) 1
((15,8)(18,12)) 1
((18,12)(17,13)) 2
((15,9)(19,18)) 1
((20,18)(18,11)) 1
((18,11)(17,9)) 1
((15,9)(16,9)) 2
((16,9)(18,9)) 1
((11,11)(14,9)) 1
((14,9)(12,5)) 1
((15,9)(12,5)) 3
((14,13)(7,7)) 2
((7,7)(14,13)) 4
((6,10)(5,13)) 1
((10,10)(13,9)) 3
((13,6)(13,9)) 3
((14,12)(13,3)) 1
((13,3)(14,7)) 1
((13,3)(15,9)) 2
((17,4)(16,11)) 1
((16,11)(17,9)) 1
((17,9)(17,4)) 1
((17,4)(14,11)) 1
((14,13)(17,4)) 1
((24,2)(14,13)) 1
((14,14)(15,9)) 1
((15,9)(24,2)) 2
((14,12)(22,4)) 2
((22,4)(13,9)) 1
((15,12)(11,5)) 1
((11,5)(14,11)) 1
((12,28)(13,21)) 1
((17,18)(14,28)) 3
((14,28)(12,28)) 4
((12,28)(14,28)) 2
((14,28)(17,18)) 2
((12,28)(14,25)) 1
((18,11)(20,9)) 3
((14,12)(12,16)) 2
((12,16)(12,18)) 5
((12,18)(12,16)) 3
((12,16)(17,9)) 1
((17,9)(12,18)) 1
((12,16)(16,11)) 2
((16,11)(12,16)) 2
((12,18)(14,12)) 1
((14,12)(16,11)) 1
((12,18)(16,11)) 1
((15,11)(15,9)) 3
((15,9)(16,11)) 2
((6,6)(6,5)) 1
((6,5)(7,4)) 1
((7,4)(7,4)) 1
((7,4)(6,5)) 1
((7,6)(10,1)) 1
((10,1)(6,6)) 1
((16,1)(14,12)) 1
((10,1)(10,0)) 5
((10,0)(10,0)) 16
((10,0)(9,4)) 1
((6,6)(4,8)) 2
((4,8)(6,6)) 1
((15,10)(18,19)) 2
((16,11)(18,19)) 2
((16,13)(18,19)) 1
((14,5)(13,9)) 3
((13,9)(13,6)) 3
((13,9)(14,5)) 3
((13,14)(11,11)) 1
((15,9)(18,6)) 5
((8,3)(7,5)) 2
((7,5)(4,6)) 1
((4,6)(7,5)) 1
((7,5)(9,3)) 1
((9,3)(9,3)) 11
((9,3)(9,4)) 1
((7,5)(8,5)) 1
((13,11)(15,6)) 4
((15,6)(16,8)) 3
((13,11)(15,9)) 3
((12,12)(16,14)) 1
((13,9)(15,8)) 2
((13,8)(14,12)) 1
((15,9)(14,8)) 5
((12,9)(16,11)) 1
((16,11)(11,9)) 1
((11,9)(11,10)) 3
((11,10)(16,12)) 2
((14,12)(11,10)) 2
((11,10)(14,12)) 1
((14,12)(9,7)) 2
((13,6)(16,2)) 4
((16,2)(15,8)) 1
((15,7)(16,7)) 1
((16,7)(13,6)) 1
((16,2)(13,6)) 1
((16,2)(17,9)) 1
((15,11)(12,0)) 1
((12,0)(13,6)) 1
((16,2)(15,7)) 1
((15,7)(13,6)) 1
((12,28)(9,11)) 2
((9,11)(14,12)) 3
((14,6)(4,5)) 3
((4,5)(13,11)) 1
((4,5)(14,6)) 2
((14,6)(15,11)) 1
((15,11)(4,5)) 1
((13,13)(11,11)) 1
((13,13)(13,12)) 1
((13,12)(13,13)) 2
((13,26)(14,27)) 2
((14,27)(14,27)) 5
((14,27)(13,26)) 1
((14,27)(15,27)) 1
((15,27)(17,21)) 2
((17,21)(15,17)) 1
((15,17)(17,21)) 1
((17,21)(15,28)) 1
((15,28)(14,27)) 1
((14,12)(11,11)) 6
((5,13)(14,13)) 2
((14,13)(10,11)) 1
((15,15)(19,15)) 1
((8,10)(14,12)) 2
((15,12)(8,10)) 1
((8,10)(4,9)) 1
((6,10)(5,12)) 1
((6,12)(8,10)) 1
((11,11)(4,8)) 3
((12,16)(17,13)) 1
((14,14)(15,11)) 1
((15,11)(11,11)) 1
((9,11)(14,14)) 1
((14,14)(16,14)) 1
((17,13)(17,9)) 2
((17,9)(18,1)) 2
((18,1)(18,1)) 18
((18,1)(17,9)) 2
((17,9)(13,9)) 5
((9,11)(15,9)) 2
((11,12)(12,11)) 2
((12,11)(11,12)) 2
((11,12)(10,11)) 1
((10,11)(13,11)) 1
((13,11)(11,11)) 1
((16,12)(12,13)) 1
((12,13)(20,15)) 1
((20,15)(16,11)) 2
((16,11)(20,15)) 2
((20,15)(18,14)) 1
((18,14)(16,12)) 1
((16,11)(18,13)) 1
((18,10)(9,4)) 1
((10,5)(9,11)) 2
((9,11)(11,13)) 2
((11,13)(9,11)) 2
((9,8)(9,4)) 2
((10,5)(10,4)) 1
((10,4)(10,4)) 8
((10,4)(10,5)) 4
((9,8)(11,13)) 1
((11,13)(9,9)) 1
((9,9)(9,10)) 1
((9,10)(10,4)) 1
((10,4)(7,2)) 1
((7,2)(10,4)) 1
((9,11)(4,8)) 1
((7,6)(9,7)) 3
((9,7)(13,10)) 1
((13,10)(11,10)) 1
((16,9)(15,9)) 2
((13,10)(11,9)) 1
((11,9)(15,12)) 1
((15,12)(6,6)) 1
((6,6)(10,10)) 1
((10,10)(16,12)) 2
((6,6)(13,10)) 2
((5,14)(6,14)) 1
((6,14)(6,14)) 2
((19,12)(15,13)) 1
((15,13)(19,12)) 1
((19,12)(13,12)) 1
((5,14)(14,12)) 1
((14,12)(19,12)) 1
((15,11)(17,13)) 2
((17,13)(15,12)) 1
((13,10)(15,11)) 1
((15,9)(28,14)) 1
((28,14)(13,9)) 1
((13,9)(28,14)) 1
((15,27)(14,28)) 1
((15,8)(14,4)) 2
((14,4)(15,8)) 1
((14,4)(16,13)) 1
((7,6)(14,1)) 1
((16,2)(12,11)) 1
((16,12)(16,1)) 1
((16,1)(14,1)) 1
((15,1)(14,1)) 1
((14,1)(16,1)) 1
((16,1)(15,12)) 1
((7,7)(13,9)) 1
((16,0)(16,4)) 4
((16,4)(16,0)) 2
((16,4)(16,12)) 1
((16,11)(16,0)) 1
((16,0)(15,1)) 1
((16,4)(14,12)) 1
((16,11)(16,7)) 1
((16,7)(16,0)) 1
((13,5)(14,12)) 1
((27,24)(22,22)) 1
((22,22)(24,21)) 2
((24,21)(26,23)) 1
((26,23)(24,21)) 1
((24,21)(22,22)) 1
((24,21)(25,24)) 1
((17,18)(16,17)) 3
((16,17)(16,16)) 2
((16,16)(16,16)) 8
((16,16)(15,16)) 1
((15,16)(16,16)) 2
((16,16)(17,18)) 2
((17,18)(16,15)) 1
((16,17)(15,16)) 1
((16,16)(15,15)) 1
((15,15)(17,17)) 1
((9,11)(8,11)) 2
((8,11)(9,11)) 2
((9,9)(7,9)) 2
((7,9)(9,10)) 1
((9,10)(7,8)) 1
((7,8)(7,9)) 2
((6,10)(18,12)) 1
((18,14)(19,13)) 1
((19,13)(18,12)) 2
((18,12)(21,10)) 1
((21,10)(19,13)) 1
((19,13)(18,13)) 2
((18,13)(16,14)) 1
((16,14)(12,12)) 1
((14,11)(19,13)) 1
((18,13)(19,13)) 2
((19,13)(12,9)) 1
((16,1)(10,10)) 2
((16,1)(16,7)) 2
((16,7)(14,13)) 2
((14,5)(16,2)) 3
((11,10)(14,9)) 1
((18,7)(17,6)) 1
((17,6)(17,6)) 17
((17,6)(16,7)) 1
((16,7)(18,9)) 2
((11,10)(9,7)) 2
((9,7)(18,6)) 1
((18,6)(18,7)) 1
((18,7)(18,6)) 1
((16,13)(6,10)) 5
((17,10)(16,12)) 5
((16,12)(17,10)) 4
((16,13)(26,6)) 1
((26,6)(28,15)) 1
((28,15)(28,16)) 2
((28,16)(28,16)) 4
((13,26)(15,27)) 1
((15,27)(13,26)) 1
((13,26)(12,28)) 1
((17,12)(17,11)) 5
((17,11)(19,11)) 3
((19,11)(20,11)) 2
((15,5)(16,13)) 1
((15,13)(15,5)) 1
((16,5)(13,12)) 1
((15,12)(15,5)) 1
((15,5)(12,11)) 1
((18,29)(18,29)) 44
((18,29)(14,20)) 4
((14,20)(18,29)) 4
((18,29)(14,13)) 1
((14,13)(18,29)) 1
((29,10)(16,13)) 1
((16,13)(19,27)) 1
((19,27)(19,27)) 1
((19,27)(15,27)) 1
((21,10)(11,10)) 1
((10,10)(21,10)) 2
((21,10)(10,10)) 2
((11,10)(11,9)) 2
((11,9)(21,10)) 1
((15,9)(13,11)) 2
((13,11)(13,10)) 7
((13,10)(16,13)) 2
((27,21)(15,13)) 1
((15,13)(14,8)) 1
((4,8)(7,8)) 1
((10,10)(7,8)) 1
((7,8)(11,11)) 3
((11,10)(7,8)) 1
((6,10)(17,13)) 2
((14,9)(22,6)) 1
((22,6)(17,9)) 1
((15,9)(22,6)) 1
((13,9)(22,6)) 1
((16,12)(15,11)) 3
((15,10)(16,2)) 1
((15,10)(15,11)) 2
((15,11)(20,10)) 1
((20,10)(16,2)) 1
((15,11)(17,14)) 1
((17,14)(16,12)) 1
((18,14)(19,15)) 2
((19,15)(13,13)) 1
((13,13)(14,13)) 2
((14,13)(13,13)) 2
((13,13)(16,13)) 1
((13,9)(9,4)) 2
((9,4)(13,9)) 3
((12,9)(12,0)) 1
((16,13)(12,9)) 1
((14,9)(12,0)) 1
((12,0)(12,9)) 1
((4,8)(2,8)) 2
((3,7)(6,7)) 1
((1,9)(7,6)) 1
((3,7)(1,9)) 6
((1,9)(6,6)) 1
((7,6)(6,7)) 5
((1,9)(6,7)) 1
((14,8)(11,10)) 1
((10,10)(13,10)) 1
((13,10)(14,8)) 1
((11,10)(14,8)) 1
((17,12)(16,13)) 1
((14,11)(16,13)) 3
((16,13)(17,12)) 1
((17,12)(28,14)) 1
((28,14)(19,15)) 1
((15,9)(27,6)) 3
((16,1)(12,9)) 1
((12,9)(14,12)) 1
((12,11)(16,9)) 1
((14,13)(15,9)) 2
((14,12)(9,2)) 1
((9,2)(9,2)) 3
((9,2)(15,8)) 1
((19,7)(15,13)) 1
((15,13)(19,7)) 1
((19,7)(15,9)) 1
((15,8)(12,9)) 1
((15,9)(13,19)) 1
((13,19)(16,12)) 1
((15,8)(14,6)) 2
((14,6)(15,8)) 1
((14,6)(14,7)) 2
((14,7)(15,8)) 1
((20,9)(15,12)) 2
((20,9)(15,9)) 2
((18,8)(17,7)) 1
((17,7)(18,9)) 1
((21,10)(18,13)) 1
((17,13)(14,12)) 5
((13,11)(19,11)) 1
((21,10)(14,12)) 1
((15,12)(17,13)) 1
((20,9)(18,11)) 2
((16,12)(13,5)) 1
((13,5)(20,9)) 1
((20,9)(16,7)) 1
((12,9)(11,6)) 1
((21,5)(16,11)) 1
((21,5)(10,10)) 1
((15,27)(15,13)) 2
((18,29)(23,10)) 2
((16,13)(18,29)) 1
((16,23)(18,29)) 1
((18,29)(16,23)) 1
((16,23)(26,7)) 1
((26,7)(23,10)) 3
((11,11)(17,13)) 2
((13,10)(14,13)) 1
((14,13)(16,10)) 1
((16,10)(16,13)) 1
((16,17)(15,15)) 3
((15,15)(14,12)) 2
((14,12)(16,17)) 1
((15,15)(16,17)) 1
((12,11)(17,13)) 2
((13,11)(12,11)) 2
((3,7)(13,9)) 1
((13,9)(3,7)) 1
((3,7)(13,12)) 1
((9,9)(10,10)) 1
((10,11)(16,13)) 1
((16,13)(9,9)) 4
((9,9)(15,12)) 1
((9,9)(15,9)) 1
((10,10)(9,9)) 1
((13,9)(9,11)) 1
((11,11)(9,10)) 1
((9,10)(15,11)) 1
((15,11)(15,13)) 2
((19,15)(15,13)) 2
((15,13)(19,15)) 1
((19,15)(15,15)) 1
((18,19)(14,11)) 1
((18,19)(15,11)) 3
((13,19)(14,19)) 2
((14,19)(14,19)) 2
((14,19)(13,19)) 1
((13,19)(15,12)) 1
((15,12)(13,19)) 2
((14,19)(12,21)) 1
((12,21)(14,25)) 1
((15,9)(16,5)) 5
((15,9)(15,29)) 1
((10,8)(10,8)) 9
((10,8)(9,8)) 2
((9,11)(17,13)) 1
((17,13)(9,11)) 1
((9,8)(10,7)) 1
((10,7)(9,8)) 1
((9,11)(17,18)) 1
((17,18)(11,11)) 1
((13,12)(14,21)) 1
((6,10)(14,21)) 1
((14,21)(15,21)) 1
((15,21)(17,23)) 1
((17,23)(17,23)) 3
((8,10)(9,9)) 2
((9,9)(16,14)) 1
((16,14)(8,10)) 1
((9,9)(13,12)) 1
((13,12)(8,10)) 2
((14,12)(9,9)) 1
((9,9)(13,9)) 1
((11,10)(8,10)) 1
((16,5)(15,6)) 2
((15,6)(16,5)) 1
((15,6)(13,9)) 2
((13,9)(11,19)) 1
((11,19)(9,16)) 1
((9,16)(15,9)) 1
((18,11)(17,10)) 1
((18,11)(16,12)) 1
((17,11)(18,11)) 1
((19,16)(18,16)) 1
((18,16)(18,16)) 2
((18,16)(19,16)) 1
((15,9)(6,6)) 1
((10,10)(12,9)) 2
((18,9)(4,8)) 1
((11,11)(12,9)) 3
((24,2)(26,6)) 1
((26,6)(24,2)) 1
((19,10)(14,13)) 3
((14,13)(19,10)) 5
((14,13)(15,12)) 4
((14,13)(18,10)) 1
((18,10)(14,13)) 1
((19,10)(4,8)) 1
((4,8)(13,9)) 1
((13,9)(4,8)) 1
((4,9)(16,13)) 1
((14,10)(14,15)) 1
((14,15)(14,10)) 1
((13,5)(15,9)) 2
((13,5)(13,6)) 3
((13,9)(10,5)) 2
((10,5)(13,9)) 3
((14,12)(14,4)) 1
((14,12)(13,5)) 1
((15,9)(29,10)) 2
((29,10)(26,11)) 1
((26,11)(26,11)) 1
((26,11)(19,16)) 1
((19,16)(14,13)) 1
((6,11)(6,9)) 1
((6,9)(6,11)) 1
((6,11)(7,12)) 1
((7,12)(8,10)) 1
((8,10)(7,12)) 1
((7,12)(6,11)) 1
((6,11)(6,10)) 1
((17,28)(17,28)) 19
((17,28)(18,14)) 1
((18,14)(21,20)) 1
((21,20)(18,14)) 1
((18,14)(17,28)) 1
((17,28)(21,20)) 1
((21,20)(21,25)) 1
((21,25)(21,25)) 4
((21,25)(18,14)) 2
((18,14)(15,11)) 1
((26,7)(18,12)) 3
((18,12)(20,10)) 2
((13,12)(18,12)) 1
((20,10)(26,7)) 1
((26,7)(26,6)) 1
((13,12)(15,13)) 5
((26,7)(16,13)) 3
((15,13)(23,10)) 1
((23,10)(26,7)) 5
((16,13)(17,14)) 5
((17,14)(26,7)) 1
((15,12)(15,8)) 1
((14,12)(19,11)) 1
((19,11)(19,10)) 1
((19,10)(9,11)) 1
((13,10)(12,11)) 1
((15,12)(18,12)) 1
((18,12)(12,11)) 1
((18,14)(14,13)) 1
((17,18)(15,13)) 1
((15,13)(16,14)) 6
((16,12)(22,4)) 1
((13,9)(12,8)) 1
((17,6)(16,6)) 2
((16,6)(20,7)) 1
((20,8)(17,6)) 1
((17,6)(15,9)) 1
((15,10)(20,8)) 1
((20,8)(16,6)) 1
((15,9)(11,10)) 2
((11,10)(17,6)) 1
((17,6)(13,3)) 1
((13,3)(17,6)) 1
((12,21)(15,11)) 2
((15,11)(12,20)) 1
((12,20)(12,20)) 4
((12,20)(12,21)) 2
((15,11)(12,21)) 1
((12,0)(18,10)) 1
((14,9)(11,10)) 1
((13,9)(18,12)) 1
((18,12)(6,10)) 1
((10,11)(16,9)) 2
((16,25)(21,25)) 1
((21,25)(19,18)) 1
((19,18)(18,16)) 1
((18,16)(15,13)) 1
((17,13)(26,7)) 2
((4,9)(4,11)) 1
((4,11)(16,13)) 1
((26,7)(25,7)) 1
((25,7)(25,7)) 1
((25,7)(26,7)) 1
((26,7)(13,9)) 1
((18,2)(18,2)) 21
((18,2)(17,9)) 9
((17,9)(12,11)) 3
((12,11)(17,9)) 3
((17,9)(18,2)) 8
((18,2)(12,11)) 1
((25,11)(25,11)) 13
((25,11)(15,9)) 2
((16,12)(25,11)) 1
((15,9)(24,11)) 1
((24,11)(24,11)) 9
((24,11)(15,9)) 1
((15,10)(24,11)) 1
((24,11)(25,11)) 1
((25,11)(15,10)) 1
((13,11)(14,12)) 3
((14,12)(12,9)) 2
((17,14)(15,10)) 1
((15,10)(13,12)) 1
((12,16)(18,9)) 4
((15,9)(13,0)) 1
((29,13)(22,10)) 1
((22,10)(22,11)) 1
((22,11)(22,11)) 2
((22,11)(20,14)) 1
((20,14)(19,15)) 1
((19,15)(21,20)) 1
((15,12)(18,9)) 4
((19,15)(19,14)) 1
((19,14)(19,15)) 1
((4,8)(4,10)) 3
((4,10)(4,8)) 1
((4,10)(4,11)) 1
((4,10)(5,11)) 2
((13,9)(8,10)) 2
((8,10)(13,9)) 2
((8,10)(7,6)) 1
((7,6)(4,9)) 2
((4,9)(8,10)) 1
((9,11)(12,14)) 1
((12,7)(16,13)) 3
((16,13)(12,7)) 3
((19,17)(5,13)) 1
((5,13)(19,17)) 1
((19,17)(5,14)) 1
((5,14)(16,13)) 1
((12,7)(13,9)) 5
((15,9)(12,7)) 1
((12,19)(12,19)) 5
((12,19)(13,19)) 3
((13,19)(12,19)) 2
((13,18)(13,19)) 1
((14,12)(26,6)) 2
((26,6)(17,13)) 1
((14,12)(21,10)) 2
((27,6)(14,12)) 1
((26,6)(11,19)) 1
((11,19)(26,6)) 1
((15,16)(15,12)) 1
((15,12)(15,15)) 3
((13,26)(12,21)) 1
((12,21)(11,19)) 3
((11,19)(17,21)) 1
((17,22)(16,23)) 2
((13,26)(17,21)) 1
((13,12)(11,14)) 1
((11,14)(10,13)) 1
((11,13)(16,13)) 1
((15,13)(16,17)) 1
((16,17)(15,17)) 1
((15,17)(17,18)) 1
((17,18)(17,14)) 1
((17,14)(15,13)) 1
((15,9)(19,1)) 1
((19,1)(15,8)) 1
((15,8)(19,1)) 1
((16,11)(11,5)) 1
((8,3)(15,12)) 1
((15,12)(8,3)) 1
((15,13)(8,3)) 1
((16,10)(15,9)) 1
((14,9)(16,10)) 1
((16,10)(16,11)) 2
((16,11)(13,11)) 1
((27,6)(21,10)) 1
((21,10)(19,10)) 1
((12,9)(13,13)) 2
((13,13)(13,10)) 3
((13,10)(13,13)) 3
((13,13)(12,9)) 1
((9,11)(9,6)) 1
((9,6)(16,13)) 1
((12,11)(8,8)) 2
((8,8)(6,10)) 1
((6,10)(12,11)) 1
((12,11)(9,9)) 2
((9,9)(8,8)) 5
((12,11)(9,11)) 1
((9,11)(12,11)) 1
((13,9)(8,8)) 1
((8,8)(3,10)) 1
((13,10)(5,5)) 2
((5,5)(6,6)) 1
((8,12)(8,12)) 3
((8,12)(10,11)) 1
((10,11)(9,11)) 3
((26,7)(10,11)) 1
((10,11)(26,7)) 1
((13,12)(21,13)) 1
((21,13)(17,13)) 1
((13,12)(11,13)) 1
((16,13)(13,14)) 1
((13,14)(16,13)) 1
((4,5)(6,6)) 1
((6,6)(4,5)) 1
((4,5)(10,5)) 1
((8,7)(7,6)) 1
((5,14)(11,11)) 2
((18,10)(16,13)) 2
((16,13)(11,19)) 1
((12,9)(14,9)) 1
((15,13)(18,20)) 2
((26,23)(11,11)) 2
((17,13)(26,23)) 1
((11,11)(26,23)) 1
((26,23)(16,13)) 1
((16,13)(26,23)) 1
((14,11)(13,18)) 4
((13,18)(13,11)) 2
((13,18)(14,11)) 1
((16,17)(18,20)) 1
((16,25)(13,12)) 1
((19,3)(19,3)) 5
((19,3)(19,7)) 1
((19,7)(18,9)) 2
((16,9)(19,3)) 1
((19,3)(18,9)) 1
((18,13)(19,19)) 1
((19,19)(18,20)) 1
((17,21)(15,13)) 1
((11,11)(16,15)) 1
((16,15)(15,13)) 1
((18,6)(19,3)) 1
((19,3)(19,0)) 1
((13,18)(13,10)) 3
((13,10)(13,18)) 2
((13,10)(12,19)) 1
((14,12)(13,14)) 2
((13,14)(14,14)) 3
((14,14)(13,14)) 2
((9,4)(15,19)) 1
((15,19)(15,17)) 1
((15,17)(9,4)) 1
((9,4)(16,13)) 1
((4,8)(7,10)) 1
((7,10)(15,8)) 1
((15,8)(4,8)) 1
((4,9)(16,17)) 1
((16,17)(16,23)) 1
((16,23)(15,13)) 1
((18,11)(16,13)) 3
((15,27)(15,26)) 1
((15,26)(15,27)) 1
((15,27)(16,12)) 2
((15,9)(15,27)) 1
((5,6)(6,3)) 1
((6,3)(7,2)) 1
((7,2)(5,5)) 1
((5,5)(5,6)) 2
((5,6)(5,5)) 1
((5,6)(4,7)) 1
((14,12)(11,12)) 1
((27,21)(11,19)) 1
((11,19)(10,19)) 3
((10,19)(10,19)) 5
((10,19)(11,19)) 3
((11,19)(27,24)) 1
((15,12)(15,25)) 1
((15,25)(15,25)) 5
((15,25)(16,23)) 2
((16,23)(16,25)) 2
((16,25)(15,12)) 2
((27,24)(21,20)) 1
((12,9)(16,15)) 1
((16,15)(18,10)) 1
((18,10)(13,8)) 1
((13,8)(14,8)) 4
((15,9)(10,9)) 1
((10,9)(11,10)) 1
((11,10)(13,7)) 1
((13,7)(12,9)) 1
((12,9)(13,6)) 1
((13,6)(12,9)) 2
((6,7)(5,8)) 1
((5,8)(5,7)) 1
((5,7)(6,7)) 1
((4,8)(5,8)) 1
((5,8)(4,8)) 1
((6,10)(11,10)) 1
((11,10)(19,10)) 1
((19,10)(24,7)) 1
((24,7)(24,7)) 7
((24,7)(23,7)) 1
((23,7)(23,7)) 3
((23,7)(22,8)) 1
((22,8)(22,8)) 18
((22,8)(22,9)) 1
((22,9)(22,9)) 8
((22,9)(21,10)) 4
((11,10)(10,9)) 1
((10,9)(9,9)) 2
((8,8)(7,8)) 1
((7,9)(11,11)) 1
((7,9)(21,8)) 1
((21,8)(7,9)) 1
((15,11)(13,3)) 3
((13,3)(13,2)) 2
((13,2)(12,1)) 1
((12,1)(12,0)) 4
((12,0)(13,3)) 1
((13,3)(15,11)) 4
((14,11)(15,13)) 2
((21,20)(13,3)) 1
((13,3)(14,4)) 1
((14,4)(14,7)) 2
((15,16)(16,13)) 2
((16,13)(15,16)) 3
((15,16)(15,13)) 2
((12,11)(13,10)) 1
((18,6)(20,5)) 1
((18,6)(19,6)) 1
((19,6)(20,5)) 1
((9,11)(7,6)) 1
((9,11)(14,8)) 1
((14,8)(10,10)) 1
((11,11)(18,29)) 1
((18,29)(11,11)) 1
((17,13)(14,13)) 2
((14,13)(11,19)) 1
((11,19)(15,9)) 1
((18,9)(11,11)) 2
((12,7)(13,5)) 6
((13,5)(12,0)) 7
((3,5)(3,5)) 26
((3,5)(13,12)) 1
((13,12)(3,5)) 1
((3,5)(4,6)) 1
((4,6)(3,5)) 1
((3,5)(16,13)) 1
((12,28)(12,9)) 1
((12,9)(3,5)) 1
((15,9)(17,18)) 1
((16,12)(11,2)) 1
((11,2)(10,1)) 1
((10,1)(13,7)) 1
((15,9)(11,2)) 3
((11,2)(9,1)) 1
((9,1)(10,0)) 1
((10,0)(10,1)) 7
((9,1)(15,15)) 1
((15,15)(18,19)) 1
((18,19)(15,27)) 1
((15,15)(10,1)) 1
((10,1)(15,27)) 1
((15,11)(13,7)) 1
((13,7)(10,1)) 2
((10,1)(9,0)) 1
((9,0)(9,0)) 1
((9,0)(14,8)) 1
((16,13)(17,29)) 1
((17,29)(17,29)) 2
((17,29)(16,24)) 1
((16,24)(16,24)) 2
((16,24)(27,24)) 1
((27,24)(26,24)) 1
((26,24)(26,24)) 1
((12,29)(12,29)) 16
((12,29)(13,12)) 3
((13,12)(12,29)) 1
((14,12)(12,29)) 1
((18,9)(5,14)) 1
((22,4)(13,10)) 2
((13,10)(22,4)) 1
((13,9)(6,10)) 2
((6,10)(26,6)) 1
((19,1)(18,4)) 1
((18,4)(18,4)) 3
((18,4)(18,6)) 1
((18,6)(19,2)) 1
((19,2)(18,6)) 1
((18,6)(16,11)) 1
((16,11)(19,7)) 1
((19,7)(19,1)) 1
((16,11)(17,11)) 1
((17,11)(18,9)) 1
((18,9)(19,2)) 1
((19,2)(17,10)) 1
((14,12)(7,6)) 6
((7,6)(10,10)) 2
((10,10)(14,12)) 1
((7,6)(4,7)) 1
((16,3)(16,7)) 1
((16,7)(16,3)) 1
((16,3)(15,9)) 2
((9,7)(11,8)) 1
((11,8)(11,8)) 12
((11,8)(13,9)) 1
((14,13)(17,9)) 1
((17,9)(16,0)) 1
((16,1)(18,4)) 1
((17,9)(16,7)) 4
((16,7)(17,9)) 2
((16,7)(16,9)) 1
((15,8)(16,7)) 1
((16,13)(30,13)) 2
((30,13)(21,14)) 1
((21,14)(20,15)) 2
((19,15)(30,13)) 1
((30,13)(16,13)) 2
((19,15)(28,14)) 2
((16,14)(13,12)) 2
((16,13)(6,9)) 2
((7,9)(4,8)) 1
((13,12)(16,7)) 1
((16,13)(16,7)) 2
((16,2)(16,6)) 2
((16,6)(16,7)) 5
((26,7)(13,26)) 1
((16,11)(18,5)) 5
((18,5)(16,11)) 4
((14,8)(13,8)) 3
((13,8)(12,0)) 3
((12,0)(14,8)) 1
((19,3)(13,9)) 1
((13,9)(18,6)) 1
((18,6)(13,9)) 1
((13,9)(11,5)) 2
((11,5)(13,9)) 7
((12,9)(19,0)) 1
((19,0)(11,6)) 1
((13,9)(12,11)) 2
((12,11)(11,5)) 1
((27,6)(26,7)) 3
((26,7)(24,21)) 2
((24,21)(26,7)) 2
((24,21)(18,12)) 1
((6,6)(6,7)) 1
((6,8)(7,6)) 2
((8,3)(11,4)) 1
((11,4)(11,5)) 1
((13,9)(7,2)) 2
((7,2)(14,11)) 1
((13,9)(10,10)) 2
((12,11)(18,10)) 1
((18,10)(12,11)) 2
((13,12)(18,10)) 2
((12,11)(18,11)) 1
((13,12)(9,9)) 1
((9,9)(16,15)) 2
((14,14)(17,14)) 1
((17,14)(15,14)) 1
((15,14)(13,13)) 1
((13,13)(16,14)) 1
((17,14)(13,15)) 1
((13,15)(22,18)) 1
((22,18)(22,18)) 1
((22,18)(15,13)) 1
((15,13)(13,13)) 1
((13,13)(15,13)) 1
((14,14)(15,13)) 3
((15,13)(17,14)) 1
((15,16)(13,12)) 2
((15,16)(11,11)) 1
((3,7)(11,11)) 1
((11,11)(18,20)) 1
((17,21)(18,20)) 1
((18,20)(13,26)) 1
((15,7)(16,14)) 1
((16,14)(15,8)) 1
((15,7)(11,2)) 1
((4,8)(13,12)) 6
((13,14)(12,14)) 2
((12,14)(14,13)) 5
((14,13)(12,14)) 3
((14,13)(14,15)) 1
((14,15)(14,13)) 3
((14,14)(12,14)) 2
((12,14)(14,12)) 1
((12,14)(11,12)) 1
((11,12)(9,16)) 1
((9,16)(14,12)) 1
((12,13)(12,14)) 1
((4,9)(12,11)) 1
((4,8)(12,11)) 2
((12,28)(11,29)) 1
((11,29)(11,29)) 1
((11,29)(16,13)) 1
((25,20)(15,14)) 1
((15,14)(5,14)) 2
((5,14)(25,20)) 1
((17,9)(15,13)) 1
((12,8)(13,10)) 1
((13,10)(11,8)) 1
((11,8)(13,10)) 1
((13,9)(18,13)) 2
((9,11)(12,12)) 1
((9,11)(8,2)) 1
((8,2)(9,11)) 2
((12,12)(9,9)) 1
((9,9)(9,4)) 1
((9,4)(8,2)) 1
((13,9)(8,2)) 1
((13,12)(8,2)) 1
((13,12)(10,10)) 1
((10,10)(13,12)) 1
((13,10)(12,12)) 1
((12,12)(9,11)) 1
((16,11)(14,12)) 1
((11,11)(16,11)) 1
((19,15)(25,20)) 1
((19,15)(27,18)) 1
((27,18)(19,15)) 1
((16,13)(28,14)) 2
((28,14)(27,18)) 1
((15,9)(11,5)) 3
((11,2)(12,3)) 4
((12,3)(13,7)) 1
((13,12)(12,5)) 1
((12,9)(13,12)) 1
((11,2)(13,12)) 1
((16,7)(16,12)) 2
((15,10)(16,7)) 1
((16,7)(16,11)) 2
((9,10)(9,11)) 1
((4,8)(18,13)) 1
((14,12)(13,11)) 1
((13,11)(8,9)) 1
((8,9)(6,8)) 1
((6,8)(4,7)) 1
((26,17)(25,17)) 2
((25,17)(26,17)) 2
((27,15)(25,17)) 1
((25,17)(19,15)) 1
((19,15)(26,15)) 1
((18,9)(13,12)) 3
((18,5)(13,12)) 1
((18,8)(18,5)) 1
((18,9)(12,12)) 1
((18,14)(14,8)) 1
((14,8)(12,6)) 1
((12,6)(15,9)) 1
((14,9)(16,13)) 3
((7,12)(11,8)) 1
((11,8)(12,9)) 1
((12,9)(11,8)) 1
((11,8)(9,7)) 1
((9,7)(7,12)) 1
((7,12)(11,9)) 1
((12,18)(12,21)) 1
((12,21)(12,18)) 1
((12,18)(13,15)) 1
((13,15)(13,14)) 1
((14,12)(12,21)) 1
((11,19)(12,19)) 1
((12,19)(12,21)) 1
((12,21)(5,13)) 2
((5,13)(12,21)) 1
((12,21)(13,19)) 1
((13,19)(12,21)) 1
((5,4)(5,4)) 7
((5,4)(6,10)) 1
((6,10)(6,6)) 1
((6,6)(5,4)) 1
((5,4)(6,6)) 1
((22,8)(18,9)) 1
((15,9)(22,8)) 6
((22,8)(15,9)) 5
((15,9)(16,3)) 1
((17,12)(16,11)) 1
((16,11)(17,12)) 1
((17,12)(12,3)) 1
((14,5)(13,6)) 2
((16,2)(14,12)) 1
((14,12)(6,6)) 1
((14,9)(12,9)) 1
((18,9)(20,6)) 1
((20,6)(12,3)) 1
((12,3)(14,8)) 1
((14,8)(20,6)) 1
((20,6)(19,7)) 2
((18,10)(20,6)) 1
((20,6)(13,9)) 1
((13,9)(10,1)) 1
((16,12)(11,11)) 1
((12,0)(9,11)) 1
((15,9)(16,10)) 1
((15,11)(16,10)) 1
((16,10)(19,11)) 2
((19,11)(16,10)) 1
((19,11)(8,2)) 1
((15,19)(21,14)) 1
((15,13)(23,14)) 1
((15,13)(15,19)) 1
((21,14)(15,19)) 1
((23,14)(16,13)) 1
((21,14)(22,14)) 1
((22,14)(22,14)) 3
((22,14)(23,14)) 1
((19,12)(15,8)) 1
((15,8)(19,13)) 1
((19,13)(19,12)) 1
((19,12)(15,9)) 1
((15,9)(19,12)) 1
((19,12)(19,13)) 1
((19,13)(19,11)) 1
((12,21)(13,12)) 6
((13,12)(12,21)) 4
((9,11)(13,6)) 1
((13,6)(16,10)) 1
((14,12)(16,1)) 2
((16,1)(12,11)) 1
((12,11)(11,19)) 1
((11,19)(12,16)) 1
((15,11)(16,1)) 1
((5,7)(11,11)) 4
((11,11)(20,10)) 5
((20,10)(5,7)) 1
((5,7)(4,8)) 2
((4,9)(4,7)) 1
((15,11)(18,10)) 2
((18,10)(13,12)) 1
((16,13)(25,18)) 1
((25,18)(25,18)) 3
((25,18)(24,19)) 1
((24,19)(24,19)) 1
((24,19)(16,13)) 1
((16,12)(22,6)) 1
((22,6)(16,12)) 1
((16,17)(16,13)) 2
((16,12)(10,1)) 1
((20,9)(13,9)) 1
((14,10)(19,11)) 1
((16,25)(15,13)) 1
((16,13)(16,24)) 1
((16,24)(16,11)) 1
((16,11)(16,23)) 1
((16,23)(11,11)) 3
((12,12)(14,12)) 1
((14,13)(14,11)) 2
((14,13)(17,13)) 1
((16,12)(17,13)) 2
((12,12)(16,13)) 1
((16,13)(3,7)) 2
((3,7)(18,10)) 1
((1,9)(2,8)) 1
((2,8)(3,7)) 3
((3,7)(16,13)) 1
((1,9)(2,7)) 1
((2,7)(3,7)) 2
((7,7)(18,9)) 1
((4,8)(18,10)) 1
((17,13)(16,12)) 2
((14,4)(14,3)) 1
((14,3)(14,3)) 3
((14,3)(14,4)) 1
((14,7)(14,4)) 1
((13,12)(10,2)) 1
((13,12)(6,6)) 2
((7,6)(10,2)) 3
((13,12)(7,6)) 2
((10,2)(13,12)) 1
((10,2)(10,5)) 1
((10,5)(9,4)) 2
((9,4)(10,2)) 2
((10,1)(10,5)) 1
((10,2)(9,2)) 1
((9,2)(10,2)) 1
((24,9)(16,13)) 1
((19,13)(24,9)) 1
((24,9)(15,9)) 1
((18,13)(14,12)) 2
((14,12)(19,15)) 3
((13,12)(20,19)) 1
((20,19)(20,19)) 2
((20,19)(20,18)) 1
((20,18)(17,13)) 1
((17,13)(20,19)) 1
((20,19)(19,15)) 1
((13,12)(14,10)) 1
((15,9)(5,10)) 1
((5,10)(5,10)) 3
((5,10)(4,9)) 2
((4,9)(5,11)) 1
((5,11)(4,11)) 2
((4,11)(4,8)) 1
((4,8)(6,8)) 5
((16,13)(13,13)) 2
((13,13)(17,14)) 1
((17,14)(27,21)) 1
((27,21)(28,20)) 1
((28,20)(28,20)) 3
((28,20)(16,14)) 1
((16,14)(28,20)) 1
((28,20)(27,24)) 1
((16,25)(12,28)) 1
((13,26)(14,12)) 1
((6,14)(13,12)) 1
((13,9)(16,14)) 6
((27,24)(15,15)) 1
((6,10)(10,11)) 1
((11,11)(16,25)) 1
((16,25)(18,20)) 1
((18,20)(11,11)) 1
((6,10)(5,11)) 1
((5,11)(15,15)) 1
((15,15)(10,11)) 1
((11,11)(17,18)) 1
((17,18)(9,11)) 1
((9,11)(17,22)) 1
((16,5)(13,9)) 1
((6,8)(4,8)) 4
((3,7)(2,7)) 1
((3,5)(4,5)) 1
((4,5)(6,4)) 2
((6,4)(6,4)) 4
((6,4)(4,5)) 2
((4,5)(13,9)) 1
((15,9)(14,5)) 1
((14,5)(15,4)) 1
((15,4)(15,4)) 1
((15,4)(15,3)) 1
((15,3)(12,0)) 1
((12,0)(5,4)) 1
((11,13)(12,14)) 2
((12,14)(11,13)) 2
((11,13)(13,9)) 1
((12,9)(10,10)) 3
((11,13)(22,11)) 1
((22,11)(24,5)) 1
((15,11)(17,28)) 1
((17,28)(16,23)) 1
((16,23)(14,9)) 1
((14,9)(15,11)) 1
((17,13)(21,15)) 1
((19,11)(24,11)) 1
((24,11)(19,11)) 1
((19,11)(13,11)) 1
((13,10)(4,9)) 1
((4,8)(24,9)) 1
((24,9)(13,9)) 1
((16,12)(16,7)) 1
((12,18)(15,21)) 2
((15,21)(13,21)) 1
((13,21)(12,18)) 1
((15,21)(12,18)) 1
((12,18)(14,21)) 2
((14,21)(12,18)) 1
((12,0)(13,5)) 5
((13,0)(12,7)) 1
((19,0)(18,9)) 6
((18,9)(19,0)) 5
((16,8)(18,6)) 1
((18,6)(19,0)) 1
((19,0)(18,5)) 1
((18,5)(16,5)) 1
((15,16)(12,28)) 2
((12,28)(15,16)) 2
((15,16)(18,20)) 1
((18,20)(17,18)) 1
((17,18)(15,16)) 1
((15,13)(15,16)) 2
((15,16)(14,16)) 2
((16,13)(20,16)) 1
((20,16)(16,13)) 1
((25,20)(24,21)) 3
((24,21)(25,20)) 4
((25,20)(27,24)) 2
((27,24)(25,20)) 1
((24,21)(27,24)) 1
((27,24)(24,21)) 2
((15,27)(17,28)) 7
((17,28)(15,27)) 6
((17,28)(17,29)) 1
((17,29)(18,29)) 1
((12,9)(14,13)) 2
((11,9)(14,11)) 1
((14,11)(11,9)) 1
((13,9)(11,9)) 2
((23,7)(15,8)) 1
((14,9)(16,1)) 1
((16,1)(17,1)) 2
((17,1)(17,1)) 4
((15,14)(19,15)) 1
((16,12)(17,11)) 1
((17,11)(15,9)) 1
((16,9)(16,10)) 2
((16,10)(13,9)) 1
((16,10)(18,10)) 1
((26,7)(8,11)) 2
((17,9)(18,6)) 1
((18,6)(17,7)) 2
((17,8)(17,9)) 1
((17,9)(17,7)) 1
((16,8)(17,8)) 1
((17,7)(16,8)) 1
((18,10)(17,8)) 1
((17,8)(18,6)) 1
((19,10)(17,9)) 1
((18,11)(14,12)) 1
((14,12)(19,9)) 1
((19,9)(15,12)) 1
((15,12)(19,10)) 1
((13,12)(16,25)) 1
((16,25)(6,10)) 1
((6,10)(16,17)) 1
((15,13)(6,9)) 1
((6,9)(14,8)) 1
((14,8)(8,10)) 1
((16,13)(12,8)) 2
((12,8)(16,13)) 1
((17,6)(17,13)) 1
((17,9)(17,6)) 2
((17,6)(15,13)) 1
((15,9)(17,6)) 1
((17,6)(16,10)) 1
((17,6)(17,9)) 1
((16,11)(12,14)) 1
((13,12)(9,7)) 1
((14,12)(11,19)) 1
((11,19)(14,12)) 1
((16,15)(19,18)) 1
((19,18)(15,29)) 1
((15,29)(11,6)) 1
((16,15)(15,29)) 3
((15,29)(16,15)) 1
((15,28)(16,15)) 3
((15,29)(15,28)) 2
((15,28)(15,27)) 2
((23,21)(17,21)) 1
((17,21)(23,21)) 1
((23,21)(16,23)) 1
((24,21)(16,13)) 1
((6,9)(17,3)) 1
((17,3)(17,3)) 1
((17,3)(15,9)) 1
((16,13)(16,6)) 4
((16,6)(6,11)) 1
((6,11)(13,9)) 1
((13,9)(16,6)) 1
((15,12)(14,15)) 2
((27,6)(8,10)) 1
((8,10)(17,13)) 1
((17,13)(26,6)) 1
((26,6)(27,6)) 2
((27,6)(15,9)) 2
((15,9)(26,6)) 5
((13,12)(8,9)) 1
((14,4)(16,12)) 1
((19,15)(13,9)) 1
((13,9)(14,4)) 1
((28,22)(13,12)) 1
((13,12)(27,21)) 1
((27,21)(13,12)) 1
((16,13)(23,17)) 1
((23,17)(27,21)) 1
((13,8)(15,13)) 1
((16,12)(19,15)) 5
((14,10)(14,14)) 1
((14,15)(13,8)) 1
((13,9)(14,15)) 1
((15,12)(13,8)) 1
((14,15)(13,15)) 1
((13,15)(14,15)) 1
((13,9)(13,15)) 1
((13,15)(13,9)) 1
((15,12)(15,27)) 1
((15,12)(18,20)) 1
((18,20)(15,13)) 1
((17,13)(6,9)) 1
((12,15)(12,15)) 4
((12,15)(13,10)) 2
((13,10)(12,15)) 2
((13,10)(18,10)) 1
((18,10)(13,10)) 1
((12,15)(14,12)) 1
((11,10)(12,15)) 1
((12,15)(13,13)) 1
((15,9)(17,21)) 2
((17,21)(15,9)) 2
((15,9)(16,25)) 1
((18,13)(18,11)) 1
((18,11)(18,13)) 1
((15,27)(11,11)) 1
((16,1)(15,27)) 1
((5,7)(10,1)) 3
((12,6)(10,1)) 2
((10,1)(5,7)) 1
((10,1)(7,7)) 1
((7,7)(10,1)) 1
((10,1)(13,6)) 1
((13,6)(12,6)) 1
((12,6)(5,7)) 1
((7,6)(12,6)) 1
((12,6)(13,6)) 1
((13,6)(10,1)) 2
((4,8)(7,5)) 1
((18,13)(16,3)) 2
((16,3)(18,13)) 1
((16,3)(16,13)) 1
((16,2)(15,27)) 1
((16,12)(15,27)) 1
((9,11)(13,9)) 1
((13,8)(11,10)) 1
((14,13)(13,8)) 1
((13,8)(11,11)) 1
((19,15)(28,21)) 1
((27,24)(19,15)) 3
((19,15)(15,12)) 2
((16,12)(27,24)) 1
((15,13)(11,19)) 1
((11,19)(26,19)) 1
((26,19)(27,21)) 1
((5,3)(5,3)) 1
((5,3)(9,6)) 1
((9,6)(10,4)) 1
((10,4)(12,7)) 1
((15,13)(15,11)) 1
((15,11)(10,4)) 1
((6,8)(16,13)) 1
((5,8)(16,13)) 1
((18,20)(16,23)) 2
((16,23)(18,20)) 2
((15,15)(16,23)) 1
((16,23)(15,15)) 1
((16,13)(23,21)) 1
((23,21)(15,12)) 3
((19,15)(23,21)) 2
((16,12)(23,21)) 2
((23,21)(27,18)) 2
((18,6)(18,9)) 3
((14,9)(18,6)) 1
((17,4)(16,9)) 2
((16,10)(16,9)) 1
((16,9)(16,5)) 1
((16,9)(18,10)) 1
((18,10)(16,9)) 1
((18,9)(12,5)) 1
((18,9)(19,9)) 2
((16,12)(4,8)) 1
((4,8)(17,13)) 1
((10,10)(18,10)) 1
((12,8)(15,9)) 1
((16,15)(14,8)) 1
((17,13)(14,8)) 1
((14,8)(16,15)) 1
((15,7)(15,9)) 2
((11,11)(16,23)) 3
((12,9)(26,6)) 1
((26,6)(15,9)) 5
((7,7)(4,8)) 2
((4,8)(7,7)) 1
((16,13)(17,10)) 1
((18,10)(15,11)) 1
((21,10)(15,11)) 1
((14,12)(13,0)) 1
((16,12)(12,0)) 1
((5,7)(9,3)) 2
((9,3)(5,7)) 1
((9,3)(6,7)) 2
((6,7)(9,3)) 2
((19,17)(18,13)) 3
((18,13)(19,17)) 3
((20,10)(17,13)) 2
((18,13)(20,10)) 2
((20,10)(21,11)) 3
((21,11)(19,17)) 1
((21,11)(21,10)) 1
((19,17)(16,13)) 1
((19,17)(20,10)) 1
((19,17)(19,16)) 1
((16,8)(16,11)) 3
((16,11)(16,8)) 2
((15,11)(16,8)) 3
((16,8)(15,11)) 2
((16,8)(18,9)) 2
((9,7)(9,6)) 1
((16,25)(27,24)) 2
((16,25)(15,28)) 1
((16,25)(15,27)) 4
((15,27)(15,28)) 1
((12,0)(12,1)) 4
((12,1)(13,1)) 2
((13,1)(13,8)) 1
((12,1)(13,8)) 2
((13,8)(12,1)) 1
((13,7)(13,8)) 1
((8,10)(10,10)) 2
((10,10)(8,10)) 1
((8,10)(10,1)) 1
((10,1)(9,2)) 1
((9,2)(8,10)) 1
((16,14)(16,11)) 2
((17,14)(18,14)) 1
((18,14)(16,14)) 2
((16,8)(18,12)) 1
((18,12)(16,8)) 1
((17,15)(19,15)) 3
((29,13)(28,14)) 1
((28,14)(28,11)) 1
((28,11)(14,11)) 1
((14,11)(17,15)) 1
((19,15)(15,11)) 1
((21,10)(24,8)) 1
((24,8)(24,8)) 3
((24,8)(25,9)) 1
((25,9)(25,9)) 2
((25,9)(27,6)) 1
((12,11)(16,12)) 3
((12,11)(10,11)) 1
((10,11)(5,11)) 1
((5,11)(5,13)) 1
((7,12)(11,11)) 2
((15,13)(20,14)) 3
((20,14)(19,13)) 1
((18,11)(18,10)) 1
((18,10)(19,9)) 1
((19,9)(20,8)) 1
((20,8)(20,7)) 1
((20,6)(21,5)) 1
((21,5)(22,4)) 1
((22,4)(22,3)) 1
((22,3)(22,3)) 3
((22,3)(24,2)) 1
((24,2)(26,5)) 1
((26,5)(26,5)) 2
((26,5)(26,6)) 1
((26,6)(26,7)) 1
((26,7)(27,9)) 1
((27,9)(27,9)) 1
((27,9)(28,11)) 1
((28,14)(27,14)) 1
((27,14)(26,14)) 2
((24,14)(23,14)) 1
((23,14)(22,14)) 2
((22,14)(21,14)) 2
((16,14)(15,14)) 3
((15,14)(15,13)) 3
((15,13)(12,11)) 3
((14,12)(21,14)) 1
((21,14)(21,11)) 1
((21,11)(15,14)) 1
((9,16)(8,12)) 1
((8,12)(7,8)) 1
((7,8)(5,13)) 1
((5,13)(15,13)) 1
((20,14)(15,13)) 1
((5,14)(7,12)) 1
((7,12)(8,12)) 1
((8,12)(11,11)) 1
((14,12)(5,13)) 1
((20,14)(24,14)) 1
((24,14)(29,13)) 1
((30,13)(27,14)) 1
((25,14)(23,14)) 1
((16,23)(27,18)) 1
((27,18)(26,18)) 1
((26,18)(26,18)) 1
((26,18)(16,13)) 1
((17,9)(16,13)) 2
((16,13)(20,7)) 1
((20,7)(19,15)) 1
((16,12)(21,8)) 1
((21,8)(20,7)) 1
((20,7)(16,13)) 1
((19,11)(20,7)) 1
((28,14)(16,13)) 1
((16,25)(16,13)) 2
((19,15)(16,25)) 2
((16,13)(16,25)) 3
((16,25)(14,12)) 2
((18,13)(16,25)) 1
((24,21)(20,17)) 1
((20,17)(14,12)) 1
((16,25)(11,10)) 1
((7,6)(15,12)) 1
((15,12)(14,14)) 2
((6,6)(14,13)) 1
((14,13)(6,6)) 2
((6,6)(12,9)) 2
((25,22)(21,20)) 2
((18,13)(13,9)) 1
((13,9)(25,21)) 1
((20,7)(21,7)) 2
((21,7)(21,7)) 2
((21,7)(20,7)) 1
((20,6)(12,16)) 1
((12,16)(10,16)) 1
((10,16)(10,16)) 1
((10,16)(9,16)) 1
((12,16)(17,10)) 1
((20,6)(20,7)) 6
((21,7)(18,10)) 1
((23,10)(24,2)) 1
((24,2)(26,7)) 2
((26,7)(24,2)) 3
((24,2)(23,10)) 2
((13,12)(15,11)) 1
((15,11)(13,12)) 1
((16,10)(18,9)) 1
((18,9)(16,10)) 1
((13,11)(27,12)) 2
((27,12)(27,12)) 7
((27,12)(13,11)) 2
((27,12)(14,11)) 1
((14,11)(27,12)) 1
((17,22)(13,13)) 1
((13,13)(17,22)) 1
((17,22)(15,15)) 1
((15,15)(14,13)) 3
((15,13)(17,22)) 1
((16,13)(15,8)) 1
((15,9)(17,12)) 1
((17,18)(15,11)) 4
((15,11)(17,18)) 4
((17,9)(14,13)) 1
((15,13)(18,9)) 1
((16,12)(13,14)) 1
((13,14)(15,12)) 1
((23,21)(27,24)) 4
((27,24)(23,21)) 4
((23,21)(24,21)) 1
((26,7)(27,6)) 1
((27,6)(26,6)) 1
((15,12)(23,21)) 1
((23,21)(25,17)) 1
((25,17)(23,21)) 1
((18,19)(14,10)) 4
((14,12)(18,19)) 3
((18,19)(14,12)) 1
((11,11)(18,19)) 1
((16,12)(9,11)) 1
((5,13)(5,11)) 1
((5,11)(11,11)) 1
((15,9)(18,14)) 1
((18,14)(13,9)) 1
((16,14)(14,11)) 1
((18,9)(16,7)) 1
((20,15)(13,16)) 1
((13,16)(13,16)) 3
((13,16)(19,15)) 1
((20,15)(14,13)) 2
((14,13)(20,15)) 1
((14,13)(19,15)) 2
((8,11)(21,13)) 2
((11,10)(10,8)) 2
((10,8)(11,10)) 1
((10,9)(11,11)) 1
((16,5)(16,6)) 4
((5,9)(5,13)) 1
((17,15)(16,17)) 1
((16,13)(17,15)) 1
((19,15)(16,17)) 1
((16,17)(17,15)) 1
((17,15)(16,15)) 2
((16,15)(15,16)) 1
((15,16)(16,17)) 1
((16,12)(17,9)) 1
((18,9)(27,6)) 1
((26,7)(18,24)) 1
((18,24)(17,23)) 2
((17,23)(19,18)) 1
((19,18)(18,13)) 1
((14,12)(16,14)) 1
((15,9)(16,14)) 1
((16,14)(12,11)) 1
((15,15)(18,24)) 1
((17,23)(15,16)) 1
((12,0)(14,11)) 1
((14,11)(12,0)) 1
((15,6)(14,5)) 1
((14,5)(15,9)) 1
((18,9)(16,4)) 1
((5,7)(15,15)) 2
((15,15)(5,7)) 2
((10,1)(13,10)) 1
((13,10)(15,15)) 1
((15,15)(5,14)) 1
((6,9)(7,8)) 1
((7,8)(9,11)) 1
((6,10)(4,5)) 1
((4,5)(8,7)) 1
((8,7)(7,8)) 1
((7,8)(8,7)) 1
((8,7)(9,7)) 1
((9,7)(9,4)) 2
((17,9)(17,8)) 1
((16,13)(20,10)) 2
((17,13)(20,10)) 1
((21,10)(17,9)) 1
((6,11)(10,0)) 1
((6,10)(5,10)) 2
((13,14)(18,9)) 2
((18,9)(13,14)) 2
((6,10)(9,11)) 1
((9,11)(12,16)) 1
((12,16)(13,12)) 1
((16,13)(10,11)) 1
((10,12)(12,21)) 1
((12,21)(11,21)) 1
((11,21)(11,21)) 1
((13,13)(9,16)) 1
((9,16)(17,13)) 1
((19,12)(18,9)) 1
((14,9)(13,27)) 1
((13,27)(13,27)) 1
((13,27)(13,14)) 1
((15,9)(12,12)) 1
((12,12)(11,12)) 1
((11,12)(8,11)) 1
((8,11)(5,11)) 1
((4,11)(5,11)) 1
((15,16)(17,15)) 1
((21,13)(22,13)) 3
((22,13)(22,13)) 3
((22,13)(21,13)) 2
((22,13)(16,15)) 1
((16,15)(21,13)) 1
((16,12)(20,10)) 1
((4,8)(11,6)) 2
((11,6)(4,10)) 1
((4,10)(11,6)) 1
((11,6)(4,9)) 1
((11,6)(10,5)) 1
((26,7)(26,5)) 1
((7,9)(16,14)) 1
((16,14)(11,4)) 1
((11,4)(16,14)) 1
((9,4)(9,9)) 1
((7,9)(14,13)) 1
((14,13)(16,14)) 1
((16,14)(11,11)) 1
((11,11)(9,9)) 1
((9,9)(24,14)) 1
((24,14)(11,10)) 1
((11,10)(8,9)) 6
((12,16)(14,15)) 1
((14,15)(12,14)) 1
((12,14)(14,15)) 1
((14,15)(12,9)) 1
((15,9)(14,15)) 1
((14,15)(10,11)) 1
((18,9)(17,12)) 1
((17,12)(18,9)) 1
((12,0)(16,6)) 1
((16,13)(12,0)) 1
((16,2)(14,5)) 1
((18,10)(13,9)) 1
((24,9)(24,8)) 1
((24,8)(24,9)) 1
((24,9)(24,7)) 1
((24,7)(24,9)) 1
((24,9)(20,10)) 1
((12,21)(12,16)) 1
((12,16)(11,9)) 1
((10,10)(12,12)) 1
((12,12)(11,19)) 1
((11,19)(12,21)) 2
((16,15)(11,8)) 1
((11,8)(9,9)) 2
((9,9)(15,16)) 1
((16,13)(16,15)) 2
((16,15)(9,9)) 2
((9,9)(11,8)) 1
((28,11)(14,25)) 1
((13,26)(27,18)) 1
((27,18)(28,11)) 1
((28,11)(13,26)) 3
((28,11)(27,11)) 1
((27,11)(27,11)) 1
((27,11)(28,11)) 1
((28,11)(26,7)) 1
((23,10)(17,13)) 1
((26,7)(28,11)) 1
((28,11)(19,11)) 1
((19,7)(22,4)) 1
((22,4)(14,12)) 1
((10,11)(15,12)) 1
((14,13)(17,28)) 1
((17,28)(16,11)) 1
((16,11)(13,12)) 4
((13,11)(17,28)) 1
((17,28)(12,9)) 1
((14,16)(15,12)) 2
((14,10)(11,6)) 1
((11,6)(13,17)) 2
((14,16)(11,6)) 4
((16,13)(14,16)) 1
((11,6)(16,13)) 2
((15,12)(14,16)) 1
((15,16)(13,17)) 1
((11,6)(14,16)) 1
((13,12)(18,11)) 1
((12,12)(18,11)) 2
((12,12)(13,9)) 1
((13,9)(18,11)) 1
((18,11)(12,18)) 1
((12,18)(18,11)) 1
((13,9)(17,18)) 1
((17,18)(13,9)) 1
((13,9)(15,10)) 1
((15,10)(14,9)) 1
((14,12)(15,25)) 1
((15,25)(14,25)) 1
((14,25)(14,12)) 2
((16,13)(13,21)) 1
((13,21)(14,25)) 1
((10,1)(23,7)) 1
((23,7)(15,9)) 1
((15,9)(10,0)) 2
((10,0)(15,9)) 1
((10,0)(13,14)) 1
((10,10)(10,4)) 1
((13,9)(10,4)) 1
((10,4)(11,5)) 1
((8,9)(11,10)) 4
((8,9)(7,9)) 1
((7,9)(8,10)) 1
((15,9)(12,1)) 1
((12,1)(15,9)) 2
((16,13)(12,1)) 2
((26,6)(14,12)) 1
((5,7)(16,8)) 1
((16,8)(5,7)) 2
((4,8)(5,7)) 1
((7,6)(16,8)) 1
((7,6)(15,9)) 1
((15,9)(7,7)) 1
((7,7)(5,7)) 1
((17,12)(25,11)) 2
((25,11)(17,12)) 2
((17,12)(12,11)) 1
((13,9)(19,7)) 1
((19,7)(20,6)) 1
((20,7)(15,8)) 1
((15,9)(20,6)) 3
((17,9)(15,8)) 1
((20,6)(18,9)) 1
((19,7)(13,9)) 2
((18,9)(19,6)) 1
((19,6)(19,3)) 1
((19,3)(18,7)) 1
((18,7)(19,7)) 1
((16,14)(28,14)) 1
((16,11)(13,9)) 1
((16,8)(15,9)) 2
((15,13)(17,9)) 1
((18,13)(20,9)) 1
((20,9)(21,10)) 2
((21,10)(22,10)) 2
((22,10)(25,14)) 1
((18,9)(25,14)) 1
((25,14)(22,10)) 1
((22,10)(19,15)) 1
((24,14)(25,14)) 1
((22,10)(23,11)) 1
((23,11)(23,11)) 1
((23,11)(24,12)) 1
((24,12)(24,12)) 1
((15,8)(13,9)) 1
((15,27)(16,23)) 3
((16,23)(14,25)) 3
((14,25)(12,28)) 2
((19,0)(15,9)) 2
((18,10)(22,4)) 1
((22,4)(14,13)) 1
((14,13)(22,4)) 1
((22,4)(16,11)) 1
((13,12)(18,13)) 1
((18,13)(14,15)) 1
((10,10)(16,5)) 1
((13,9)(16,5)) 1
((16,6)(10,11)) 1
((10,11)(16,14)) 1
((16,14)(16,5)) 1
((13,6)(15,6)) 1
((15,6)(14,6)) 1
((10,1)(12,1)) 1
((12,1)(14,6)) 1
((7,2)(15,6)) 1
((19,11)(18,9)) 3
((11,0)(11,0)) 10
((11,0)(15,9)) 2
((16,13)(11,0)) 1
((9,4)(5,8)) 1
((5,8)(9,4)) 1
((12,1)(17,21)) 1
((16,23)(14,13)) 2
((14,13)(13,10)) 1
((15,9)(9,7)) 1
((14,8)(19,13)) 1
((19,13)(21,13)) 1
((21,14)(10,5)) 1
((9,7)(15,9)) 1
((18,14)(9,7)) 1
((20,9)(22,7)) 2
((22,7)(21,9)) 1
((21,9)(22,7)) 1
((22,7)(20,9)) 2
((14,7)(13,6)) 1
((13,6)(20,9)) 1
((16,12)(20,8)) 1
((26,7)(20,18)) 1
((20,18)(14,14)) 1
((15,6)(16,4)) 1
((10,5)(7,2)) 1
((9,4)(15,9)) 1
((15,9)(18,1)) 1
((18,1)(18,2)) 8
((18,2)(18,1)) 6
((18,9)(18,1)) 1
((18,2)(19,1)) 1
((10,5)(25,20)) 1
((13,11)(16,13)) 1
((16,13)(28,20)) 1
((5,8)(4,5)) 1
((4,5)(16,13)) 1
((7,10)(11,11)) 1
((9,11)(19,7)) 1
((19,7)(11,10)) 1
((8,10)(12,11)) 1
((12,29)(28,14)) 2
((28,14)(12,29)) 1
((28,14)(30,13)) 1
((30,13)(12,29)) 1
((15,7)(16,8)) 2
((13,12)(15,10)) 1
((15,10)(16,8)) 1
((4,9)(7,6)) 1
((4,9)(7,7)) 2
((7,7)(15,13)) 1
((13,12)(4,9)) 1
((13,10)(18,9)) 1
((13,8)(17,9)) 1
((17,9)(13,8)) 1
((17,13)(18,13)) 1
((18,13)(21,20)) 1
((24,21)(27,18)) 1
((27,18)(24,21)) 1
((24,21)(18,13)) 1
((14,13)(13,20)) 1
((13,20)(13,19)) 1
((24,25)(27,24)) 4
((13,8)(10,10)) 1
((11,13)(10,10)) 1
((10,10)(12,7)) 1
((15,9)(19,15)) 1
((19,15)(20,18)) 1
((20,18)(15,9)) 1
((15,9)(13,13)) 1
((13,13)(14,25)) 1
((14,25)(15,25)) 1
((16,23)(15,9)) 1
((16,13)(17,28)) 1
((15,15)(16,11)) 2
((15,27)(16,11)) 1
((16,11)(15,27)) 1
((17,28)(16,28)) 1
((15,13)(16,23)) 1
((6,6)(16,11)) 2
((13,13)(16,11)) 1
((16,11)(4,5)) 1
((23,10)(24,8)) 1
((24,8)(18,9)) 1
((18,9)(24,7)) 2
((24,7)(18,9)) 1
((24,7)(24,14)) 1
((24,14)(24,7)) 1
((24,7)(20,16)) 1
((18,29)(14,11)) 4
((14,11)(18,29)) 3
((16,8)(18,29)) 1
((25,22)(27,20)) 1
((27,20)(27,20)) 1
((27,20)(27,22)) 1
((27,22)(25,22)) 1
((24,21)(21,20)) 1
((21,20)(14,13)) 1
((15,12)(25,22)) 1
((25,22)(26,23)) 1
((26,23)(25,22)) 3
((25,22)(28,16)) 1
((28,16)(21,20)) 1
((21,20)(26,23)) 2
((25,22)(14,25)) 1
((14,25)(26,23)) 1
((25,20)(11,19)) 3
((11,19)(14,9)) 1
((11,19)(25,20)) 1
((11,19)(11,18)) 2
((11,18)(11,18)) 2
((11,18)(11,19)) 1
((14,16)(16,21)) 1
((16,21)(15,26)) 2
((15,26)(16,21)) 2
((11,6)(11,5)) 1
((11,5)(10,5)) 1
((10,5)(11,3)) 1
((11,3)(11,3)) 14
((11,3)(12,3)) 1
((11,2)(11,3)) 1
((11,3)(11,6)) 2
((11,6)(11,3)) 3
((11,3)(11,5)) 1
((11,4)(11,3)) 1
((11,3)(10,5)) 1
((18,11)(13,12)) 1
((14,15)(14,14)) 2
((16,13)(17,9)) 1
((13,12)(11,19)) 1
((13,12)(12,20)) 1
((17,13)(4,8)) 1
((4,8)(9,4)) 2
((13,9)(21,20)) 1
((13,4)(13,4)) 48
((13,4)(13,3)) 4
((13,3)(13,4)) 3
((13,3)(13,5)) 1
((13,6)(14,7)) 2
((17,9)(14,6)) 1
((14,6)(13,4)) 1
((13,4)(13,6)) 1
((17,9)(13,3)) 1
((17,9)(13,4)) 1
((19,0)(16,9)) 1
((16,9)(13,10)) 1
((15,9)(18,0)) 1
((18,0)(18,0)) 2
((18,0)(19,0)) 2
((26,7)(28,14)) 2
((28,16)(24,2)) 1
((24,2)(19,0)) 1
((19,0)(18,0)) 1
((19,0)(16,1)) 1
((16,11)(12,11)) 1
((22,10)(17,9)) 1
((10,10)(7,6)) 1
((9,10)(11,11)) 1
((16,13)(10,12)) 1
((13,12)(10,12)) 1
((10,12)(10,11)) 1
((12,16)(14,12)) 1
((14,11)(12,16)) 1
((12,16)(16,23)) 1
((18,29)(16,11)) 5
((16,11)(18,29)) 5
((15,12)(16,11)) 1
((16,12)(14,11)) 1
((15,11)(17,12)) 1
((10,5)(12,7)) 2
((12,7)(10,5)) 2
((10,5)(9,6)) 1
((9,6)(10,5)) 1
((10,5)(11,11)) 1
((11,9)(10,9)) 3
((12,9)(23,15)) 1
((23,15)(23,15)) 2
((21,10)(19,11)) 3
((19,12)(21,10)) 2
((19,12)(22,9)) 2
((22,9)(19,12)) 1
((21,10)(19,12)) 2
((21,10)(22,9)) 2
((22,4)(21,3)) 5
((21,3)(21,3)) 5
((21,3)(22,4)) 4
((21,3)(18,9)) 1
((12,11)(7,11)) 1
((7,11)(8,10)) 2
((15,13)(7,11)) 1
((8,10)(7,11)) 2
((7,11)(16,13)) 1
((4,9)(13,10)) 1
((14,12)(12,18)) 1
((12,18)(18,9)) 1
((21,27)(21,27)) 3
((21,27)(16,14)) 2
((16,14)(21,27)) 1
((16,14)(19,17)) 1
((19,17)(21,25)) 1
((18,14)(13,18)) 1
((13,18)(15,14)) 1
((15,14)(16,15)) 1
((16,15)(21,25)) 1
((21,25)(21,27)) 1
((21,27)(11,12)) 1
((11,12)(16,15)) 1
((16,15)(14,25)) 1
((5,13)(13,12)) 1
((14,6)(12,0)) 1
((12,0)(14,6)) 1
((14,6)(15,12)) 1
((15,12)(14,6)) 1
((14,6)(10,10)) 1
((19,15)(19,17)) 1
((19,17)(15,27)) 1
((15,27)(19,17)) 2
((19,17)(16,23)) 1
((19,15)(15,27)) 1
((17,21)(17,18)) 1
((21,14)(24,14)) 1
((13,8)(16,12)) 1
((16,15)(21,14)) 1
((21,14)(16,15)) 1
((21,13)(14,16)) 1
((15,13)(13,11)) 1
((13,3)(14,13)) 3
((14,13)(13,3)) 3
((13,21)(16,25)) 1
((14,25)(15,27)) 1
((12,28)(16,13)) 1
((11,10)(9,8)) 2
((9,11)(11,10)) 1
((16,9)(14,10)) 4
((14,10)(16,9)) 3
((7,2)(15,11)) 1
((9,7)(11,9)) 1
((11,9)(9,7)) 1
((10,5)(11,9)) 1
((11,9)(9,4)) 1
((10,5)(11,10)) 1
((15,9)(3,5)) 1
((3,5)(13,9)) 3
((13,9)(3,5)) 4
((3,5)(14,9)) 1
((19,18)(19,16)) 1
((19,16)(19,18)) 1
((13,12)(19,18)) 1
((19,18)(15,13)) 1
((9,4)(12,1)) 1
((12,1)(10,4)) 1
((14,9)(16,7)) 2
((16,2)(14,9)) 2
((14,9)(16,2)) 1
((9,9)(16,13)) 1
((9,4)(15,8)) 1
((15,8)(18,9)) 1
((18,9)(9,4)) 1
((27,24)(16,12)) 1
((19,15)(16,11)) 1
((13,11)(13,13)) 1
((13,13)(13,9)) 1
((14,8)(19,15)) 1
((15,11)(10,13)) 1
((11,13)(7,2)) 1
((7,2)(19,15)) 1
((19,15)(23,15)) 1
((15,13)(10,5)) 1
((10,5)(15,13)) 1
((12,9)(21,10)) 2
((14,9)(21,10)) 1
((10,11)(16,2)) 1
((10,11)(16,1)) 1
((10,11)(15,1)) 1
((15,1)(10,11)) 1
((10,11)(15,9)) 2
((15,1)(16,1)) 1
((11,11)(13,8)) 1
((13,8)(14,5)) 1
((11,11)(16,2)) 1
((16,2)(13,8)) 1
((16,3)(16,2)) 1
((16,4)(16,3)) 3
((16,3)(16,1)) 2
((16,6)(16,2)) 1
((16,1)(16,4)) 2
((16,4)(16,1)) 1
((13,13)(13,14)) 1
((13,14)(12,16)) 1
((12,18)(11,19)) 1
((12,9)(11,11)) 1
((16,12)(23,10)) 1
((23,10)(16,12)) 2
((16,12)(23,9)) 1
((23,9)(23,9)) 7
((23,9)(23,10)) 1
((16,12)(25,9)) 1
((16,11)(22,3)) 2
((22,3)(16,11)) 1
((27,6)(15,12)) 1
((13,9)(10,11)) 1
((16,13)(14,15)) 1
((14,0)(14,0)) 1
((14,0)(12,1)) 1
((12,1)(13,0)) 2
((13,0)(14,7)) 1
((14,7)(12,1)) 1
((12,11)(9,8)) 1
((9,8)(9,9)) 1
((12,11)(16,1)) 1
((16,1)(14,9)) 1
((14,9)(10,9)) 1
((9,9)(16,1)) 1
((16,1)(9,9)) 1
((8,8)(9,9)) 1
((9,9)(12,11)) 1
((8,8)(16,1)) 1
((16,1)(8,8)) 1
((8,8)(24,14)) 1
((29,13)(14,7)) 1
((29,13)(28,16)) 1
((28,16)(25,22)) 1
((14,7)(16,4)) 1
((16,4)(18,4)) 1
((18,4)(19,4)) 1
((19,4)(19,4)) 1
((19,4)(20,5)) 1
((20,5)(14,6)) 1
((21,20)(15,9)) 1
((15,9)(21,20)) 1
((12,0)(13,2)) 1
((13,2)(12,0)) 1
((12,1)(13,2)) 1
((13,2)(13,6)) 1
((16,4)(16,13)) 1
((15,9)(12,18)) 1
((12,18)(16,13)) 1
((16,13)(16,4)) 2
((14,11)(16,4)) 1
((15,9)(16,15)) 1
((16,15)(16,13)) 2
((16,4)(17,8)) 1
((17,8)(16,6)) 1
((16,6)(16,4)) 1
((19,15)(18,14)) 1
((18,14)(14,12)) 1
((18,14)(13,12)) 1
((13,12)(18,15)) 1
((18,15)(18,14)) 2
((18,14)(17,13)) 1
((17,13)(18,15)) 1
((13,5)(13,7)) 1
((13,7)(13,5)) 1
((13,5)(21,10)) 1
((12,7)(11,11)) 1
((15,13)(27,6)) 1
((27,6)(29,10)) 1
((29,10)(28,10)) 1
((28,10)(28,10)) 1
((13,10)(18,12)) 1
((18,12)(19,12)) 1
((26,7)(21,10)) 1
((19,12)(18,12)) 1
((15,13)(8,10)) 1
((9,11)(5,14)) 1
((6,6)(16,25)) 1
((13,14)(16,15)) 1
((14,12)(16,15)) 1
((15,15)(14,10)) 1
((13,10)(14,14)) 1
((14,11)(16,12)) 1
