(16,12): 0.012
(18,12): 0.011
(16,25): 0.006
(16,13): 0.059
(14,12): 0.038
(12,0): 0.009
(17,18): 0.003
(15,10): 0.001
(17,12): 0.004
(15,29): 0.003
(18,9): 0.041
(6,6): 0.008
(18,13): 0.006
(25,20): 0.004
(9,8): 0.006
(9,7): 0.01
(16,2): 0.006
(17,13): 0.017
(14,16): 0.004
(15,21): 0.002
(20,9): 0.003
(16,23): 0.003
(6,10): 0.009
(14,7): 0.004
(16,15): 0.007
(18,7): 0.002
(20,18): 0.003
(16,4): 0.005
(20,5): 0.003
(20,10): 0.001
(15,14): 0.005
(10,10): 0.005
(18,17): 0.002
(17,22): 0.005
(12,28): 0.003
(18,10): 0.01
(16,0): 0.003
(13,2): 0.001
(6,5): 0.002
(14,9): 0.002
(9,4): 0.006
(15,6): 0.006
(13,9): 0.036
(10,1): 0.009
(15,9): 0.062
(15,13): 0.011
(15,1): 0.003
(27,24): 0.004
(7,9): 0.003
(16,1): 0.004
(6,3): 0.001
(7,8): 0.002
(16,9): 0.002
(15,11): 0.003
(27,6): 0.003
(16,6): 0.006
(16,7): 0.012
(19,7): 0.002
(16,17): 0.003
(11,11): 0.019
(14,21): 0.002
(19,16): 0.003
(19,15): 0.005
(15,23): 0.001
(13,5): 0.003
(26,7): 0.007
(5,13): 0.007
(18,11): 0.002
(23,10): 0.005
(2,7): 0.002
(13,11): 0.004
(11,7): 0.001
(8,10): 0.007
(12,7): 0.005
(15,16): 0.006
(5,5): 0.001
(5,14): 0.008
(15,27): 0.006
(6,2): 0.002
(15,15): 0.008
(4,6): 0.001
(14,28): 0.002
(19,1): 0.004
(21,20): 0.008
(24,9): 0.003
(8,6): 0.001
(14,14): 0.002
(18,20): 0.002
(13,12): 0.01
(12,13): 0.001
(11,2): 0.003
(16,8): 0.002
(25,14): 0.002
(16,5): 0.001
(9,11): 0.004
(4,7): 0.004
(10,2): 0.002
(19,0): 0.004
(13,18): 0.003
(19,9): 0.001
(16,26): 0.001
(5,7): 0.002
(28,21): 0.001
(5,8): 0.002
(14,8): 0.004
(11,13): 0.002
(12,9): 0.013
(27,21): 0.005
(25,22): 0.003
(23,21): 0.003
(19,10): 0.002
(14,13): 0.007
(6,11): 0.002
(13,14): 0.003
(8,9): 0.003
(21,10): 0.007
(28,11): 0.001
(13,17): 0.001
(12,18): 0.001
(21,5): 0.001
(12,16): 0.003
(26,14): 0.001
(22,4): 0.003
(7,2): 0.004
(15,7): 0.002
(15,12): 0.008
(13,20): 0.001
(24,25): 0.002
(13,15): 0.001
(16,28): 0.002
(19,18): 0.002
(21,13): 0.002
(7,6): 0.007
(18,14): 0.003
(29,10): 0.002
(29,13): 0.002
(13,8): 0.001
(8,5): 0.001
(17,9): 0.005
(7,7): 0.001
(12,1): 0.001
(17,15): 0.001
(11,10): 0.007
(12,4): 0.001
(22,10): 0.002
(19,11): 0.006
(19,12): 0.002
(24,2): 0.004
(11,14): 0.002
(14,6): 0.002
(22,7): 0.001
(13,26): 0.005
(27,22): 0.001
(10,11): 0.002
(13,10): 0.005
(10,5): 0.003
(20,7): 0.002
(26,20): 0.001
(15,8): 0.005
(5,6): 0.001
(13,7): 0.002
(17,4): 0.001
(16,11): 0.003
(14,5): 0.001
(18,6): 0.003
(13,6): 0.001
(4,5): 0.002
(13,13): 0.003
(14,27): 0.001
(4,8): 0.006
(16,14): 0.004
(6,14): 0.001
(28,14): 0.004
(17,17): 0.002
(6,9): 0.004
(28,16): 0.001
(18,29): 0.004
(14,4): 0.003
(11,6): 0.001
(3,7): 0.001
(9,9): 0.003
(14,25): 0.002
(17,23): 0.001
(20,15): 0.002
(14,10): 0.002
(12,11): 0.005
(14,11): 0.003
(12,21): 0.003
(13,0): 0.005
(18,8): 0.001
(4,10): 0.002
(12,14): 0.003
(13,19): 0.002
(26,6): 0.003
(11,5): 0.003
(8,3): 0.001
(3,10): 0.001
(11,19): 0.003
(26,23): 0.002
(12,19): 0.001
(11,12): 0.001
(3,5): 0.002
(26,24): 0.001
(18,4): 0.001
(17,14): 0.002
(4,9): 0.002
(27,18): 0.003
(18,5): 0.001
(11,9): 0.003
(22,8): 0.001
(12,3): 0.001
(16,10): 0.003
(8,2): 0.001
(23,14): 0.001
(6,8): 0.001
(2,8): 0.001
(5,4): 0.001
(24,5): 0.001
(21,15): 0.001
(17,1): 0.002
(28,22): 0.001
(10,4): 0.001
(9,3): 0.001
(9,6): 0.001
(15,28): 0.001
(25,21): 0.001
(20,6): 0.001
(18,19): 0.001
(8,11): 0.001
(17,8): 0.001
(5,10): 0.001
(11,21): 0.001
(26,5): 0.001
(24,12): 0.001
(20,8): 0.001
(28,20): 0.001
(12,29): 0.001
(20,16): 0.001
(11,18): 0.001
(16,21): 0.001
(11,3): 0.001
(14,15): 0.001
(13,4): 0.001
(23,15): 0.002
(22,9): 0.001
(7,11): 0.001
(24,14): 0.002
(13,3): 0.001
(25,9): 0.001
(22,3): 0.001
(28,10): 0.001
