(26,21): 0.168
(26,22): 0.384
(30,16): 0.031
(25,15): 0.102
(16,12): 0.001
(18,24): 0.001
(27,21): 0.027
(22,15): 0.043
(27,20): 0.006
(27,22): 0.028
(26,20): 0.008
(20,19): 0.007
(26,23): 0.022
(23,20): 0.01
(24,21): 0.031
(25,21): 0.01
(26,15): 0.021
(7,14): 0.002
(24,22): 0.006
(23,19): 0.005
(25,26): 0.001
(22,18): 0.002
(28,22): 0.016
(22,20): 0.001
(18,19): 0.005
(19,19): 0.001
(28,15): 0.002
(17,17): 0.003
(30,17): 0.002
(23,21): 0.003
(25,14): 0.004
(21,35): 0.001
(25,22): 0.002
(27,12): 0.001
(23,13): 0.001
(18,18): 0.003
(22,22): 0.001
(22,14): 0.002
(21,24): 0.001
(12,15): 0.001
(24,20): 0.002
(27,39): 0.001
(21,0): 0.002
(22,16): 0.003
(32,25): 0.001
(25,45): 0.001
(27,4): 0.001
(35,17): 0.002
(21,15): 0.002
(21,20): 0.001
(22,12): 0.001
(35,23): 0.001
(20,16): 0.002
(28,21): 0.001
(27,19): 0.002
(18,17): 0.001
(28,30): 0.001
(31,12): 0.001
(28,25): 0.001
(18,9): 0.001
(23,16): 0.001
(18,22): 0.001
(27,2): 0.001
(10,10): 0.001
(26,19): 0.001
(23,6): 0.001
