(23,33): 16
(24,22): 74
(25,16): 56
(27,39): 230
(25,15): 2240
(20,27): 76
(24,21): 896
(26,15): 334
(21,0): 274
(26,22): 2464
(26,21): 1550
(27,21): 612
(27,20): 174
(28,15): 544
(21,20): 280
(27,22): 100
(27,2): 304
(30,21): 444
(30,16): 1268
(20,16): 700
(22,15): 1462
(17,17): 130
(23,12): 56
(27,14): 24
(48,23): 10
(20,12): 10
(19,23): 114
(18,24): 264
(23,20): 304
(27,18): 56
(7,14): 258
(9,23): 100
(22,23): 30
(14,17): 30
(26,13): 2
(24,20): 132
(31,10): 108
(18,18): 510
(22,12): 64
(18,19): 546
(28,24): 178
(22,20): 152
(46,36): 74
(28,22): 866
(25,45): 180
(27,12): 184
(27,11): 126
(27,15): 232
(25,14): 94
(27,19): 46
(20,19): 176
(12,11): 220
(16,18): 138
(22,18): 184
(11,10): 6
(19,16): 422
(19,15): 58
(34,13): 4
(26,20): 348
(36,34): 66
(32,25): 248
(46,23): 10
(28,25): 64
(26,27): 54
(22,22): 274
(23,18): 180
(20,6): 4
(17,15): 60
(16,13): 104
(16,10): 4
(28,30): 78
(24,27): 4
(26,19): 84
(23,28): 16
(25,23): 18
(13,18): 30
(16,19): 42
(13,15): 2
(32,18): 36
(25,21): 260
(40,15): 48
(36,7): 10
(18,22): 128
(19,24): 28
(16,12): 96
(23,13): 18
(22,14): 64
(23,21): 112
(43,12): 54
(27,24): 46
(30,17): 96
(35,17): 188
(29,15): 24
(25,27): 8
(24,23): 84
(22,17): 100
(25,18): 88
(10,17): 14
(24,25): 12
(11,16): 444
(39,24): 4
(28,26): 14
(22,16): 64
(32,16): 18
(23,16): 80
(33,18): 12
(7,15): 96
(18,17): 78
(26,25): 208
(36,26): 2
(31,20): 24
(27,41): 56
(21,47): 22
(18,15): 636
(13,12): 14
(45,40): 78
(28,17): 14
(24,16): 26
(19,20): 12
(21,24): 20
(26,14): 6
(26,26): 92
(25,20): 18
(18,23): 34
(26,23): 102
(23,15): 268
(27,42): 28
(15,12): 6
(14,12): 54
(33,14): 4
(26,10): 18
(26,24): 126
(21,17): 24
(28,16): 4
(27,7): 14
(31,16): 148
(25,22): 36
(10,18): 24
(6,8): 52
(21,46): 4
(24,17): 14
(20,17): 82
(31,19): 128
(21,18): 20
(27,26): 14
(39,35): 2
(22,19): 14
(19,19): 24
(29,16): 4
(16,8): 20
(27,4): 236
(14,5): 40
(13,5): 22
(21,9): 48
(9,21): 4
(22,13): 28
(19,10): 6
(19,11): 12
(27,10): 152
(28,21): 22
(22,0): 64
(27,3): 32
(23,10): 30
(27,5): 6
(24,14): 18
(34,11): 10
(21,1): 22
(20,5): 18
(23,17): 40
(20,46): 36
(22,3): 4
(23,19): 42
(30,18): 24
(15,7): 10
(30,3): 32
(28,20): 16
(10,16): 2
(29,17): 4
(27,16): 2
(25,13): 10
(25,5): 42
(32,26): 2
(33,15): 108
(31,22): 14
(28,41): 2
(24,24): 110
(27,25): 6
(13,9): 20
(37,12): 8
(24,43): 4
(20,47): 32
(23,24): 10
(18,11): 6
(20,30): 20
(19,32): 46
(35,23): 18
(24,12): 22
(45,10): 4
(44,10): 28
(24,18): 34
(14,19): 14
(21,19): 8
(38,35): 2
(32,4): 6
(19,12): 4
(20,13): 12
(20,8): 6
(24,19): 14
(29,21): 4
(21,15): 78
(45,11): 14
(29,14): 16
(32,0): 8
(13,19): 4
(27,17): 16
(30,34): 2
(23,6): 10
(18,21): 6
(23,44): 22
(33,24): 10
(23,22): 18
(28,37): 18
(32,29): 18
(32,28): 22
(15,6): 54
(17,19): 4
(38,16): 26
(3,14): 12
(5,12): 8
(10,14): 20
(40,12): 136
(25,19): 92
(17,3): 10
(11,13): 6
(44,35): 4
(12,13): 14
(24,13): 32
(22,31): 24
(23,27): 10
(24,35): 4
(10,10): 98
(28,29): 8
(8,9): 6
(30,24): 10
(38,17): 2
(25,26): 138
(47,23): 8
(20,15): 38
(25,44): 24
(22,6): 2
(29,47): 10
(8,14): 2
(31,9): 30
(36,33): 4
(42,24): 2
(29,36): 26
(14,8): 16
(23,7): 14
(12,20): 10
(13,20): 12
(19,14): 6
(8,15): 16
(21,35): 26
(21,33): 2
(18,3): 6
(21,10): 16
(31,6): 10
(19,4): 12
(20,32): 58
(21,32): 18
(30,40): 12
(34,12): 2
(32,20): 8
(33,25): 4
(18,20): 2
(24,11): 4
(13,11): 4
(21,23): 4
(25,2): 6
(14,13): 2
(27,13): 22
(41,24): 2
(23,9): 34
(13,4): 12
(28,23): 36
(32,7): 2
(30,27): 4
(10,23): 12
(22,33): 42
(41,11): 2
(25,36): 4
(47,27): 4
(25,24): 2
(26,11): 20
(28,46): 4
(39,28): 10
(16,17): 6
(20,26): 8
(22,21): 10
(47,26): 2
(26,43): 2
(30,13): 8
(24,42): 10
(19,31): 4
(42,34): 14
(36,15): 16
(32,21): 6
(32,30): 20
(33,31): 6
(30,23): 34
(29,22): 6
(13,23): 6
(23,47): 4
(10,19): 2
(34,17): 6
(27,23): 4
(31,34): 6
(35,19): 4
(27,28): 14
(30,32): 6
(34,31): 4
(19,21): 6
(18,16): 2
(30,15): 16
(43,39): 2
(32,17): 2
(34,32): 6
(19,36): 6
(31,11): 8
(20,20): 4
(30,22): 4
(24,15): 2
(48,17): 2
(28,7): 2
(34,29): 6
(48,18): 8
(34,25): 4
(33,16): 2
(16,26): 6
(19,18): 8
(31,13): 2
(13,3): 10
(43,10): 2
(29,23): 6
(18,9): 2
(41,35): 4
(25,32): 2
(22,11): 2
(46,19): 2
(9,10): 4
(29,19): 2
(15,16): 4
(23,14): 4
(40,35): 2
(40,4): 38
(30,49): 10
(16,15): 6
(12,21): 2
(28,14): 2
(36,25): 8
(37,16): 18
(34,8): 2
(8,12): 2
(29,20): 4
(30,19): 16
(20,18): 6
(31,25): 6
(32,10): 2
(21,21): 6
(37,14): 8
(30,0): 42
(26,41): 4
(33,17): 2
(31,21): 4
(9,18): 4
(28,18): 4
(42,36): 12
(23,23): 2
(29,10): 10
(20,23): 2
(36,18): 4
(22,9): 2
(33,26): 2
(48,35): 2
(19,17): 2
(11,14): 8
(13,17): 12
(25,28): 4
(35,18): 4
(45,30): 2
(23,8): 2
