((15,21)(15,21)) 61
((15,21)(14,12)) 6
((14,12)(14,12)) 881
((14,12)(15,21)) 6
((15,21)(13,19)) 1
((13,19)(13,19)) 38
((13,19)(15,21)) 2
((14,12)(14,13)) 18
((14,13)(14,13)) 284
((14,13)(13,19)) 3
((15,21)(16,21)) 2
((16,21)(16,21)) 9
((16,21)(15,23)) 1
((15,23)(15,23)) 1
((15,23)(13,10)) 1
((13,10)(13,10)) 363
((13,10)(14,9)) 2
((14,9)(14,9)) 186
((14,9)(16,21)) 1
((16,21)(15,21)) 2
((15,21)(15,22)) 2
((15,22)(15,22)) 2
((15,22)(14,12)) 1
((11,11)(11,11)) 648
((11,11)(10,10)) 18
((10,10)(10,10)) 302
((10,10)(13,9)) 4
((13,9)(13,9)) 1292
((13,9)(15,9)) 39
((15,9)(15,9)) 1851
((15,9)(16,2)) 12
((16,2)(16,2)) 283
((16,2)(16,1)) 11
((16,1)(16,1)) 194
((16,1)(17,1)) 1
((17,1)(17,1)) 4
((17,1)(16,1)) 1
((16,1)(15,9)) 7
((15,9)(13,9)) 45
((16,2)(10,11)) 1
((10,11)(10,11)) 96
((10,11)(13,12)) 1
((13,12)(13,12)) 727
((13,12)(16,13)) 29
((16,13)(16,13)) 3335
((16,13)(16,7)) 12
((16,7)(16,7)) 188
((16,7)(16,2)) 10
((16,2)(16,13)) 4
((16,13)(11,11)) 26
((11,11)(16,13)) 27
((16,13)(16,2)) 1
((16,1)(16,2)) 9
((16,13)(16,23)) 10
((16,23)(16,23)) 157
((16,23)(16,13)) 7
((12,0)(12,0)) 294
((12,0)(13,0)) 32
((13,0)(13,0)) 262
((13,0)(12,0)) 38
((13,9)(11,10)) 4
((11,10)(11,10)) 182
((11,10)(15,9)) 10
((13,9)(14,10)) 11
((14,10)(14,10)) 162
((14,10)(16,13)) 4
((16,13)(13,9)) 13
((13,9)(7,11)) 1
((7,11)(7,11)) 24
((7,11)(13,8)) 1
((13,8)(13,8)) 71
((13,8)(13,9)) 26
((20,11)(20,11)) 26
((20,11)(28,22)) 1
((28,22)(28,22)) 19
((28,22)(27,21)) 10
((27,21)(27,21)) 100
((27,21)(20,11)) 5
((20,11)(27,21)) 5
((27,21)(28,22)) 9
((16,13)(13,10)) 5
((13,10)(11,11)) 2
((11,11)(13,9)) 11
((13,9)(11,14)) 3
((11,14)(11,14)) 179
((11,14)(13,10)) 1
((13,10)(16,12)) 2
((16,12)(16,12)) 534
((16,12)(14,11)) 5
((14,11)(14,11)) 257
((14,11)(15,8)) 4
((15,8)(15,8)) 155
((15,8)(15,9)) 51
((7,9)(7,9)) 59
((7,9)(6,10)) 9
((6,10)(6,10)) 238
((6,10)(13,14)) 3
((13,14)(13,14)) 95
((13,14)(14,12)) 8
((14,12)(7,9)) 2
((7,9)(14,12)) 1
((14,12)(13,14)) 5
((13,14)(7,9)) 3
((6,10)(14,12)) 14
((14,12)(6,10)) 14
((6,10)(6,9)) 32
((6,9)(6,9)) 92
((6,9)(7,9)) 4
((7,9)(13,14)) 2
((7,9)(11,11)) 1
((11,11)(6,10)) 16
((6,9)(9,8)) 1
((9,8)(9,8)) 87
((9,8)(7,9)) 1
((7,9)(6,9)) 2
((6,9)(6,10)) 25
((6,10)(16,13)) 4
((16,13)(13,12)) 19
((13,12)(6,10)) 5
((14,7)(14,7)) 159
((14,7)(13,12)) 2
((13,12)(14,11)) 10
((14,11)(13,9)) 26
((13,9)(14,8)) 8
((14,8)(14,8)) 115
((14,8)(14,7)) 11
((14,7)(14,8)) 6
((14,8)(13,9)) 8
((13,9)(13,12)) 15
((13,12)(13,9)) 8
((13,12)(14,7)) 1
((14,7)(13,9)) 3
((14,7)(14,12)) 1
((14,12)(15,13)) 7
((15,13)(15,13)) 390
((15,13)(16,13)) 87
((16,13)(15,13)) 82
((15,13)(15,12)) 9
((15,12)(15,12)) 382
((15,12)(16,12)) 22
((16,12)(15,9)) 29
((15,9)(14,7)) 21
((14,7)(14,9)) 1
((14,9)(13,9)) 24
((13,9)(14,13)) 4
((14,13)(15,13)) 13
((15,13)(15,9)) 10
((13,12)(11,11)) 10
((16,13)(14,12)) 32
((14,12)(13,12)) 28
((16,13)(24,8)) 7
((24,8)(24,8)) 10
((24,8)(16,13)) 5
((16,13)(16,12)) 50
((16,12)(16,13)) 60
((24,8)(26,11)) 1
((26,11)(26,11)) 1
((26,11)(26,18)) 1
((26,18)(26,18)) 1
((26,18)(27,18)) 1
((27,18)(27,18)) 12
((27,18)(14,28)) 1
((14,28)(14,28)) 85
((16,15)(16,15)) 203
((16,15)(13,12)) 15
((13,12)(16,15)) 10
((16,15)(20,10)) 1
((20,10)(20,10)) 43
((20,10)(16,13)) 2
((16,13)(16,15)) 3
((16,7)(14,12)) 3
((14,12)(12,28)) 8
((12,28)(12,28)) 161
((12,28)(16,12)) 1
((15,12)(15,13)) 11
((18,7)(18,7)) 37
((18,7)(15,9)) 2
((15,9)(18,9)) 45
((18,9)(18,9)) 936
((18,9)(18,7)) 8
((18,7)(18,9)) 8
((13,10)(13,12)) 12
((13,12)(13,8)) 1
((13,8)(7,6)) 1
((7,6)(7,6)) 244
((7,6)(7,7)) 10
((7,7)(7,7)) 74
((7,7)(9,7)) 1
((9,7)(9,7)) 61
((9,7)(11,10)) 2
((11,10)(13,8)) 1
((13,9)(13,10)) 15
((13,12)(7,6)) 2
((7,6)(11,10)) 1
((11,10)(13,9)) 4
((13,10)(8,7)) 2
((8,7)(8,7)) 17
((8,7)(7,7)) 1
((7,7)(7,6)) 12
((7,6)(12,9)) 1
((12,9)(12,9)) 208
((16,8)(16,8)) 65
((16,8)(15,9)) 3
((15,9)(16,8)) 3
((15,9)(14,12)) 19
((14,12)(16,13)) 40
((16,13)(16,8)) 2
((7,6)(7,5)) 1
((7,5)(7,5)) 24
((7,5)(15,12)) 1
((15,12)(16,13)) 9
((16,13)(12,15)) 1
((12,15)(12,15)) 5
((12,15)(7,6)) 1
((7,6)(4,7)) 1
((4,7)(4,7)) 7
((4,7)(6,6)) 1
((6,6)(6,6)) 230
((11,11)(15,9)) 23
((15,9)(15,8)) 37
((15,9)(11,11)) 23
((6,10)(15,9)) 3
((5,14)(5,14)) 77
((5,14)(14,8)) 1
((13,10)(13,11)) 16
((13,11)(13,11)) 165
((13,11)(13,10)) 6
((13,10)(15,9)) 9
((15,9)(16,0)) 2
((16,0)(16,0)) 84
((16,13)(14,11)) 3
((14,11)(16,13)) 5
((15,13)(14,8)) 1
((14,8)(15,13)) 1
((16,13)(12,13)) 1
((12,13)(12,13)) 4
((12,13)(16,13)) 1
((20,18)(20,18)) 91
((20,18)(27,18)) 1
((27,18)(21,20)) 1
((21,20)(21,20)) 46
((21,20)(20,18)) 1
((20,18)(20,17)) 2
((20,17)(20,17)) 12
((20,17)(20,18)) 3
((20,18)(14,12)) 1
((14,12)(13,9)) 7
((13,9)(18,12)) 3
((18,12)(18,12)) 139
((18,12)(20,18)) 1
((20,18)(13,8)) 2
((13,9)(20,16)) 1
((20,16)(20,16)) 11
((20,16)(20,18)) 3
((13,8)(20,16)) 1
((15,17)(15,17)) 9
((15,17)(15,13)) 3
((16,13)(10,10)) 7
((10,10)(13,12)) 3
((13,12)(13,13)) 8
((13,13)(13,13)) 77
((13,13)(15,14)) 2
((15,14)(15,14)) 135
((15,14)(15,17)) 1
((16,12)(15,12)) 17
((16,12)(17,12)) 12
((17,12)(17,12)) 128
((17,12)(14,11)) 2
((13,9)(17,12)) 7
((17,12)(16,12)) 15
((15,12)(13,9)) 11
((17,12)(18,11)) 1
((18,11)(18,11)) 180
((18,11)(18,9)) 11
((18,9)(15,9)) 45
((18,12)(18,13)) 4
((18,13)(18,13)) 169
((18,13)(17,13)) 6
((17,13)(17,13)) 288
((17,13)(16,13)) 45
((13,9)(12,9)) 22
((12,9)(14,12)) 2
((14,12)(11,11)) 10
((8,4)(8,4)) 14
((8,4)(9,4)) 1
((9,4)(9,4)) 219
((9,4)(10,5)) 5
((10,5)(10,5)) 68
((10,5)(13,9)) 7
((13,9)(9,4)) 6
((9,4)(8,4)) 1
((13,9)(16,13)) 13
((13,9)(12,3)) 1
((12,3)(12,3)) 18
((12,3)(13,9)) 1
((13,9)(14,11)) 8
((13,9)(15,11)) 1
((15,11)(15,11)) 188
((15,11)(14,10)) 3
((12,21)(12,21)) 98
((12,21)(9,6)) 1
((9,6)(9,6)) 27
((9,6)(12,21)) 1
((12,21)(14,12)) 2
((16,13)(12,21)) 1
((16,13)(18,19)) 4
((18,19)(18,19)) 47
((18,19)(16,13)) 1
((18,9)(12,11)) 4
((12,11)(12,11)) 469
((12,11)(18,9)) 7
((18,9)(10,10)) 4
((10,10)(12,11)) 17
((12,11)(10,10)) 10
((12,11)(11,11)) 11
((11,11)(14,12)) 9
((16,13)(19,15)) 4
((19,15)(19,15)) 274
((19,15)(6,10)) 1
((6,10)(17,13)) 1
((17,13)(19,15)) 10
((19,15)(16,13)) 17
((16,13)(15,9)) 43
((15,9)(18,11)) 14
((18,11)(16,13)) 5
((20,15)(20,15)) 41
((20,15)(18,12)) 2
((18,12)(15,13)) 2
((16,13)(20,15)) 1
((20,15)(16,13)) 3
((13,12)(18,12)) 1
((18,12)(20,15)) 1
((18,12)(16,13)) 7
((16,13)(17,13)) 49
((19,15)(20,15)) 11
((26,6)(26,6)) 45
((26,6)(15,9)) 3
((15,9)(26,5)) 1
((26,5)(26,5)) 45
((26,5)(18,12)) 1
((18,12)(26,7)) 2
((26,7)(26,7)) 164
((26,7)(26,5)) 2
((26,5)(15,9)) 2
((15,9)(25,4)) 1
((25,4)(25,4)) 5
((25,4)(26,5)) 2
((26,5)(25,5)) 9
((25,5)(25,5)) 29
((25,5)(22,8)) 1
((22,8)(22,8)) 16
((22,8)(18,9)) 1
((18,9)(11,14)) 1
((11,14)(26,5)) 1
((15,9)(26,6)) 4
((26,6)(26,5)) 5
((25,5)(26,5)) 5
((26,5)(26,6)) 3
((26,6)(26,7)) 5
((26,7)(26,6)) 2
((18,9)(18,10)) 38
((18,10)(18,10)) 117
((18,10)(18,9)) 39
((18,9)(26,7)) 2
((26,7)(18,9)) 1
((18,9)(12,16)) 5
((12,16)(12,16)) 88
((12,16)(11,14)) 4
((11,14)(13,14)) 1
((13,14)(15,9)) 1
((18,11)(15,9)) 13
((19,11)(19,11)) 134
((19,11)(21,10)) 6
((21,10)(21,10)) 169
((21,10)(16,12)) 1
((16,12)(16,11)) 12
((16,11)(16,11)) 225
((16,11)(16,12)) 9
((16,12)(20,9)) 3
((20,9)(20,9)) 42
((20,9)(16,12)) 5
((16,11)(20,9)) 1
((20,9)(15,9)) 1
((15,9)(16,12)) 33
((16,11)(15,9)) 13
((15,9)(20,10)) 3
((15,14)(14,9)) 8
((14,9)(15,14)) 7
((13,9)(16,15)) 1
((16,15)(15,13)) 4
((15,13)(15,14)) 2
((15,14)(16,12)) 4
((16,13)(15,14)) 18
((14,12)(15,12)) 23
((15,12)(14,12)) 30
((15,12)(6,10)) 1
((12,11)(12,12)) 10
((12,12)(12,12)) 77
((12,12)(12,11)) 11
((10,10)(16,13)) 6
((10,10)(11,10)) 13
((11,10)(16,13)) 5
((18,17)(18,17)) 21
((18,17)(16,14)) 8
((16,14)(16,14)) 158
((16,14)(18,17)) 7
((16,14)(22,6)) 1
((22,6)(22,6)) 13
((15,13)(4,8)) 2
((4,8)(4,8)) 314
((4,8)(14,12)) 2
((14,12)(11,13)) 4
((11,13)(11,13)) 196
((11,13)(16,13)) 1
((20,7)(20,7)) 74
((20,7)(18,9)) 14
((18,9)(13,9)) 23
((12,9)(18,9)) 12
((18,9)(12,9)) 10
((12,9)(13,9)) 22
((13,9)(18,9)) 20
((18,9)(20,7)) 12
((13,9)(20,7)) 1
((6,6)(5,6)) 8
((5,6)(5,6)) 13
((5,6)(6,6)) 11
((5,14)(11,11)) 4
((13,9)(12,8)) 2
((12,8)(12,8)) 12
((12,8)(20,10)) 1
((20,10)(21,10)) 4
((21,10)(3,9)) 1
((3,9)(3,9)) 2
((3,9)(3,7)) 1
((3,7)(3,7)) 110
((3,7)(4,8)) 11
((4,8)(4,9)) 33
((4,9)(4,9)) 178
((4,9)(6,10)) 7
((6,10)(5,13)) 3
((5,13)(5,13)) 75
((5,13)(5,14)) 4
((13,12)(11,13)) 4
((11,13)(13,12)) 4
((13,12)(18,17)) 1
((18,17)(15,13)) 3
((15,13)(18,17)) 2
((18,17)(14,12)) 1
((16,13)(16,11)) 5
((16,11)(18,9)) 9
((18,9)(19,13)) 1
((19,13)(19,13)) 13
((19,13)(20,17)) 1
((20,17)(19,15)) 1
((19,15)(18,14)) 1
((18,14)(18,14)) 75
((18,14)(17,14)) 2
((17,14)(17,14)) 31
((17,14)(16,14)) 6
((16,14)(16,11)) 2
((16,11)(14,13)) 5
((14,13)(16,14)) 1
((16,14)(17,14)) 7
((16,14)(16,13)) 4
((15,13)(14,13)) 13
((14,13)(14,12)) 23
((14,12)(18,9)) 16
((18,10)(16,14)) 1
((16,14)(16,12)) 1
((16,12)(16,14)) 1
((16,14)(14,14)) 1
((14,14)(14,14)) 100
((14,14)(16,14)) 1
((17,22)(17,22)) 22
((17,22)(15,10)) 1
((15,10)(15,10)) 68
((15,10)(15,8)) 2
((15,8)(15,7)) 3
((15,7)(15,7)) 18
((15,7)(15,8)) 3
((15,8)(15,12)) 5
((15,12)(16,23)) 5
((16,23)(18,24)) 2
((18,24)(18,24)) 42
((18,24)(17,22)) 2
((17,22)(18,20)) 1
((18,20)(18,20)) 11
((18,20)(15,7)) 1
((15,7)(16,23)) 1
((16,23)(17,21)) 5
((17,21)(17,21)) 57
((17,21)(14,7)) 2
((14,7)(15,7)) 3
((15,8)(17,22)) 1
((17,22)(17,21)) 4
((15,7)(15,12)) 1
((16,23)(17,22)) 2
((15,9)(16,13)) 36
((16,8)(16,13)) 2
((12,28)(14,13)) 13
((14,13)(12,28)) 9
((14,13)(15,11)) 1
((15,11)(12,28)) 2
((12,28)(12,16)) 6
((12,16)(15,11)) 1
((15,11)(15,12)) 16
((15,12)(12,28)) 3
((17,10)(17,10)) 35
((17,10)(15,9)) 2
((15,9)(17,10)) 2
((17,10)(18,9)) 4
((18,10)(17,10)) 4
((17,10)(18,10)) 4
((17,10)(15,13)) 1
((15,13)(16,11)) 1
((16,11)(18,10)) 1
((18,10)(19,12)) 1
((19,12)(19,12)) 52
((19,12)(18,10)) 1
((11,11)(4,9)) 6
((4,9)(11,11)) 6
((6,10)(11,11)) 22
((21,25)(21,25)) 15
((21,25)(20,22)) 1
((20,22)(20,22)) 12
((20,22)(20,20)) 1
((20,20)(20,20)) 2
((20,20)(20,18)) 1
((20,18)(19,15)) 1
((16,13)(20,18)) 1
((20,18)(19,18)) 7
((19,18)(19,18)) 74
((19,18)(19,15)) 4
((19,15)(18,13)) 11
((18,13)(16,13)) 10
((15,9)(19,18)) 1
((19,18)(20,18)) 6
((19,18)(19,17)) 9
((19,17)(19,17)) 36
((19,17)(19,15)) 9
((15,8)(15,10)) 2
((15,10)(18,13)) 1
((18,13)(19,18)) 3
((19,18)(19,19)) 2
((19,19)(19,19)) 6
((19,19)(20,18)) 4
((15,9)(19,13)) 1
((19,13)(19,15)) 1
((19,15)(19,16)) 6
((19,16)(19,16)) 18
((19,16)(19,18)) 4
((20,18)(19,19)) 2
((20,18)(20,14)) 1
((20,14)(20,14)) 6
((20,14)(18,14)) 1
((17,14)(17,15)) 1
((17,15)(17,15)) 5
((17,15)(20,18)) 1
((18,11)(22,6)) 1
((22,6)(20,5)) 1
((20,5)(20,5)) 37
((20,5)(20,4)) 5
((20,4)(20,4)) 7
((20,4)(21,5)) 1
((21,5)(21,5)) 34
((21,5)(15,9)) 1
((22,14)(22,14)) 14
((22,14)(16,13)) 5
((13,12)(11,14)) 9
((11,14)(16,13)) 4
((15,13)(22,14)) 1
((14,12)(15,9)) 14
((15,9)(14,9)) 16
((14,9)(15,13)) 2
((13,10)(18,6)) 3
((18,6)(18,6)) 30
((18,6)(13,10)) 3
((13,9)(16,0)) 1
((16,0)(15,9)) 3
((13,9)(6,6)) 7
((12,14)(12,14)) 37
((12,14)(10,11)) 4
((10,11)(12,14)) 2
((12,14)(14,12)) 1
((14,12)(12,14)) 2
((12,14)(10,10)) 1
((10,10)(13,11)) 1
((13,11)(13,12)) 8
((13,13)(14,11)) 1
((14,11)(15,12)) 3
((15,12)(15,11)) 21
((15,12)(14,11)) 4
((14,11)(12,14)) 1
((7,6)(12,11)) 9
((12,11)(11,10)) 1
((11,10)(7,6)) 2
((12,11)(13,11)) 9
((13,11)(15,8)) 1
((15,9)(11,10)) 11
((12,11)(7,6)) 2
((12,11)(14,12)) 8
((14,12)(7,6)) 4
((7,6)(6,6)) 4
((6,6)(8,7)) 1
((17,9)(17,9)) 288
((17,9)(16,11)) 2
((16,11)(17,9)) 3
((17,9)(17,4)) 4
((17,4)(17,4)) 21
((17,4)(17,9)) 2
((17,9)(11,11)) 1
((11,11)(3,7)) 1
((4,8)(11,11)) 2
((11,11)(17,9)) 2
((24,2)(24,2)) 94
((24,2)(14,12)) 1
((18,9)(24,2)) 1
((14,12)(14,10)) 5
((14,10)(14,12)) 8
((17,18)(17,18)) 79
((17,18)(14,28)) 6
((14,28)(13,27)) 8
((13,27)(13,27)) 12
((13,27)(12,28)) 8
((12,28)(14,28)) 12
((14,28)(17,18)) 5
((17,18)(17,17)) 4
((17,17)(17,17)) 4
((17,17)(12,28)) 1
((14,28)(16,25)) 1
((16,25)(16,25)) 194
((16,25)(17,18)) 2
((17,17)(17,18)) 2
((17,18)(15,27)) 2
((15,27)(15,27)) 256
((15,27)(14,28)) 10
((13,27)(17,18)) 1
((14,28)(16,12)) 1
((16,12)(18,19)) 3
((18,19)(17,18)) 2
((17,18)(16,13)) 9
((16,13)(17,18)) 9
((6,5)(6,5)) 12
((6,5)(6,6)) 1
((6,6)(6,5)) 1
((6,5)(12,9)) 1
((12,9)(9,4)) 1
((12,9)(11,14)) 1
((11,14)(11,12)) 1
((11,12)(11,12)) 18
((11,12)(13,12)) 2
((13,9)(14,12)) 7
((15,9)(11,3)) 1
((11,3)(11,3)) 10
((11,3)(15,13)) 1
((15,13)(14,12)) 7
((14,12)(10,10)) 2
((11,10)(12,9)) 5
((12,9)(11,3)) 1
((12,5)(12,5)) 31
((12,5)(15,9)) 4
((15,9)(12,5)) 5
((13,9)(10,10)) 5
((11,10)(10,10)) 17
((10,10)(11,13)) 2
((11,13)(10,13)) 7
((10,13)(10,13)) 14
((10,13)(16,13)) 1
((14,9)(16,13)) 2
((16,13)(14,9)) 6
((14,9)(15,10)) 2
((15,10)(14,12)) 3
((10,1)(10,1)) 267
((10,1)(10,3)) 1
((10,3)(10,3)) 2
((10,3)(9,4)) 1
((9,4)(9,3)) 4
((9,3)(9,3)) 20
((9,3)(9,4)) 3
((9,4)(10,1)) 10
((10,1)(9,3)) 2
((9,3)(10,1)) 1
((7,7)(5,6)) 1
((20,5)(15,9)) 11
((15,9)(20,5)) 12
((16,11)(15,12)) 8
((15,12)(18,19)) 5
((18,19)(16,11)) 3
((16,11)(16,13)) 9
((15,13)(18,19)) 1
((18,19)(20,18)) 2
((14,5)(14,5)) 69
((14,5)(13,9)) 6
((13,9)(14,5)) 6
((14,5)(13,6)) 2
((13,6)(13,6)) 78
((13,6)(13,9)) 6
((13,6)(13,5)) 5
((13,5)(13,5)) 97
((9,3)(7,5)) 1
((7,5)(9,4)) 2
((9,4)(7,5)) 2
((9,4)(8,3)) 5
((8,3)(8,3)) 10
((8,3)(7,5)) 1
((7,5)(8,6)) 2
((8,6)(8,6)) 10
((15,6)(15,6)) 81
((15,6)(15,8)) 4
((15,8)(16,8)) 5
((16,8)(13,11)) 5
((13,11)(16,8)) 3
((16,8)(15,8)) 7
((15,8)(15,6)) 4
((16,8)(15,6)) 1
((15,6)(15,5)) 2
((15,5)(15,5)) 9
((15,5)(15,8)) 1
((13,10)(16,8)) 1
((15,6)(15,9)) 7
((15,9)(15,6)) 10
((18,9)(18,13)) 15
((18,13)(15,9)) 3
((18,11)(17,9)) 3
((17,9)(18,9)) 19
((18,10)(18,11)) 1
((18,9)(16,2)) 1
((16,2)(19,3)) 1
((19,3)(19,3)) 10
((19,3)(18,9)) 2
((18,9)(11,10)) 5
((11,10)(10,9)) 3
((10,9)(10,9)) 18
((10,9)(10,10)) 2
((10,10)(18,9)) 4
((16,13)(11,14)) 3
((11,14)(12,16)) 1
((12,16)(16,13)) 1
((5,14)(13,12)) 8
((13,12)(11,12)) 1
((11,12)(11,14)) 2
((11,14)(13,12)) 7
((11,14)(15,14)) 1
((15,14)(11,14)) 1
((11,14)(10,11)) 2
((10,11)(5,14)) 3
((4,5)(4,5)) 50
((4,5)(14,6)) 5
((14,6)(14,6)) 33
((14,6)(13,9)) 1
((13,9)(13,8)) 23
((13,9)(4,5)) 3
((14,6)(4,5)) 4
((14,6)(16,13)) 1
((16,13)(6,6)) 4
((6,6)(13,9)) 8
((12,16)(15,9)) 1
((14,12)(15,8)) 2
((15,9)(9,11)) 1
((9,11)(9,11)) 242
((9,11)(16,13)) 3
((16,13)(15,15)) 9
((15,15)(15,15)) 183
((13,13)(13,12)) 6
((13,13)(12,13)) 1
((11,11)(18,9)) 4
((18,9)(11,11)) 5
((13,26)(13,26)) 55
((13,26)(14,27)) 6
((14,27)(14,27)) 16
((14,27)(13,26)) 5
((14,27)(15,27)) 3
((15,27)(11,11)) 1
((13,9)(11,11)) 6
((11,11)(15,27)) 1
((15,27)(14,27)) 1
((15,27)(15,26)) 2
((15,26)(15,26)) 18
((15,26)(15,27)) 1
((10,11)(12,9)) 4
((12,9)(10,11)) 1
((10,11)(14,13)) 1
((14,13)(10,11)) 2
((10,11)(10,10)) 2
((10,10)(11,14)) 4
((11,14)(8,11)) 1
((8,11)(8,11)) 35
((8,11)(12,9)) 1
((13,9)(10,11)) 1
((16,0)(16,1)) 4
((16,1)(16,0)) 7
((14,14)(12,16)) 5
((12,16)(10,10)) 1
((11,10)(11,9)) 3
((11,9)(11,9)) 72
((11,9)(17,13)) 1
((16,13)(14,14)) 2
((12,16)(14,14)) 3
((14,14)(14,25)) 1
((14,25)(14,25)) 15
((14,25)(16,13)) 1
((13,12)(17,21)) 1
((17,21)(13,12)) 2
((16,13)(17,21)) 2
((13,12)(14,12)) 28
((17,21)(18,20)) 2
((18,20)(5,3)) 1
((5,3)(5,3)) 4
((5,3)(9,4)) 1
((9,4)(7,6)) 1
((7,6)(17,21)) 1
((11,14)(9,11)) 6
((9,11)(11,14)) 2
((16,12)(21,5)) 1
((21,5)(21,6)) 2
((21,6)(21,6)) 4
((21,6)(21,5)) 4
((21,5)(16,9)) 1
((16,9)(16,9)) 124
((16,9)(15,11)) 1
((15,11)(21,5)) 1
((21,5)(14,12)) 1
((14,12)(17,12)) 1
((16,13)(17,14)) 4
((17,14)(18,14)) 3
((18,14)(16,13)) 13
((13,10)(18,14)) 1
((14,14)(13,14)) 2
((13,14)(14,14)) 2
((14,14)(13,13)) 2
((13,13)(14,14)) 1
((16,13)(27,21)) 13
((27,21)(16,13)) 6
((27,21)(27,22)) 3
((27,22)(27,22)) 10
((10,10)(15,9)) 16
((11,11)(9,11)) 20
((9,11)(11,11)) 19
((9,11)(13,12)) 13
((13,12)(14,13)) 1
((14,13)(14,14)) 5
((14,14)(9,11)) 1
((9,11)(9,10)) 4
((9,10)(9,10)) 26
((9,10)(12,9)) 1
((12,9)(14,9)) 1
((14,9)(13,8)) 5
((13,8)(15,9)) 4
((12,11)(11,12)) 2
((11,12)(12,11)) 2
((13,11)(12,12)) 1
((12,12)(13,11)) 2
((13,11)(11,12)) 1
((11,12)(10,11)) 1
((10,11)(13,11)) 1
((16,8)(17,9)) 2
((17,9)(15,9)) 15
((15,9)(14,10)) 5
((18,11)(18,13)) 2
((18,13)(19,15)) 8
((19,15)(18,9)) 3
((18,9)(19,15)) 6
((20,15)(15,9)) 1
((15,9)(16,11)) 6
((16,11)(20,15)) 1
((20,15)(18,13)) 1
((18,13)(14,11)) 1
((14,11)(13,8)) 1
((13,8)(14,8)) 2
((12,0)(12,1)) 3
((12,1)(12,1)) 40
((12,1)(12,0)) 2
((12,0)(15,9)) 21
((15,9)(12,0)) 19
((15,9)(16,4)) 5
((16,4)(16,4)) 69
((16,4)(16,5)) 3
((16,5)(16,5)) 13
((16,5)(15,9)) 1
((10,4)(10,4)) 16
((10,4)(10,5)) 7
((10,5)(9,11)) 2
((9,11)(11,13)) 5
((11,13)(10,4)) 1
((10,5)(11,13)) 5
((11,13)(9,11)) 7
((9,11)(10,4)) 4
((11,13)(4,9)) 1
((14,7)(15,13)) 6
((16,13)(14,7)) 2
((15,13)(14,7)) 4
((15,9)(17,13)) 4
((17,13)(21,10)) 4
((21,10)(15,9)) 11
((6,6)(12,11)) 1
((12,11)(13,10)) 1
((13,10)(11,9)) 2
((11,9)(6,6)) 2
((6,6)(11,9)) 1
((6,6)(11,10)) 4
((11,10)(13,10)) 3
((8,7)(5,14)) 1
((18,13)(14,12)) 4
((14,12)(15,15)) 3
((15,15)(19,15)) 1
((19,12)(15,13)) 7
((15,14)(17,13)) 2
((17,13)(19,12)) 3
((15,14)(19,12)) 1
((15,13)(5,13)) 3
((13,12)(19,12)) 1
((15,9)(16,1)) 9
((16,1)(14,5)) 1
((14,5)(13,5)) 1
((13,5)(15,11)) 1
((15,11)(13,9)) 2
((12,11)(21,10)) 1
((21,10)(16,13)) 6
((16,13)(28,14)) 1
((28,14)(28,14)) 24
((28,14)(16,13)) 3
((11,11)(7,10)) 3
((7,10)(7,10)) 49
((7,10)(5,13)) 1
((16,12)(13,8)) 1
((14,8)(13,10)) 1
((13,10)(12,4)) 1
((12,4)(12,4)) 53
((12,4)(14,8)) 1
((14,8)(14,12)) 1
((10,7)(10,7)) 9
((10,7)(13,9)) 4
((13,9)(13,11)) 2
((13,11)(17,13)) 1
((17,13)(14,12)) 10
((16,13)(15,12)) 7
((13,10)(16,13)) 4
((15,9)(13,12)) 6
((14,9)(15,11)) 1
((15,11)(14,11)) 3
((14,11)(18,9)) 1
((14,28)(12,28)) 6
((14,28)(15,27)) 6
((12,28)(13,27)) 3
((13,27)(15,27)) 1
((15,9)(14,4)) 11
((14,4)(14,4)) 68
((14,4)(15,9)) 8
((14,4)(15,8)) 2
((14,12)(16,2)) 1
((16,2)(14,1)) 3
((14,1)(14,1)) 6
((14,1)(12,0)) 1
((12,0)(14,1)) 1
((14,1)(16,1)) 3
((16,1)(15,12)) 4
((16,12)(16,2)) 10
((14,1)(15,12)) 1
((16,12)(14,1)) 1
((16,2)(15,1)) 6
((15,1)(15,1)) 12
((20,9)(16,0)) 1
((16,0)(16,2)) 3
((15,1)(16,0)) 1
((16,0)(16,4)) 6
((16,4)(16,2)) 8
((16,2)(16,0)) 6
((16,4)(15,9)) 7
((16,0)(15,1)) 1
((15,1)(15,11)) 1
((15,11)(16,13)) 6
((16,13)(16,0)) 2
((16,2)(16,4)) 2
((15,8)(16,4)) 2
((16,4)(16,1)) 1
((5,13)(11,11)) 3
((15,9)(13,5)) 4
((13,5)(16,13)) 4
((16,13)(13,5)) 2
((13,5)(16,12)) 1
((16,13)(15,8)) 4
((15,8)(13,5)) 2
((22,22)(22,22)) 24
((22,22)(24,21)) 1
((24,21)(24,21)) 21
((24,21)(26,23)) 1
((26,23)(26,23)) 31
((26,23)(25,24)) 1
((25,24)(25,24)) 3
((25,24)(27,24)) 3
((27,24)(27,24)) 127
((27,24)(21,23)) 1
((21,23)(21,23)) 2
((21,23)(25,24)) 1
((27,24)(25,24)) 1
((17,18)(16,17)) 1
((16,17)(16,17)) 55
((16,17)(15,16)) 1
((15,16)(15,16)) 60
((15,16)(16,16)) 1
((16,16)(16,16)) 13
((16,16)(15,13)) 1
((15,13)(16,16)) 1
((7,11)(9,11)) 2
((11,11)(7,11)) 1
((7,11)(8,11)) 2
((8,11)(9,11)) 3
((9,11)(8,2)) 2
((8,2)(8,2)) 12
((8,2)(13,9)) 4
((13,9)(9,11)) 1
((9,11)(8,11)) 3
((8,11)(7,11)) 2
((11,10)(7,9)) 5
((7,9)(13,12)) 1
((13,12)(16,14)) 4
((16,14)(9,9)) 1
((9,9)(9,9)) 36
((9,9)(7,9)) 4
((7,9)(11,10)) 4
((11,10)(18,9)) 1
((17,8)(17,8)) 91
((17,8)(16,9)) 1
((16,9)(17,9)) 15
((17,9)(17,8)) 2
((17,8)(17,7)) 4
((17,7)(17,7)) 41
((17,7)(16,7)) 5
((16,7)(17,7)) 3
((17,7)(17,8)) 7
((17,8)(17,9)) 1
((16,2)(13,7)) 3
((13,7)(13,7)) 33
((13,7)(15,9)) 7
((16,1)(16,5)) 1
((16,5)(16,2)) 1
((16,2)(13,6)) 2
((13,6)(16,1)) 1
((14,10)(13,9)) 8
((9,11)(14,16)) 1
((14,16)(14,16)) 40
((14,16)(13,9)) 1
((13,9)(14,9)) 23
((14,11)(15,9)) 10
((12,5)(10,1)) 1
((10,1)(7,6)) 2
((10,9)(9,8)) 3
((9,8)(9,7)) 2
((9,7)(13,9)) 12
((13,9)(17,9)) 4
((17,9)(16,10)) 1
((16,10)(16,10)) 73
((16,10)(18,9)) 4
((18,9)(16,6)) 1
((16,6)(16,6)) 109
((17,10)(16,12)) 4
((16,12)(19,10)) 2
((19,10)(19,10)) 41
((19,10)(17,10)) 1
((16,12)(17,10)) 3
((17,10)(18,11)) 2
((15,10)(15,9)) 15
((15,9)(10,10)) 19
((11,11)(17,13)) 2
((17,13)(12,16)) 2
((13,26)(16,23)) 3
((16,23)(16,25)) 7
((16,25)(13,26)) 2
((13,26)(16,25)) 1
((16,25)(16,23)) 6
((16,23)(13,26)) 4
((19,11)(20,11)) 11
((20,11)(19,11)) 12
((19,11)(17,12)) 8
((17,12)(17,11)) 11
((17,11)(17,11)) 30
((17,11)(17,12)) 6
((17,12)(19,11)) 7
((17,11)(19,11)) 2
((18,29)(18,29)) 77
((18,29)(14,20)) 4
((14,20)(14,20)) 16
((14,20)(18,29)) 5
((18,29)(11,10)) 1
((11,10)(14,13)) 1
((14,13)(18,29)) 1
((15,9)(13,10)) 12
((13,5)(14,4)) 2
((13,10)(14,4)) 1
((6,3)(6,3)) 13
((6,3)(13,9)) 1
((21,10)(10,10)) 8
((10,10)(21,10)) 9
((21,10)(22,9)) 6
((22,9)(22,9)) 14
((22,9)(21,10)) 6
((16,7)(13,11)) 2
((13,11)(16,12)) 1
((16,12)(16,7)) 7
((13,9)(16,9)) 4
((16,9)(12,0)) 1
((12,0)(16,9)) 1
((16,9)(13,9)) 3
((13,9)(8,2)) 2
((16,9)(8,2)) 1
((16,9)(14,11)) 1
((7,8)(7,8)) 51
((7,8)(6,10)) 9
((10,10)(11,11)) 18
((6,10)(7,8)) 11
((7,8)(10,10)) 3
((10,10)(7,8)) 1
((6,10)(10,10)) 2
((11,14)(10,13)) 3
((10,13)(11,13)) 4
((9,11)(6,10)) 1
((7,8)(4,8)) 3
((4,8)(6,7)) 3
((6,7)(6,7)) 111
((6,7)(10,1)) 1
((10,1)(10,4)) 1
((10,4)(6,7)) 1
((17,9)(16,9)) 20
((16,9)(15,9)) 13
((15,9)(16,9)) 6
((17,9)(13,9)) 4
((12,9)(16,9)) 1
((13,9)(22,6)) 1
((22,6)(16,9)) 3
((16,2)(16,12)) 7
((16,12)(15,11)) 8
((15,11)(15,10)) 11
((15,10)(15,11)) 2
((15,11)(16,12)) 6
((15,10)(16,12)) 11
((16,2)(11,11)) 1
((11,11)(16,2)) 1
((18,9)(16,13)) 14
((16,13)(18,10)) 1
((18,10)(15,9)) 3
((4,8)(9,4)) 6
((9,4)(11,5)) 4
((11,5)(11,5)) 57
((11,5)(9,4)) 3
((9,4)(4,8)) 6
((4,8)(7,7)) 2
((7,7)(9,4)) 1
((16,13)(15,11)) 5
((16,13)(15,10)) 5
((15,10)(13,10)) 1
((13,10)(14,11)) 2
((14,11)(15,11)) 4
((15,11)(13,14)) 1
((13,14)(3,10)) 1
((3,10)(3,10)) 2
((3,10)(14,12)) 1
((12,9)(15,9)) 11
((15,9)(12,9)) 7
((13,0)(15,9)) 2
((13,0)(12,9)) 1
((12,9)(12,0)) 1
((6,7)(4,8)) 11
((4,8)(2,8)) 1
((2,8)(2,8)) 20
((2,8)(1,9)) 5
((1,9)(1,9)) 18
((1,9)(3,7)) 1
((3,7)(6,7)) 3
((4,8)(3,7)) 13
((3,7)(2,8)) 9
((2,8)(6,7)) 1
((6,7)(6,6)) 4
((6,6)(7,6)) 6
((7,6)(6,7)) 7
((1,9)(4,8)) 2
((4,8)(7,6)) 4
((6,7)(2,8)) 1
((2,8)(7,7)) 1
((7,7)(14,15)) 1
((14,15)(14,15)) 23
((14,15)(14,13)) 4
((15,13)(13,13)) 2
((13,13)(12,9)) 1
((12,9)(7,6)) 2
((6,6)(6,7)) 1
((4,9)(6,7)) 2
((10,10)(14,8)) 3
((14,8)(10,10)) 2
((16,4)(14,8)) 1
((17,12)(16,11)) 2
((16,11)(17,12)) 1
((16,11)(15,11)) 6
((15,12)(18,12)) 1
((18,12)(14,12)) 1
((14,12)(14,11)) 5
((15,9)(17,12)) 1
((15,11)(16,11)) 6
((16,11)(18,12)) 1
((18,12)(15,12)) 1
((17,13)(27,6)) 7
((27,6)(27,6)) 71
((27,6)(21,10)) 2
((15,9)(21,10)) 15
((21,10)(27,6)) 4
((27,6)(17,13)) 7
((14,7)(13,6)) 2
((13,6)(14,6)) 2
((14,6)(14,7)) 3
((14,7)(15,9)) 23
((13,12)(15,9)) 13
((16,6)(16,1)) 4
((16,1)(16,6)) 3
((17,9)(17,7)) 8
((17,7)(20,6)) 1
((20,6)(20,6)) 23
((20,6)(18,9)) 2
((18,9)(21,10)) 7
((21,10)(18,9)) 8
((18,9)(18,8)) 10
((18,8)(18,8)) 44
((18,8)(18,9)) 13
((18,9)(17,9)) 15
((19,15)(13,9)) 1
((14,10)(16,14)) 1
((20,9)(18,11)) 2
((18,11)(20,9)) 4
((16,12)(18,11)) 1
((18,9)(15,8)) 1
((18,9)(21,8)) 1
((21,8)(21,8)) 6
((21,8)(13,8)) 1
((4,9)(4,8)) 25
((15,9)(15,12)) 10
((16,23)(15,12)) 1
((15,12)(14,8)) 1
((14,8)(10,1)) 1
((10,1)(4,8)) 4
((4,8)(6,10)) 7
((6,10)(5,14)) 2
((15,9)(14,8)) 11
((14,5)(15,15)) 1
((15,15)(15,13)) 1
((16,13)(12,11)) 4
((12,11)(15,15)) 1
((15,15)(13,6)) 1
((13,6)(17,9)) 1
((23,10)(23,10)) 102
((23,10)(16,13)) 5
((15,13)(16,15)) 3
((16,15)(23,10)) 1
((23,10)(23,9)) 6
((23,9)(23,9)) 14
((23,9)(23,10)) 6
((16,13)(17,28)) 1
((17,28)(17,28)) 24
((17,28)(18,29)) 1
((18,29)(17,21)) 1
((17,21)(16,12)) 1
((16,12)(23,10)) 2
((16,23)(18,29)) 4
((18,29)(16,23)) 3
((16,23)(26,7)) 2
((26,7)(23,10)) 2
((15,14)(8,10)) 2
((8,10)(8,10)) 187
((8,10)(16,13)) 15
((16,13)(8,10)) 13
((15,14)(16,13)) 11
((16,17)(15,9)) 5
((15,9)(16,17)) 8
((16,17)(14,7)) 1
((16,17)(14,8)) 2
((16,17)(16,13)) 2
((16,13)(16,17)) 3
((13,12)(12,12)) 16
((14,12)(17,13)) 11
((17,13)(12,11)) 3
((12,12)(13,12)) 10
((13,12)(17,13)) 4
((17,13)(15,12)) 2
((15,12)(13,12)) 5
((3,7)(3,6)) 1
((3,6)(3,6)) 1
((3,6)(3,7)) 1
((4,8)(7,9)) 1
((7,9)(3,7)) 1
((3,7)(15,9)) 1
((15,9)(3,7)) 1
((10,1)(15,9)) 3
((15,9)(10,1)) 7
((12,11)(7,10)) 7
((7,10)(12,11)) 9
((12,11)(7,11)) 1
((7,11)(7,10)) 1
((12,11)(11,14)) 1
((11,14)(10,10)) 2
((12,11)(6,10)) 4
((15,13)(11,11)) 5
((7,10)(8,10)) 3
((8,10)(8,9)) 1
((8,9)(8,9)) 15
((8,9)(11,11)) 2
((3,7)(25,14)) 1
((25,14)(25,14)) 25
((25,14)(16,12)) 2
((16,12)(15,25)) 1
((15,25)(15,25)) 8
((15,25)(25,14)) 1
((25,14)(8,7)) 1
((8,7)(11,10)) 1
((9,10)(11,11)) 1
((11,11)(9,10)) 1
((9,10)(17,12)) 2
((17,12)(16,13)) 2
((16,13)(9,10)) 1
((17,12)(7,13)) 1
((7,13)(7,13)) 3
((7,13)(7,12)) 1
((7,12)(7,12)) 9
((7,12)(9,10)) 1
((16,13)(16,14)) 6
((16,14)(16,15)) 8
((16,15)(15,12)) 3
((15,11)(15,9)) 8
((15,9)(11,14)) 6
((11,14)(14,12)) 1
((14,12)(11,14)) 4
((18,19)(15,11)) 7
((15,11)(18,19)) 4
((14,10)(15,11)) 2
((15,10)(15,7)) 2
((15,7)(18,19)) 1
((13,19)(14,19)) 1
((14,19)(14,19)) 3
((14,19)(13,19)) 1
((13,19)(15,12)) 2
((15,12)(14,19)) 1
((14,19)(12,19)) 1
((12,19)(12,19)) 10
((12,19)(13,20)) 2
((13,20)(13,20)) 5
((9,8)(10,7)) 1
((13,9)(10,7)) 2
((10,7)(9,8)) 1
((9,8)(10,8)) 3
((10,8)(10,8)) 4
((13,14)(13,13)) 2
((13,13)(13,14)) 2
((13,14)(16,15)) 5
((16,11)(12,28)) 1
((12,28)(12,21)) 4
((12,21)(14,20)) 2
((14,20)(16,11)) 2
((16,11)(16,26)) 1
((16,26)(16,26)) 4
((16,26)(14,28)) 1
((14,20)(16,23)) 1
((16,23)(16,11)) 1
((12,28)(12,27)) 4
((12,27)(12,27)) 8
((12,27)(12,28)) 6
((12,28)(14,20)) 1
((14,20)(12,21)) 1
((12,21)(12,28)) 3
((12,21)(12,27)) 1
((14,21)(14,21)) 31
((14,21)(15,12)) 5
((15,12)(14,21)) 3
((15,12)(22,6)) 1
((22,6)(16,4)) 1
((15,9)(15,10)) 13
((16,12)(14,12)) 7
((9,11)(9,7)) 1
((17,9)(15,12)) 5
((13,12)(5,14)) 5
((11,11)(8,10)) 9
((8,10)(9,9)) 4
((9,9)(15,13)) 2
((15,13)(15,10)) 1
((15,10)(13,12)) 1
((13,12)(9,9)) 2
((9,9)(13,8)) 1
((13,8)(15,12)) 2
((15,11)(8,10)) 1
((8,10)(6,9)) 2
((6,9)(8,10)) 2
((11,19)(11,19)) 166
((11,19)(12,18)) 4
((12,18)(12,18)) 20
((18,9)(18,11)) 5
((18,11)(17,11)) 1
((17,11)(18,11)) 3
((18,9)(17,10)) 3
((19,16)(19,14)) 2
((19,14)(19,14)) 14
((19,14)(18,16)) 1
((18,16)(18,16)) 1
((18,16)(19,16)) 1
((19,16)(17,14)) 1
((17,14)(18,15)) 1
((18,15)(18,15)) 8
((18,15)(19,15)) 5
((19,15)(18,15)) 1
((18,15)(16,13)) 1
((17,13)(17,14)) 2
((18,14)(18,15)) 4
((19,16)(18,14)) 1
((18,14)(17,13)) 2
((15,13)(16,14)) 3
((16,14)(18,14)) 2
((14,11)(19,15)) 5
((20,15)(19,15)) 9
((19,15)(14,11)) 5
((14,11)(14,12)) 3
((14,12)(20,15)) 1
((20,15)(14,11)) 1
((13,6)(11,10)) 1
((12,0)(4,8)) 1
((7,6)(19,10)) 1
((19,10)(21,7)) 1
((21,7)(21,7)) 6
((21,7)(14,7)) 1
((11,10)(11,11)) 3
((11,11)(4,8)) 3
((14,10)(15,9)) 8
((11,11)(15,12)) 3
((15,12)(18,11)) 3
((18,11)(15,12)) 1
((18,11)(18,10)) 1
((18,10)(15,10)) 2
((15,10)(18,12)) 1
((18,12)(27,6)) 1
((27,6)(18,12)) 1
((5,14)(15,11)) 1
((15,11)(15,8)) 1
((15,11)(14,12)) 3
((15,11)(12,9)) 1
((16,25)(13,10)) 6
((13,10)(16,25)) 5
((16,25)(12,28)) 1
((12,28)(16,25)) 2
((15,12)(14,13)) 8
((14,13)(19,10)) 3
((19,10)(14,13)) 6
((14,13)(18,10)) 3
((18,10)(19,10)) 3
((19,10)(18,9)) 3
((18,9)(19,10)) 2
((13,9)(15,7)) 1
((15,7)(19,7)) 1
((19,7)(19,7)) 25
((19,7)(18,9)) 2
((16,12)(18,9)) 14
((11,11)(6,6)) 1
((7,6)(18,9)) 1
((18,7)(19,2)) 1
((19,2)(19,2)) 5
((19,2)(19,3)) 1
((19,3)(6,7)) 1
((16,9)(14,10)) 3
((12,11)(18,11)) 2
((16,13)(21,8)) 1
((21,8)(16,7)) 1
((16,7)(15,9)) 14
((10,1)(14,8)) 3
((14,8)(13,8)) 4
((6,11)(6,11)) 65
((6,11)(8,10)) 1
((8,10)(15,13)) 1
((15,13)(6,10)) 1
((6,10)(8,10)) 2
((8,10)(7,12)) 2
((7,12)(6,9)) 2
((6,10)(7,12)) 1
((12,0)(16,2)) 1
((16,2)(12,0)) 2
((16,13)(18,9)) 12
((18,9)(14,9)) 3
((5,14)(7,11)) 1
((7,11)(5,14)) 1
((16,13)(26,7)) 8
((26,7)(18,12)) 3
((18,12)(17,13)) 3
((14,11)(13,12)) 4
((16,13)(18,12)) 6
((18,12)(23,10)) 1
((23,10)(26,7)) 1
((26,7)(20,10)) 4
((15,9)(14,11)) 2
((13,9)(27,24)) 6
((27,24)(14,11)) 3
((14,11)(20,10)) 1
((20,10)(14,11)) 1
((27,24)(19,15)) 4
((19,15)(27,24)) 4
((13,11)(14,12)) 5
((16,13)(9,11)) 8
((10,13)(9,11)) 1
((25,14)(28,14)) 1
((16,14)(28,14)) 1
((28,14)(24,14)) 2
((24,14)(24,14)) 16
((24,14)(16,13)) 1
((16,13)(24,14)) 3
((24,14)(19,18)) 1
((19,18)(15,9)) 1
((9,4)(13,9)) 4
((9,4)(7,2)) 3
((7,2)(7,2)) 53
((7,2)(9,4)) 5
((10,5)(14,11)) 2
((14,11)(14,10)) 3
((14,10)(15,10)) 2
((15,10)(13,9)) 1
((12,0)(13,6)) 4
((13,6)(15,9)) 6
((15,9)(13,6)) 11
((16,13)(18,14)) 9
((18,14)(17,18)) 1
((17,18)(15,14)) 1
((15,14)(15,13)) 5
((15,10)(14,10)) 2
((14,10)(14,9)) 3
((14,9)(15,9)) 22
((13,9)(9,7)) 13
((13,9)(12,11)) 3
((13,11)(12,9)) 1
((12,9)(15,12)) 2
((9,7)(13,10)) 1
((19,3)(17,6)) 1
((17,6)(17,6)) 26
((17,6)(16,6)) 1
((16,6)(15,9)) 2
((16,12)(17,6)) 1
((17,6)(14,8)) 1
((13,8)(14,9)) 1
((14,12)(5,14)) 1
((5,14)(12,21)) 1
((12,21)(14,25)) 1
((14,25)(12,21)) 1
((12,21)(11,21)) 2
((11,21)(11,21)) 15
((18,9)(16,11)) 12
((16,11)(16,10)) 9
((16,10)(16,11)) 6
((13,12)(10,11)) 3
((10,11)(2,7)) 6
((2,7)(2,7)) 7
((2,7)(16,9)) 2
((16,9)(12,9)) 7
((12,9)(11,10)) 10
((10,10)(10,11)) 11
((10,11)(17,9)) 1
((2,7)(17,9)) 3
((16,6)(16,7)) 4
((16,7)(16,13)) 8
((18,19)(14,12)) 1
((14,11)(15,10)) 3
((13,10)(14,12)) 3
((18,9)(16,12)) 11
((16,12)(14,10)) 1
((16,12)(17,9)) 2
((15,9)(17,9)) 16
((16,13)(18,11)) 7
((18,11)(21,8)) 1
((21,8)(21,7)) 1
((21,7)(21,8)) 3
((21,8)(19,10)) 2
((19,10)(16,12)) 1
((16,15)(16,14)) 3
((16,14)(17,15)) 1
((17,15)(19,15)) 2
((19,15)(15,9)) 2
((12,4)(10,1)) 3
((10,1)(11,2)) 5
((11,2)(11,2)) 28
((11,2)(12,4)) 6
((12,4)(11,2)) 2
((11,2)(10,1)) 1
((12,4)(15,9)) 1
((16,13)(12,4)) 2
((6,11)(7,11)) 3
((7,11)(6,11)) 2
((14,12)(21,10)) 1
((21,10)(14,11)) 1
((14,11)(13,10)) 1
((14,11)(12,11)) 1
((17,9)(12,11)) 8
((12,11)(17,9)) 6
((17,9)(18,2)) 10
((18,2)(18,2)) 29
((18,2)(17,9)) 11
((18,2)(12,11)) 2
((12,11)(18,2)) 2
((15,9)(25,11)) 2
((25,11)(25,11)) 18
((25,11)(15,10)) 4
((15,10)(21,10)) 1
((27,6)(29,10)) 1
((29,10)(29,10)) 10
((29,10)(25,11)) 1
((25,11)(24,12)) 1
((24,12)(24,12)) 3
((13,11)(14,11)) 6
((13,11)(13,9)) 2
((13,11)(15,13)) 1
((15,13)(14,11)) 2
((15,13)(26,7)) 1
((26,7)(13,12)) 4
((16,13)(27,6)) 2
((24,9)(24,9)) 28
((24,9)(13,9)) 1
((13,9)(13,7)) 3
((13,7)(13,6)) 5
((13,5)(10,10)) 1
((16,0)(16,13)) 1
((12,16)(13,14)) 3
((13,14)(11,13)) 2
((11,13)(18,9)) 2
((18,9)(11,13)) 3
((12,16)(18,9)) 5
((18,9)(15,15)) 2
((15,15)(16,15)) 4
((16,15)(18,9)) 1
((11,13)(12,16)) 3
((12,16)(18,10)) 2
((4,4)(4,4)) 9
((4,4)(4,5)) 1
((4,5)(4,4)) 1
((4,4)(16,13)) 1
((16,13)(9,16)) 1
((9,16)(9,16)) 4
((9,16)(4,4)) 1
((13,9)(11,6)) 4
((11,6)(11,6)) 63
((11,6)(13,9)) 3
((13,9)(12,0)) 1
((16,8)(16,6)) 1
((16,7)(16,6)) 3
((16,6)(14,10)) 1
((14,10)(16,8)) 2
((16,8)(13,9)) 1
((13,9)(16,7)) 4
((18,8)(15,9)) 1
((19,15)(18,12)) 3
((18,12)(18,10)) 1
((18,8)(19,15)) 1
((19,15)(18,8)) 1
((18,10)(18,12)) 1
((18,12)(19,15)) 3
((18,9)(17,8)) 4
((17,8)(18,8)) 4
((12,1)(13,2)) 6
((13,2)(13,2)) 19
((13,2)(13,5)) 5
((13,5)(12,1)) 6
((12,1)(13,5)) 2
((13,5)(14,12)) 1
((14,12)(11,19)) 2
((11,19)(14,12)) 3
((15,9)(13,2)) 5
((13,2)(12,1)) 1
((26,24)(26,24)) 2
((26,24)(21,20)) 1
((21,20)(26,23)) 1
((26,23)(27,24)) 2
((27,24)(26,24)) 1
((26,24)(26,23)) 1
((27,24)(13,9)) 1
((15,27)(18,20)) 3
((16,7)(15,10)) 3
((15,10)(16,13)) 5
((15,10)(16,7)) 2
((8,10)(13,9)) 4
((13,9)(8,10)) 2
((14,10)(8,10)) 1
((8,10)(17,13)) 1
((17,13)(16,5)) 1
((16,5)(8,10)) 1
((12,7)(12,7)) 58
((12,7)(16,13)) 2
((13,9)(12,7)) 3
((12,7)(13,9)) 5
((11,14)(12,7)) 1
((12,7)(15,9)) 1
((16,13)(12,7)) 1
((16,13)(17,9)) 4
((16,10)(16,9)) 2
((16,9)(16,10)) 1
((16,10)(17,11)) 1
((17,11)(16,2)) 1
((11,14)(13,9)) 3
((13,8)(18,9)) 1
((18,9)(17,11)) 1
((12,19)(13,19)) 3
((13,19)(12,19)) 4
((13,20)(13,19)) 2
((12,19)(12,28)) 1
((14,12)(26,7)) 2
((26,7)(14,12)) 1
((21,10)(26,6)) 3
((26,6)(14,12)) 1
((14,12)(26,6)) 1
((26,6)(27,6)) 3
((16,16)(15,16)) 1
((15,16)(14,16)) 1
((14,16)(17,21)) 1
((17,21)(13,9)) 1
((15,12)(15,16)) 1
((15,16)(17,21)) 3
((17,21)(17,22)) 3
((17,22)(15,12)) 1
((13,9)(15,16)) 1
((17,21)(15,16)) 2
((15,9)(15,13)) 4
((15,13)(19,17)) 1
((19,17)(18,17)) 1
((14,13)(18,9)) 1
((18,9)(16,7)) 1
((16,7)(13,9)) 3
((13,8)(10,5)) 2
((17,21)(16,23)) 3
((17,21)(13,26)) 2
((13,26)(17,21)) 1
((13,26)(17,22)) 1
((13,10)(9,4)) 1
((13,9)(12,16)) 1
((12,16)(12,9)) 1
((15,13)(15,17)) 3
((15,17)(16,17)) 2
((16,17)(17,14)) 1
((17,14)(17,13)) 1
((17,13)(15,13)) 4
((19,1)(19,1)) 22
((19,1)(16,11)) 4
((16,11)(19,1)) 4
((14,12)(12,13)) 1
((12,13)(14,12)) 1
((15,21)(16,14)) 1
((16,14)(13,9)) 1
((13,12)(4,8)) 8
((13,13)(14,12)) 4
((14,12)(13,13)) 6
((12,9)(3,5)) 1
((3,5)(3,5)) 29
((3,5)(13,12)) 1
((4,8)(3,5)) 1
((3,5)(16,10)) 1
((16,10)(17,9)) 3
((17,9)(19,11)) 1
((19,11)(18,14)) 2
((16,13)(12,9)) 1
((13,2)(16,11)) 2
((13,2)(15,9)) 2
((8,8)(8,8)) 22
((8,8)(6,10)) 1
((6,10)(12,11)) 5
((6,9)(8,8)) 2
((8,8)(12,11)) 1
((8,8)(6,9)) 2
((12,11)(9,9)) 1
((9,9)(8,8)) 1
((13,10)(6,6)) 2
((6,6)(5,5)) 3
((5,5)(5,5)) 12
((5,5)(13,10)) 2
((13,10)(11,10)) 2
((11,10)(6,6)) 2
((6,6)(13,10)) 1
((13,10)(5,5)) 1
((13,12)(15,8)) 3
((15,9)(17,1)) 1
((10,11)(16,13)) 1
((9,11)(10,11)) 2
((10,11)(9,11)) 5
((9,11)(15,12)) 1
((15,12)(9,11)) 1
((16,15)(15,14)) 2
((15,14)(14,14)) 1
((14,14)(16,13)) 2
((17,13)(11,10)) 1
((11,10)(13,12)) 2
((16,13)(13,14)) 2
((14,12)(4,8)) 3
((20,17)(14,12)) 1
((14,12)(12,16)) 3
((11,14)(25,17)) 1
((25,17)(25,17)) 7
((6,6)(9,4)) 1
((9,4)(9,7)) 3
((9,7)(6,6)) 4
((8,7)(9,4)) 1
((9,4)(10,3)) 1
((10,3)(10,2)) 1
((10,2)(10,2)) 85
((10,2)(10,1)) 4
((24,2)(25,4)) 2
((25,4)(26,7)) 2
((26,7)(27,6)) 2
((27,6)(26,5)) 1
((26,5)(25,4)) 1
((26,7)(24,2)) 1
((27,6)(25,4)) 1
((16,0)(14,12)) 2
((14,12)(16,0)) 1
((20,16)(16,13)) 2
((16,13)(20,16)) 2
((20,16)(16,12)) 1
((15,11)(17,13)) 1
((16,13)(10,11)) 2
((10,11)(11,11)) 3
((15,9)(15,18)) 1
((15,18)(15,18)) 1
((15,18)(15,9)) 1
((14,8)(14,11)) 1
((11,11)(26,23)) 1
((26,23)(11,11)) 1
((16,13)(26,23)) 2
((26,23)(16,13)) 1
((13,6)(14,9)) 2
((15,12)(12,11)) 3
((12,11)(15,12)) 4
((12,12)(14,12)) 2
((17,14)(15,15)) 1
((17,14)(14,12)) 1
((15,9)(16,7)) 10
((16,2)(18,9)) 1
((16,8)(16,7)) 5
((16,7)(16,12)) 5
((9,4)(15,11)) 1
((14,11)(7,2)) 1
((7,2)(8,3)) 1
((8,3)(10,5)) 1
((10,5)(9,4)) 2
((8,3)(7,2)) 2
((13,10)(13,18)) 2
((13,18)(13,18)) 15
((13,18)(13,10)) 2
((13,10)(14,14)) 3
((14,14)(13,10)) 1
((13,10)(12,19)) 1
((9,11)(10,5)) 2
((10,5)(15,9)) 1
((9,11)(12,9)) 1
((12,9)(11,19)) 1
((17,11)(16,13)) 1
((15,15)(15,14)) 5
((16,12)(11,11)) 1
((12,9)(11,8)) 1
((11,8)(11,8)) 12
((11,8)(13,12)) 1
((13,12)(18,10)) 1
((18,10)(11,11)) 2
((12,18)(13,9)) 1
((13,9)(11,3)) 2
((11,3)(9,4)) 2
((9,4)(16,11)) 1
((16,11)(9,4)) 1
((9,4)(13,10)) 1
((13,12)(13,7)) 2
((13,9)(16,11)) 1
((4,9)(13,12)) 3
((13,12)(8,11)) 5
((8,11)(4,9)) 1
((4,9)(10,1)) 1
((18,12)(18,11)) 8
((18,13)(18,14)) 2
((18,14)(18,12)) 1
((16,8)(16,11)) 3
((16,12)(13,12)) 1
((13,12)(13,11)) 2
((18,14)(19,11)) 1
((19,11)(18,10)) 1
((15,11)(15,14)) 1
((15,14)(17,12)) 1
((17,12)(18,12)) 3
((17,13)(18,13)) 8
((16,13)(5,14)) 1
((4,9)(3,7)) 1
((15,26)(14,12)) 2
((14,13)(15,21)) 1
((15,21)(16,23)) 1
((16,23)(15,27)) 2
((15,27)(14,12)) 5
((14,12)(15,27)) 4
((14,12)(16,12)) 7
((16,12)(15,27)) 1
((14,12)(12,11)) 4
((16,13)(15,27)) 4
((15,27)(15,9)) 1
((15,9)(15,27)) 2
((6,2)(6,2)) 5
((6,2)(4,7)) 1
((4,7)(6,3)) 1
((6,3)(5,3)) 1
((5,3)(6,3)) 1
((6,3)(6,2)) 1
((6,2)(5,5)) 1
((5,5)(5,6)) 1
((5,6)(5,7)) 1
((5,7)(5,7)) 28
((5,7)(5,6)) 1
((5,6)(6,2)) 1
((18,23)(18,23)) 8
((18,23)(17,22)) 1
((17,22)(18,23)) 1
((18,23)(12,18)) 1
((12,18)(11,19)) 3
((11,19)(18,24)) 1
((18,24)(11,19)) 1
((12,18)(18,24)) 3
((17,22)(18,24)) 1
((18,24)(12,18)) 1
((18,24)(18,23)) 2
((18,23)(18,24)) 1
((18,24)(14,25)) 1
((14,25)(11,19)) 1
((3,7)(14,12)) 2
((14,12)(3,7)) 1
((3,7)(15,12)) 1
((15,12)(3,7)) 1
((3,7)(9,16)) 1
((9,16)(11,13)) 2
((11,13)(12,12)) 1
((12,12)(12,15)) 1
((16,12)(16,6)) 1
((16,6)(16,12)) 1
((13,13)(11,14)) 1
((11,14)(11,13)) 1
((11,13)(16,12)) 1
((24,14)(28,14)) 1
((28,14)(28,16)) 1
((28,16)(28,16)) 12
((28,16)(28,15)) 2
((28,15)(28,15)) 5
((28,15)(28,14)) 2
((18,11)(18,12)) 8
((18,12)(24,9)) 1
((24,9)(15,12)) 1
((15,12)(19,11)) 1
((19,11)(17,13)) 2
((15,12)(17,13)) 3
((27,21)(27,24)) 3
((27,24)(27,21)) 1
((27,24)(28,22)) 1
((4,5)(13,9)) 1
((14,7)(12,1)) 1
((12,1)(15,13)) 1
((15,13)(14,5)) 1
((14,5)(12,1)) 2
((12,1)(14,5)) 1
((12,1)(16,9)) 1
((16,9)(12,1)) 1
((5,7)(6,7)) 2
((6,7)(5,8)) 1
((5,8)(5,8)) 12
((5,8)(5,7)) 1
((6,10)(7,9)) 6
((7,9)(8,8)) 1
((8,8)(9,9)) 1
((9,9)(9,8)) 3
((9,8)(9,6)) 3
((9,6)(10,5)) 2
((10,5)(9,6)) 1
((9,6)(9,7)) 3
((9,7)(9,8)) 2
((9,8)(9,9)) 2
((9,9)(7,8)) 1
((7,8)(7,9)) 1
((19,15)(23,17)) 4
((23,17)(23,17)) 9
((23,17)(24,19)) 1
((24,19)(24,19)) 4
((24,19)(6,10)) 1
((7,9)(9,11)) 1
((9,11)(12,11)) 1
((26,7)(28,14)) 1
((28,14)(28,15)) 1
((28,15)(28,17)) 1
((28,17)(28,17)) 1
((28,17)(27,18)) 1
((27,18)(28,15)) 1
((28,15)(28,11)) 1
((28,11)(28,11)) 4
((28,11)(26,7)) 1
((26,7)(24,8)) 1
((24,8)(24,9)) 1
((24,9)(23,10)) 1
((23,10)(21,10)) 8
((21,10)(20,10)) 4
((20,10)(19,11)) 1
((19,11)(8,10)) 1
((8,10)(7,9)) 2
((15,11)(14,7)) 2
((14,7)(13,3)) 2
((13,3)(13,3)) 29
((13,3)(15,11)) 4
((15,11)(13,3)) 2
((13,3)(14,7)) 3
((14,7)(15,11)) 3
((12,0)(13,3)) 1
((15,9)(13,3)) 3
((14,9)(12,11)) 1
((15,27)(19,13)) 1
((19,13)(18,14)) 1
((18,14)(19,13)) 1
((19,13)(22,8)) 1
((22,8)(15,27)) 2
((15,27)(15,14)) 1
((15,14)(18,14)) 1
((18,14)(22,8)) 1
((15,27)(13,12)) 2
((15,8)(13,12)) 1
((13,12)(15,27)) 2
((16,2)(16,7)) 3
((16,7)(15,12)) 1
((14,12)(16,1)) 1
((16,1)(18,0)) 1
((18,0)(18,0)) 3
((18,0)(17,9)) 1
((13,12)(12,11)) 9
((12,11)(13,12)) 10
((15,9)(18,6)) 4
((18,6)(20,5)) 4
((20,5)(14,10)) 3
((13,12)(15,10)) 2
((15,10)(16,1)) 2
((16,1)(13,12)) 1
((16,1)(14,11)) 1
((13,5)(12,7)) 11
((13,9)(13,6)) 5
((13,6)(12,0)) 2
((12,9)(26,6)) 2
((14,13)(12,16)) 2
((12,16)(12,15)) 1
((12,15)(12,16)) 1
((12,16)(12,28)) 8
((12,28)(14,12)) 4
((12,28)(15,11)) 2
((15,11)(13,12)) 2
((15,15)(16,12)) 3
((15,9)(13,7)) 4
((13,7)(10,1)) 3
((10,1)(10,0)) 2
((10,0)(10,0)) 4
((10,0)(10,1)) 1
((10,1)(9,0)) 1
((9,0)(9,0)) 2
((9,0)(12,3)) 1
((12,3)(12,5)) 2
((12,5)(14,8)) 1
((14,8)(15,9)) 15
((16,13)(16,25)) 5
((16,25)(14,12)) 2
((15,15)(17,18)) 2
((17,18)(16,25)) 3
((16,25)(15,15)) 8
((15,15)(15,9)) 1
((15,9)(9,1)) 1
((9,1)(9,1)) 1
((9,1)(14,8)) 1
((15,27)(16,12)) 2
((16,12)(15,10)) 2
((10,1)(16,25)) 1
((17,18)(15,15)) 3
((10,0)(9,0)) 1
((9,0)(10,1)) 1
((15,9)(13,29)) 1
((13,29)(13,29)) 1
((7,2)(16,13)) 2
((16,13)(7,2)) 1
((19,7)(9,4)) 2
((9,4)(19,7)) 2
((19,7)(13,9)) 2
((9,4)(11,10)) 1
((18,9)(19,7)) 3
((19,7)(17,10)) 1
((17,10)(16,11)) 3
((11,11)(19,7)) 1
((13,12)(10,10)) 3
((10,13)(11,12)) 1
((21,10)(11,14)) 1
((11,14)(15,12)) 1
((15,11)(11,14)) 2
((11,14)(23,10)) 1
((13,10)(18,9)) 1
((18,9)(13,10)) 2
((13,12)(13,10)) 7
((18,13)(18,7)) 1
((18,7)(15,13)) 1
((18,7)(16,13)) 1
((10,10)(4,9)) 1
((11,14)(15,9)) 2
((16,7)(18,7)) 1
((13,9)(8,7)) 3
((8,7)(13,9)) 2
((13,9)(7,6)) 4
((7,6)(14,12)) 6
((17,13)(7,6)) 1
((7,6)(8,11)) 1
((8,11)(13,12)) 3
((18,11)(15,11)) 1
((15,11)(18,11)) 1
((15,9)(23,10)) 1
((15,9)(18,20)) 1
((10,10)(6,10)) 1
((16,7)(16,8)) 3
((16,8)(16,9)) 2
((16,9)(16,8)) 1
((16,7)(17,9)) 2
((17,9)(16,7)) 2
((14,12)(16,7)) 2
((16,13)(30,13)) 2
((30,13)(30,13)) 5
((30,13)(19,15)) 1
((30,13)(16,13)) 1
((19,15)(30,13)) 1
((7,9)(10,10)) 1
((11,10)(15,8)) 3
((15,8)(11,10)) 1
((7,9)(15,9)) 1
((11,10)(7,8)) 2
((7,8)(11,10)) 1
((7,8)(10,9)) 1
((10,9)(11,10)) 1
((15,8)(7,8)) 1
((7,8)(8,8)) 1
((8,8)(10,9)) 1
((15,8)(6,10)) 1
((11,11)(16,8)) 1
((16,7)(13,12)) 4
((13,12)(16,7)) 3
((16,7)(14,9)) 1
((16,8)(14,16)) 1
((14,16)(16,7)) 1
((16,7)(15,8)) 1
((24,9)(26,7)) 4
((26,7)(16,13)) 4
((16,13)(24,9)) 1
((26,7)(24,9)) 3
((26,7)(14,25)) 2
((14,25)(13,26)) 2
((13,26)(26,7)) 2
((24,9)(14,25)) 1
((14,25)(24,9)) 1
((24,9)(16,13)) 2
((16,17)(24,9)) 1
((14,9)(14,8)) 3
((20,10)(15,9)) 1
((15,9)(11,13)) 1
((11,13)(12,21)) 2
((13,9)(15,13)) 2
((15,13)(18,9)) 2
((18,9)(18,6)) 3
((18,6)(18,5)) 2
((18,5)(18,5)) 14
((18,5)(15,11)) 1
((15,10)(14,11)) 3
((18,9)(18,5)) 3
((19,0)(19,0)) 45
((19,0)(18,6)) 4
((18,6)(13,9)) 2
((13,9)(11,5)) 3
((11,5)(11,6)) 1
((13,9)(19,0)) 2
((19,0)(22,2)) 3
((22,2)(22,2)) 11
((22,2)(11,6)) 1
((11,6)(19,0)) 1
((22,2)(19,3)) 1
((11,5)(13,9)) 3
((22,2)(18,6)) 1
((11,5)(22,2)) 1
((22,2)(19,0)) 1
((18,6)(18,9)) 4
((11,6)(11,5)) 1
((10,10)(4,8)) 1
((4,8)(16,2)) 1
((16,2)(22,2)) 1
((22,2)(18,5)) 1
((18,5)(18,9)) 3
((18,9)(18,12)) 7
((18,9)(20,8)) 7
((20,8)(20,8)) 13
((20,8)(20,7)) 2
((18,9)(19,0)) 8
((16,11)(21,10)) 1
((13,9)(10,5)) 3
((14,11)(16,11)) 1
((6,7)(7,6)) 4
((6,7)(6,8)) 3
((6,8)(6,8)) 25
((6,8)(6,7)) 3
((6,7)(7,7)) 2
((7,6)(8,6)) 1
((8,6)(7,6)) 1
((7,6)(4,9)) 1
((12,11)(18,10)) 2
((18,10)(12,12)) 1
((18,10)(12,11)) 1
((12,12)(18,10)) 1
((18,10)(13,9)) 1
((13,13)(19,15)) 1
((13,13)(16,14)) 1
((11,11)(13,12)) 5
((4,8)(13,12)) 7
((4,9)(15,12)) 2
((14,12)(15,11)) 4
((15,12)(4,9)) 1
((14,13)(13,14)) 1
((13,14)(12,14)) 4
((12,14)(14,15)) 1
((14,14)(12,14)) 1
((12,14)(16,18)) 1
((16,18)(16,18)) 1
((16,18)(5,13)) 1
((5,13)(11,12)) 1
((12,11)(4,8)) 4
((4,8)(12,11)) 2
((12,11)(14,13)) 1
((14,13)(4,8)) 1
((4,8)(10,11)) 1
((10,11)(11,13)) 4
((11,13)(4,8)) 1
((4,9)(11,13)) 1
((10,13)(4,8)) 1
((27,6)(16,13)) 1
((16,13)(21,10)) 4
((21,10)(17,13)) 3
((13,10)(13,9)) 4
((12,8)(13,10)) 3
((13,10)(11,8)) 2
((11,8)(12,8)) 1
((13,10)(12,8)) 1
((11,8)(13,9)) 4
((13,9)(11,8)) 4
((12,28)(11,28)) 1
((11,28)(11,28)) 2
((14,13)(14,11)) 1
((15,12)(13,20)) 1
((13,19)(14,13)) 1
((14,13)(15,9)) 4
((14,11)(14,13)) 1
((13,19)(14,11)) 1
((15,9)(14,13)) 2
((8,2)(9,11)) 2
((13,10)(12,12)) 1
((13,12)(9,11)) 5
((12,12)(15,9)) 2
((8,2)(9,4)) 1
((9,4)(9,11)) 3
((13,12)(9,4)) 1
((12,12)(9,11)) 1
((12,12)(8,2)) 1
((8,2)(13,12)) 1
((9,11)(9,4)) 1
((9,4)(8,2)) 1
((13,6)(17,11)) 1
((17,11)(13,9)) 1
((13,12)(19,0)) 1
((13,9)(11,2)) 1
((11,14)(15,13)) 1
((11,11)(16,11)) 1
((16,11)(15,10)) 1
((11,11)(15,13)) 6
((12,28)(15,12)) 2
((14,13)(14,16)) 1
((14,16)(13,12)) 1
((14,13)(15,12)) 7
((9,6)(16,13)) 1
((16,13)(10,9)) 1
((9,6)(10,9)) 1
((10,9)(9,6)) 1
((9,6)(12,11)) 1
((12,11)(9,6)) 1
((9,6)(14,12)) 1
((11,2)(12,5)) 1
((12,5)(13,7)) 1
((14,12)(14,25)) 2
((14,25)(15,25)) 1
((15,25)(16,25)) 1
((12,5)(11,2)) 1
((11,2)(12,3)) 5
((12,3)(15,9)) 4
((15,9)(11,2)) 4
((11,2)(15,8)) 1
((12,3)(14,8)) 3
((15,9)(12,3)) 2
((12,3)(11,2)) 1
((14,8)(19,15)) 2
((19,15)(14,8)) 2
((14,8)(12,3)) 1
((16,12)(13,10)) 2
((13,10)(14,10)) 1
((14,10)(16,2)) 1
((12,7)(14,14)) 1
((14,14)(15,14)) 2
((9,10)(9,11)) 4
((9,10)(10,10)) 3
((10,10)(9,11)) 6
((4,8)(16,13)) 2
((14,9)(14,13)) 1
((15,9)(18,10)) 1
((15,9)(16,6)) 8
((15,13)(14,9)) 1
((16,6)(14,21)) 1
((14,21)(15,9)) 1
((15,9)(9,4)) 3
((9,11)(14,12)) 2
((16,13)(26,15)) 2
((26,15)(26,15)) 4
((26,15)(26,17)) 4
((26,17)(26,17)) 7
((26,17)(26,15)) 1
((26,17)(25,17)) 3
((25,17)(26,17)) 3
((26,17)(26,16)) 2
((26,16)(26,16)) 2
((26,16)(26,15)) 1
((26,17)(19,15)) 1
((18,9)(13,12)) 3
((13,12)(18,9)) 2
((18,9)(12,12)) 1
((12,12)(18,9)) 1
((18,5)(16,7)) 1
((18,9)(16,5)) 1
((5,4)(5,4)) 14
((5,4)(6,6)) 3
((6,6)(12,9)) 3
((12,9)(16,13)) 3
((11,11)(5,4)) 1
((7,6)(10,10)) 1
((9,11)(9,8)) 4
((9,8)(6,6)) 1
((22,8)(15,9)) 6
((15,9)(22,8)) 6
((14,5)(15,9)) 1
((17,13)(15,9)) 3
((5,14)(6,10)) 1
((6,10)(13,9)) 2
((16,11)(11,9)) 1
((11,9)(16,11)) 1
((16,11)(9,7)) 1
((5,5)(7,7)) 1
((18,9)(20,6)) 1
((20,6)(13,9)) 1
((13,9)(10,1)) 2
((14,8)(18,9)) 1
((10,1)(14,10)) 1
((11,11)(10,11)) 3
((9,11)(10,10)) 2
((7,7)(16,11)) 1
((16,11)(7,7)) 1
((7,7)(6,7)) 1
((4,9)(5,13)) 1
((23,14)(23,14)) 19
((23,14)(21,14)) 3
((21,14)(21,14)) 18
((21,14)(15,15)) 3
((15,15)(15,19)) 4
((15,19)(15,19)) 22
((15,19)(15,13)) 4
((15,13)(23,14)) 3
((23,14)(15,15)) 1
((15,19)(23,14)) 1
((23,14)(16,13)) 2
((13,9)(23,14)) 1
((17,9)(16,23)) 1
((16,23)(13,21)) 1
((13,21)(13,21)) 3
((13,21)(12,28)) 1
((12,28)(14,25)) 1
((14,25)(16,23)) 1
((18,9)(19,12)) 1
((19,12)(19,13)) 1
((19,13)(16,13)) 1
((15,13)(19,13)) 1
((19,13)(19,11)) 1
((19,11)(19,12)) 6
((13,12)(12,21)) 3
((12,21)(13,12)) 4
((12,21)(9,16)) 1
((14,13)(12,9)) 4
((12,9)(16,1)) 1
((15,9)(12,10)) 2
((12,10)(12,10)) 13
((12,10)(14,13)) 2
((14,13)(12,10)) 2
((12,10)(12,9)) 2
((7,8)(13,11)) 1
((18,11)(14,12)) 1
((14,12)(6,7)) 2
((6,7)(7,8)) 1
((7,8)(13,12)) 1
((11,14)(12,12)) 1
((13,12)(7,8)) 1
((7,8)(6,7)) 1
((7,6)(15,9)) 1
((13,9)(6,7)) 1
((6,10)(4,8)) 5
((7,7)(10,10)) 2
((15,9)(7,7)) 4
((7,7)(15,9)) 3
((7,7)(14,9)) 1
((14,9)(7,7)) 1
((7,6)(4,6)) 1
((4,6)(4,6)) 1
((4,6)(6,6)) 1
((6,6)(7,7)) 1
((5,7)(11,11)) 2
((11,11)(20,10)) 2
((20,10)(11,11)) 3
((11,11)(5,7)) 3
((5,7)(20,10)) 1
((5,7)(21,10)) 3
((20,10)(5,7)) 2
((21,10)(5,7)) 1
((5,7)(4,7)) 1
((22,11)(22,11)) 7
((22,11)(23,8)) 3
((23,8)(23,8)) 3
((23,8)(25,7)) 3
((25,7)(25,7)) 6
((25,7)(22,11)) 2
((25,7)(28,12)) 1
((28,12)(28,12)) 1
((16,13)(14,13)) 9
((14,13)(12,12)) 3
((14,12)(12,12)) 3
((12,12)(14,13)) 5
((14,13)(16,13)) 8
((16,13)(12,12)) 1
((14,13)(17,13)) 2
((19,12)(18,13)) 1
((21,20)(17,13)) 3
((17,13)(21,20)) 3
((16,13)(21,20)) 1
((21,20)(16,13)) 1
((10,11)(12,12)) 1
((12,12)(12,13)) 1
((19,12)(17,13)) 1
((17,13)(18,12)) 2
((18,12)(17,9)) 2
((12,11)(14,10)) 1
((14,10)(14,8)) 2
((14,8)(15,12)) 1
((15,12)(15,9)) 7
((13,3)(13,5)) 6
((14,4)(14,3)) 3
((14,3)(14,3)) 3
((14,3)(14,4)) 2
((14,4)(14,7)) 1
((18,9)(20,10)) 1
((21,10)(19,2)) 1
((19,2)(18,9)) 1
((18,9)(14,4)) 1
((10,2)(7,6)) 4
((7,6)(13,12)) 4
((13,12)(14,14)) 4
((14,14)(14,13)) 4
((15,13)(11,6)) 1
((11,6)(10,5)) 1
((9,4)(10,2)) 1
((10,1)(10,2)) 4
((13,12)(15,12)) 4
((15,12)(18,9)) 5
((13,12)(10,2)) 1
((14,14)(13,12)) 5
((13,11)(12,11)) 2
((12,11)(10,9)) 1
((10,9)(7,6)) 1
((7,6)(10,2)) 1
((24,19)(19,15)) 1
((23,17)(19,15)) 3
((19,15)(24,19)) 2
((24,19)(5,13)) 1
((5,13)(15,13)) 1
((15,13)(19,15)) 1
((24,14)(21,14)) 1
((21,14)(19,15)) 1
((16,13)(29,13)) 1
((29,13)(29,13)) 6
((29,13)(27,18)) 1
((27,18)(16,23)) 1
((16,23)(12,16)) 1
((12,14)(14,13)) 1
((14,13)(12,14)) 2
((12,14)(14,14)) 2
((14,14)(15,13)) 1
((15,13)(13,14)) 1
((12,14)(15,12)) 1
((12,11)(16,13)) 6
((13,9)(26,6)) 3
((14,12)(24,9)) 1
((16,12)(19,11)) 1
((19,11)(24,9)) 1
((20,19)(20,19)) 4
((20,19)(13,12)) 3
((16,13)(20,19)) 1
((13,12)(20,19)) 1
((15,12)(15,15)) 1
((15,15)(17,15)) 1
((19,15)(20,19)) 1
((20,19)(25,17)) 1
((15,9)(6,8)) 1
((6,8)(5,8)) 6
((5,8)(4,9)) 1
((4,9)(17,9)) 1
((16,13)(18,13)) 4
((14,12)(18,13)) 4
((18,13)(18,12)) 2
((18,9)(19,3)) 1
((19,3)(19,2)) 1
((19,2)(19,7)) 1
((17,14)(27,21)) 2
((27,21)(24,5)) 1
((24,5)(24,5)) 1
((24,5)(25,18)) 1
((25,18)(25,18)) 2
((25,18)(27,21)) 1
((27,21)(17,14)) 2
((11,11)(17,18)) 2
((16,25)(15,26)) 1
((15,26)(9,11)) 1
((16,25)(10,11)) 1
((10,11)(6,10)) 1
((11,11)(15,15)) 6
((17,18)(15,26)) 1
((15,26)(10,11)) 1
((10,11)(5,11)) 1
((5,11)(5,11)) 4
((5,11)(17,18)) 1
((17,18)(6,10)) 1
((6,10)(9,11)) 1
((9,11)(15,26)) 1
((14,12)(12,9)) 3
((12,9)(12,15)) 1
((12,15)(17,22)) 1
((14,12)(27,24)) 2
((27,24)(5,14)) 1
((11,11)(13,7)) 1
((13,7)(13,9)) 2
((13,9)(5,14)) 1
((13,7)(13,10)) 1
((4,8)(6,8)) 4
((6,8)(4,8)) 4
((2,8)(3,7)) 4
((3,7)(4,9)) 2
((16,13)(3,7)) 1
((5,4)(6,4)) 1
((6,4)(6,4)) 5
((6,4)(5,4)) 1
((6,6)(4,5)) 1
((4,5)(6,4)) 1
((6,4)(5,5)) 1
((5,5)(6,6)) 1
((14,12)(6,4)) 1
((12,14)(11,13)) 2
((11,13)(11,12)) 3
((11,12)(12,14)) 1
((12,14)(11,14)) 2
((11,14)(12,14)) 3
((13,13)(11,13)) 1
((11,13)(12,14)) 1
((16,13)(24,11)) 2
((24,11)(24,11)) 22
((24,11)(16,13)) 1
((17,13)(24,11)) 1
((24,11)(13,10)) 1
((24,11)(24,9)) 1
((24,9)(12,27)) 1
((15,13)(14,14)) 3
((18,9)(14,12)) 9
((14,9)(18,11)) 1
((18,11)(13,9)) 3
((15,9)(16,15)) 1
((16,15)(16,13)) 3
((12,7)(13,5)) 5
((13,5)(13,0)) 1
((12,0)(13,5)) 5
((12,7)(13,0)) 1
((13,5)(12,0)) 3
((15,8)(12,0)) 1
((14,8)(14,9)) 4
((19,0)(18,9)) 7
((14,12)(19,7)) 1
((19,7)(19,0)) 1
((18,9)(17,13)) 1
((15,13)(16,8)) 1
((16,8)(18,6)) 1
((18,6)(19,0)) 1
((19,0)(13,9)) 2
((15,9)(8,5)) 1
((8,5)(8,5)) 19
((15,16)(15,15)) 2
((15,15)(15,16)) 2
((18,13)(6,10)) 2
((6,10)(18,13)) 1
((17,13)(6,10)) 1
((6,10)(13,12)) 3
((5,13)(14,14)) 1
((14,14)(13,9)) 1
((13,9)(15,15)) 1
((15,15)(14,16)) 1
((14,16)(14,15)) 2
((17,28)(15,27)) 5
((15,27)(17,28)) 5
((15,13)(18,12)) 1
((27,24)(16,13)) 3
((16,13)(17,12)) 1
((15,9)(23,7)) 2
((23,7)(23,7)) 7
((23,7)(15,9)) 3
((16,11)(15,8)) 1
((15,12)(24,6)) 1
((24,6)(24,6)) 6
((24,6)(23,7)) 1
((16,1)(19,0)) 1
((18,9)(16,9)) 2
((16,9)(18,0)) 1
((4,9)(6,9)) 1
((14,13)(13,9)) 3
((14,13)(13,18)) 1
((14,9)(17,9)) 3
((16,9)(16,13)) 1
((17,9)(16,13)) 5
((10,10)(15,3)) 1
((15,3)(15,3)) 6
((15,3)(16,2)) 1
((16,2)(15,3)) 1
((15,3)(10,10)) 1
((15,15)(15,27)) 4
((15,27)(16,13)) 1
((15,9)(15,3)) 1
((15,3)(9,11)) 1
((9,11)(13,9)) 2
((13,9)(8,6)) 1
((8,6)(13,9)) 1
((16,20)(16,20)) 5
((16,20)(15,13)) 2
((15,13)(16,20)) 2
((16,20)(16,13)) 1
((13,12)(26,7)) 1
((8,11)(26,7)) 1
((8,11)(16,13)) 1
((18,12)(18,9)) 3
((21,10)(26,7)) 4
((15,12)(19,15)) 4
((19,15)(21,16)) 1
((21,16)(21,16)) 1
((21,16)(13,9)) 1
((14,11)(20,11)) 1
((20,11)(29,10)) 1
((29,10)(16,12)) 1
((18,9)(22,4)) 3
((22,4)(22,4)) 39
((22,4)(16,11)) 1
((14,13)(19,15)) 2
((17,8)(16,8)) 3
((16,8)(17,8)) 2
((16,8)(17,7)) 1
((17,7)(16,8)) 1
((17,8)(15,9)) 3
((17,7)(17,9)) 1
((14,12)(19,10)) 1
((19,10)(14,12)) 1
((19,10)(19,9)) 1
((19,9)(19,9)) 2
((16,10)(16,13)) 1
((17,9)(17,6)) 3
((17,6)(17,9)) 2
((12,11)(17,6)) 1
((15,10)(16,11)) 1
((16,15)(15,28)) 2
((15,28)(15,28)) 11
((15,28)(15,29)) 1
((15,29)(15,29)) 19
((15,29)(16,15)) 2
((16,15)(15,27)) 3
((15,27)(16,15)) 3
((15,28)(16,15)) 1
((11,6)(12,7)) 2
((12,7)(11,6)) 3
((11,6)(16,15)) 1
((16,15)(15,29)) 1
((24,21)(17,21)) 1
((17,21)(16,13)) 5
((16,13)(24,21)) 2
((24,21)(18,13)) 1
((18,13)(23,21)) 1
((23,21)(23,21)) 32
((23,21)(16,23)) 2
((17,21)(23,21)) 1
((17,21)(18,13)) 1
((18,13)(19,11)) 1
((19,11)(23,10)) 1
((16,6)(6,10)) 2
((16,6)(6,11)) 1
((6,11)(15,9)) 1
((28,21)(28,21)) 18
((28,21)(27,21)) 3
((27,21)(28,14)) 1
((28,14)(16,23)) 1
((16,23)(4,8)) 1
((15,9)(5,14)) 1
((8,10)(10,11)) 2
((14,4)(13,5)) 2
((18,9)(15,12)) 3
((15,12)(14,14)) 1
((14,11)(11,10)) 1
((11,10)(9,8)) 3
((9,8)(17,9)) 1
((9,4)(12,7)) 1
((12,7)(11,0)) 1
((11,0)(11,0)) 3
((11,0)(9,4)) 1
((15,27)(19,18)) 1
((19,18)(9,9)) 1
((9,9)(15,12)) 1
((15,12)(16,7)) 1
((16,7)(11,29)) 1
((11,29)(11,29)) 2
((11,29)(11,19)) 1
((11,19)(12,16)) 3
((12,16)(14,12)) 4
((3,7)(16,13)) 1
((15,12)(16,11)) 2
((27,6)(26,6)) 3
((17,13)(13,12)) 5
((13,12)(5,13)) 2
((5,14)(5,12)) 1
((5,12)(5,12)) 6
((5,12)(6,12)) 1
((6,12)(6,12)) 1
((6,12)(16,13)) 1
((9,11)(12,14)) 1
((12,14)(13,14)) 3
((11,13)(14,16)) 1
((14,16)(11,13)) 1
((27,21)(26,20)) 1
((26,20)(26,20)) 1
((26,20)(27,21)) 1
((22,14)(19,15)) 3
((19,15)(22,14)) 1
((16,7)(18,9)) 1
((18,9)(14,11)) 1
((14,8)(23,17)) 2
((23,17)(14,8)) 2
((5,14)(12,11)) 1
((5,14)(15,12)) 1
((15,13)(5,14)) 1
((5,14)(15,9)) 1
((15,9)(6,10)) 3
((14,15)(14,12)) 2
((14,13)(14,15)) 1
((14,15)(15,12)) 1
((13,9)(15,12)) 3
((15,12)(14,15)) 1
((14,15)(13,15)) 2
((13,15)(13,15)) 2
((13,15)(13,9)) 1
((13,9)(14,15)) 1
((15,13)(14,15)) 1
((14,12)(18,12)) 1
((18,12)(15,15)) 1
((28,14)(24,2)) 1
((24,2)(17,13)) 1
((14,12)(13,21)) 1
((13,21)(24,2)) 1
((24,2)(22,4)) 1
((22,4)(13,9)) 1
((6,6)(18,9)) 1
((15,9)(27,21)) 1
((11,11)(12,11)) 18
((16,4)(16,12)) 2
((16,12)(16,4)) 1
((16,12)(15,4)) 1
((15,4)(15,4)) 2
((15,4)(12,27)) 1
((12,27)(26,7)) 1
((26,7)(16,4)) 1
((16,7)(15,14)) 1
((15,14)(15,21)) 1
((15,21)(16,7)) 1
((17,9)(16,12)) 1
((16,13)(12,16)) 1
((18,12)(15,9)) 3
((15,9)(18,12)) 8
((15,8)(21,20)) 2
((21,20)(15,8)) 1
((21,20)(20,16)) 1
((20,16)(15,8)) 1
((17,9)(21,20)) 1
((15,27)(13,26)) 1
((16,23)(16,12)) 3
((15,27)(12,28)) 2
((28,21)(27,24)) 2
((19,15)(15,12)) 4
((14,12)(13,10)) 1
((13,10)(19,15)) 1
((19,15)(27,21)) 2
((27,21)(28,21)) 3
((16,12)(19,15)) 1
((27,24)(28,21)) 2
((28,21)(26,21)) 2
((26,21)(26,21)) 3
((26,21)(27,21)) 2
((27,21)(19,15)) 1
((15,12)(28,21)) 1
((28,21)(19,15)) 1
((19,15)(15,13)) 2
((15,13)(17,13)) 7
((17,13)(27,24)) 10
((26,21)(27,20)) 1
((27,20)(27,20)) 2
((27,20)(26,21)) 1
((15,13)(6,8)) 1
((5,8)(9,10)) 1
((9,10)(8,9)) 2
((8,9)(6,8)) 2
((5,8)(15,13)) 3
((15,13)(11,12)) 1
((11,12)(9,10)) 1
((15,13)(9,10)) 2
((9,10)(6,8)) 2
((15,12)(18,10)) 1
((18,10)(13,12)) 1
((16,12)(23,21)) 1
((23,21)(14,12)) 1
((14,12)(23,21)) 1
((23,21)(15,12)) 1
((15,12)(10,13)) 1
((10,13)(23,21)) 1
((14,9)(11,10)) 1
((11,10)(9,11)) 2
((14,10)(9,4)) 1
((9,4)(15,12)) 1
((26,6)(13,9)) 2
((16,11)(12,11)) 6
((12,11)(22,22)) 1
((22,22)(27,18)) 1
((27,18)(29,10)) 1
((16,5)(17,4)) 1
((17,4)(16,8)) 1
((16,9)(17,4)) 1
((17,4)(16,9)) 1
((13,9)(16,12)) 2
((5,14)(11,19)) 1
((11,19)(11,18)) 3
((11,18)(11,18)) 4
((11,18)(11,19)) 3
((12,16)(10,11)) 2
((16,10)(15,12)) 3
((15,12)(16,10)) 2
((13,12)(12,27)) 1
((12,4)(14,13)) 1
((15,9)(12,4)) 2
((12,4)(15,8)) 1
((12,4)(13,9)) 1
((13,9)(12,4)) 1
((12,4)(16,8)) 1
((16,7)(16,25)) 1
((16,25)(16,12)) 1
((11,11)(16,23)) 4
((16,23)(11,11)) 4
((16,23)(16,26)) 2
((16,26)(16,24)) 1
((16,24)(16,24)) 4
((16,24)(16,23)) 2
((13,9)(16,23)) 1
((16,13)(15,16)) 2
((15,16)(19,15)) 1
((19,15)(12,9)) 1
((15,12)(12,9)) 1
((7,7)(8,6)) 2
((8,6)(4,9)) 1
((14,7)(12,0)) 2
((13,2)(12,0)) 2
((6,7)(9,3)) 4
((9,3)(6,7)) 4
((6,7)(9,4)) 1
((9,4)(7,7)) 1
((7,7)(16,13)) 1
((15,8)(14,11)) 2
((4,8)(14,11)) 1
((14,11)(4,8)) 1
((15,8)(4,8)) 2
((4,9)(5,7)) 1
((16,11)(16,8)) 2
((16,8)(15,11)) 1
((15,11)(16,8)) 1
((5,13)(13,12)) 1
((14,12)(4,9)) 3
((18,9)(9,6)) 1
((9,7)(12,9)) 5
((15,28)(16,25)) 1
((16,25)(27,24)) 3
((27,24)(16,25)) 3
((16,25)(15,27)) 4
((15,27)(16,25)) 5
((16,25)(15,28)) 2
((15,28)(15,27)) 1
((6,6)(16,13)) 1
((12,1)(13,1)) 1
((13,1)(13,1)) 4
((13,1)(13,8)) 2
((13,8)(13,1)) 2
((13,1)(13,9)) 1
((15,9)(13,1)) 1
((13,1)(12,1)) 1
((8,10)(11,11)) 10
((8,10)(7,10)) 2
((8,10)(10,10)) 1
((15,9)(19,15)) 2
((19,15)(21,10)) 1
((16,11)(14,12)) 2
((16,11)(16,14)) 2
((16,14)(16,1)) 1
((16,1)(16,11)) 1
((5,14)(5,13)) 2
((11,11)(16,15)) 1
((16,15)(19,15)) 3
((19,15)(28,14)) 1
((28,14)(29,13)) 2
((29,13)(16,13)) 1
((16,13)(21,14)) 1
((21,14)(29,13)) 1
((18,9)(16,10)) 2
((16,10)(14,15)) 1
((13,15)(12,11)) 1
((12,11)(16,12)) 4
((5,13)(8,12)) 1
((8,12)(8,12)) 4
((8,12)(11,11)) 3
((11,11)(19,11)) 1
((19,11)(14,12)) 1
((14,12)(19,13)) 1
((19,13)(5,13)) 1
((5,13)(7,12)) 2
((7,12)(8,12)) 2
((14,12)(20,14)) 1
((20,14)(18,15)) 1
((18,15)(16,14)) 1
((16,14)(15,14)) 1
((14,14)(14,12)) 5
((12,11)(10,11)) 1
((12,11)(14,11)) 1
((14,11)(14,8)) 1
((15,13)(15,15)) 1
((15,15)(21,14)) 1
((21,14)(21,11)) 1
((21,11)(21,11)) 5
((21,11)(20,11)) 2
((18,14)(12,11)) 1
((12,11)(7,9)) 1
((7,9)(5,13)) 1
((15,13)(20,14)) 1
((20,14)(21,14)) 2
((21,14)(20,15)) 1
((19,15)(20,14)) 1
((21,14)(20,13)) 1
((20,13)(20,13)) 2
((20,13)(21,11)) 1
((19,11)(19,13)) 2
((19,13)(16,14)) 1
((16,14)(14,13)) 1
((14,14)(15,15)) 1
((15,15)(13,14)) 1
((13,14)(18,15)) 1
((18,15)(15,14)) 1
((15,13)(18,14)) 1
((14,11)(5,14)) 1
((5,13)(16,12)) 1
((27,21)(14,12)) 5
((18,12)(16,12)) 2
((21,10)(21,7)) 1
((21,7)(20,7)) 1
((18,12)(20,7)) 1
((20,7)(18,12)) 1
((16,13)(19,11)) 3
((19,11)(20,7)) 1
((15,6)(13,9)) 1
((16,6)(15,6)) 2
((15,9)(13,8)) 1
((16,25)(16,13)) 3
((19,15)(17,13)) 4
((16,25)(19,15)) 1
((16,25)(17,21)) 3
((19,15)(14,12)) 1
((14,12)(16,25)) 1
((12,9)(14,13)) 3
((12,9)(6,6)) 2
((6,6)(14,12)) 1
((15,12)(6,6)) 1
((14,13)(6,6)) 1
((16,14)(15,13)) 1
((11,9)(11,10)) 5
((25,22)(25,22)) 67
((25,22)(18,14)) 1
((18,14)(25,22)) 1
((25,22)(25,21)) 2
((25,21)(25,21)) 20
((25,21)(25,22)) 2
((25,22)(21,20)) 4
((21,20)(13,9)) 2
((20,7)(20,6)) 4
((20,6)(20,7)) 3
((20,6)(21,7)) 1
((21,7)(20,6)) 1
((13,9)(6,9)) 1
((6,9)(8,7)) 2
((8,7)(7,6)) 2
((7,6)(4,5)) 1
((4,5)(3,7)) 1
((11,19)(16,11)) 1
((16,11)(16,9)) 3
((16,9)(12,16)) 1
((12,16)(16,11)) 2
((18,9)(23,10)) 1
((21,10)(23,10)) 3
((25,22)(14,12)) 1
((14,12)(19,15)) 1
((19,15)(25,22)) 1
((21,20)(18,13)) 2
((18,11)(17,13)) 1
((15,9)(19,10)) 1
((19,10)(9,7)) 1
((9,7)(19,10)) 1
((19,10)(18,12)) 1
((18,12)(12,14)) 1
((13,14)(19,10)) 1
((14,12)(9,11)) 3
((18,9)(9,11)) 1
((11,11)(9,7)) 1
((9,7)(9,11)) 2
((13,18)(14,15)) 2
((14,15)(13,18)) 2
((13,18)(14,14)) 1
((14,14)(14,15)) 2
((17,18)(15,11)) 3
((15,11)(17,18)) 3
((15,13)(10,10)) 1
((15,13)(19,11)) 1
((19,15)(19,14)) 3
((19,14)(19,15)) 4
((16,12)(13,14)) 1
((13,14)(13,9)) 1
((23,21)(27,24)) 5
((27,24)(23,21)) 5
((23,21)(20,22)) 1
((20,22)(21,24)) 1
((21,24)(21,24)) 1
((21,24)(21,23)) 1
((21,23)(20,22)) 1
((18,12)(18,14)) 2
((18,14)(18,7)) 1
((18,7)(18,14)) 1
((18,14)(18,9)) 2
((18,9)(18,14)) 1
((16,12)(25,14)) 1
((25,14)(19,15)) 3
((24,14)(25,14)) 3
((14,11)(4,5)) 2
((4,5)(14,11)) 1
((15,9)(4,9)) 1
((14,12)(18,19)) 2
((18,19)(14,10)) 2
((14,10)(18,19)) 1
((18,19)(15,13)) 1
((15,13)(14,10)) 1
((18,19)(14,11)) 1
((14,11)(13,11)) 2
((4,9)(16,13)) 1
((11,14)(18,9)) 1
((15,11)(12,14)) 1
((11,14)(15,11)) 3
((15,11)(7,5)) 1
((7,5)(4,8)) 1
((14,13)(13,10)) 4
((13,10)(14,13)) 3
((14,13)(17,29)) 1
((17,29)(17,29)) 5
((17,29)(11,19)) 1
((11,19)(17,29)) 1
((26,19)(26,19)) 2
((26,19)(27,18)) 1
((27,18)(27,24)) 1
((27,24)(24,21)) 1
((24,21)(25,20)) 1
((25,20)(25,20)) 51
((25,20)(15,9)) 1
((14,12)(24,21)) 1
((24,21)(27,24)) 2
((15,15)(11,11)) 4
((15,15)(17,21)) 1
((17,21)(14,10)) 1
((19,11)(18,9)) 2
((15,9)(10,8)) 1
((10,8)(11,10)) 1
((16,13)(11,10)) 3
((19,18)(18,13)) 3
((18,13)(19,17)) 7
((19,17)(19,18)) 5
((19,17)(20,22)) 1
((20,22)(18,13)) 1
((16,6)(14,9)) 4
((14,9)(16,6)) 4
((17,5)(17,5)) 3
((17,5)(17,9)) 3
((15,12)(17,9)) 2
((17,4)(17,5)) 2
((15,12)(17,4)) 1
((17,13)(13,10)) 1
((16,15)(12,11)) 3
((13,11)(16,13)) 1
((16,12)(16,15)) 2
((12,12)(16,15)) 1
((16,14)(17,13)) 2
((17,13)(16,12)) 1
((16,12)(15,14)) 1
((15,14)(15,9)) 2
((9,7)(8,7)) 1
((8,7)(6,10)) 2
((5,13)(5,12)) 2
((5,12)(13,12)) 1
((13,12)(13,6)) 1
((7,8)(11,11)) 2
((7,8)(8,7)) 1
((16,13)(11,19)) 1
((17,13)(26,7)) 2
((26,7)(24,21)) 1
((27,24)(17,13)) 4
((17,7)(16,9)) 1
((6,10)(4,9)) 4
((4,8)(10,1)) 4
((10,1)(9,4)) 8
((10,1)(6,11)) 1
((6,11)(6,10)) 2
((6,10)(5,10)) 3
((5,10)(5,10)) 10
((5,10)(6,11)) 1
((5,10)(5,11)) 2
((5,11)(5,10)) 1
((5,11)(6,11)) 1
((15,15)(15,11)) 2
((16,12)(15,15)) 2
((17,9)(18,0)) 1
((18,0)(16,9)) 1
((17,7)(17,3)) 1
((17,3)(17,3)) 1
((17,3)(19,1)) 1
((19,1)(18,1)) 1
((18,1)(18,1)) 12
((18,10)(17,9)) 1
((18,14)(19,15)) 1
((20,15)(21,14)) 1
((21,14)(22,14)) 1
((22,14)(23,14)) 2
((23,14)(24,14)) 1
((25,14)(26,14)) 2
((26,14)(26,14)) 3
((26,14)(27,14)) 1
((27,14)(27,14)) 1
((27,14)(28,14)) 1
((28,14)(27,6)) 1
((26,6)(25,6)) 1
((25,6)(25,6)) 1
((25,6)(15,9)) 1
((16,8)(20,5)) 1
((21,25)(21,20)) 2
((21,20)(21,25)) 2
((21,25)(19,15)) 1
((19,15)(16,15)) 1
((19,15)(21,20)) 2
((19,7)(12,16)) 1
((15,9)(27,6)) 1
((27,6)(26,7)) 1
((24,7)(24,7)) 16
((24,7)(17,13)) 1
((15,13)(24,7)) 2
((24,7)(21,10)) 2
((21,10)(24,7)) 2
((24,7)(15,13)) 1
((24,7)(15,9)) 1
((23,7)(24,7)) 1
((14,9)(14,10)) 2
((14,8)(13,6)) 1
((11,11)(16,12)) 2
((16,12)(16,23)) 1
((16,23)(11,19)) 1
((15,15)(16,25)) 3
((15,15)(18,20)) 2
((18,20)(16,25)) 2
((15,15)(14,12)) 3
((16,25)(15,9)) 1
((15,9)(16,25)) 1
((15,9)(7,6)) 1
((18,13)(13,9)) 1
((13,9)(18,13)) 1
((18,13)(15,13)) 1
((14,14)(16,15)) 1
((12,12)(11,13)) 1
((11,13)(10,11)) 1
((10,10)(12,9)) 1
((9,9)(11,8)) 1
((11,8)(9,9)) 1
((9,9)(16,13)) 1
((9,11)(16,15)) 1
((16,13)(9,9)) 1
((9,9)(16,15)) 1
((6,7)(3,10)) 1
((3,10)(9,7)) 1
((13,26)(11,19)) 1
((16,13)(28,11)) 1
((28,11)(13,26)) 3
((13,26)(28,11)) 2
((13,26)(27,11)) 1
((27,11)(27,11)) 1
((14,12)(16,6)) 1
((15,8)(10,10)) 2
((10,10)(17,28)) 1
((17,28)(15,12)) 1
((15,12)(11,11)) 1
((10,11)(14,14)) 1
((10,10)(14,12)) 1
((14,12)(17,28)) 1
((17,28)(17,29)) 1
((17,29)(18,29)) 1
((19,15)(20,17)) 1
((20,17)(16,13)) 1
((14,12)(16,24)) 1
((16,24)(15,12)) 1
((14,16)(11,6)) 4
((11,6)(15,12)) 4
((15,16)(13,16)) 1
((13,16)(13,16)) 10
((13,16)(15,12)) 1
((15,12)(14,16)) 2
((14,16)(13,16)) 3
((13,16)(14,16)) 4
((14,16)(15,12)) 1
((11,6)(13,16)) 2
((13,16)(11,6)) 1
((15,12)(13,18)) 1
((13,18)(13,16)) 1
((15,12)(13,16)) 1
((13,16)(13,17)) 1
((13,17)(13,17)) 1
((13,17)(14,16)) 1
((13,12)(15,13)) 5
((15,8)(16,13)) 2
((17,13)(18,10)) 1
((18,11)(12,12)) 5
((12,12)(18,11)) 4
((13,12)(18,11)) 1
((15,9)(12,12)) 1
((11,10)(6,10)) 1
((6,10)(6,6)) 1
((11,10)(16,10)) 1
((16,10)(12,11)) 1
((12,11)(11,9)) 1
((16,13)(10,1)) 1
((10,1)(12,3)) 2
((11,10)(21,5)) 1
((21,5)(11,10)) 1
((15,9)(10,0)) 2
((10,0)(15,9)) 2
((15,9)(12,11)) 1
((12,11)(15,9)) 3
((10,5)(12,9)) 1
((12,9)(10,10)) 1
((10,10)(10,4)) 1
((10,4)(13,10)) 1
((13,10)(10,10)) 1
((16,25)(16,2)) 1
((16,2)(15,27)) 1
((15,27)(16,2)) 1
((16,2)(16,25)) 1
((11,10)(8,9)) 4
((8,9)(11,10)) 3
((11,11)(5,13)) 1
((5,12)(11,11)) 1
((5,13)(12,11)) 1
((12,11)(17,12)) 1
((17,12)(25,11)) 3
((25,11)(17,12)) 2
((25,11)(12,11)) 1
((12,11)(5,13)) 1
((21,10)(14,13)) 1
((19,14)(15,12)) 1
((19,14)(21,14)) 1
((21,14)(15,12)) 1
((20,7)(16,12)) 1
((20,7)(20,8)) 2
((20,7)(13,9)) 2
((12,9)(20,7)) 1
((18,12)(20,16)) 1
((20,18)(21,20)) 2
((18,13)(21,10)) 1
((6,14)(6,14)) 2
((6,14)(5,14)) 1
((5,14)(14,12)) 1
((14,12)(22,4)) 1
((22,4)(21,5)) 4
((21,5)(22,4)) 2
((22,4)(19,7)) 1
((19,7)(14,12)) 1
((15,16)(14,13)) 3
((14,13)(16,11)) 4
((14,13)(14,8)) 1
((14,8)(15,16)) 1
((15,15)(14,13)) 1
((14,13)(15,16)) 4
((15,16)(14,9)) 1
((15,16)(20,15)) 1
((15,13)(15,16)) 1
((16,11)(14,15)) 1
((14,15)(13,14)) 1
((13,14)(18,9)) 1
((20,9)(21,10)) 2
((21,10)(22,10)) 2
((22,10)(22,10)) 27
((22,10)(23,11)) 1
((23,11)(23,11)) 4
((23,11)(22,10)) 1
((22,10)(21,10)) 1
((21,10)(19,10)) 1
((19,15)(24,14)) 4
((26,14)(25,14)) 1
((18,9)(23,11)) 1
((23,11)(20,9)) 1
((22,10)(26,14)) 1
((12,9)(4,5)) 2
((4,5)(9,7)) 2
((12,9)(9,7)) 2
((22,4)(20,5)) 1
((20,5)(21,5)) 1
((21,5)(22,5)) 1
((22,5)(22,5)) 1
((22,5)(22,4)) 1
((21,5)(18,9)) 3
((5,14)(5,11)) 1
((5,11)(14,4)) 1
((14,4)(13,7)) 1
((13,7)(4,9)) 1
((4,9)(9,7)) 1
((9,7)(7,6)) 2
((7,6)(4,8)) 2
((4,8)(15,9)) 1
((14,9)(13,10)) 2
((12,11)(13,9)) 2
((13,6)(14,4)) 1
((14,4)(13,9)) 2
((13,6)(13,3)) 1
((13,3)(14,4)) 1
((18,8)(19,2)) 1
((19,2)(19,1)) 1
((19,1)(18,9)) 3
((18,9)(19,1)) 1
((16,11)(15,13)) 1
((16,14)(15,11)) 1
((16,11)(22,4)) 1
((22,4)(15,11)) 1
((15,11)(22,4)) 1
((22,4)(12,16)) 1
((15,6)(13,6)) 2
((13,6)(13,7)) 4
((13,7)(14,12)) 1
((15,6)(15,26)) 1
((15,26)(21,11)) 1
((21,11)(15,6)) 1
((15,6)(14,5)) 1
((14,5)(15,6)) 1
((13,6)(15,6)) 1
((15,6)(11,7)) 1
((11,7)(11,7)) 4
((11,7)(15,6)) 1
((18,11)(22,7)) 1
((22,7)(22,7)) 9
((22,7)(21,7)) 1
((21,8)(18,11)) 1
((9,8)(16,12)) 2
((16,12)(9,8)) 2
((9,8)(15,9)) 1
((16,13)(9,8)) 1
((9,8)(7,6)) 1
((18,9)(19,11)) 1
((6,9)(11,11)) 1
((11,11)(6,9)) 1
((6,9)(16,12)) 1
((16,12)(6,9)) 1
((11,11)(8,7)) 2
((9,7)(15,9)) 2
((21,10)(11,11)) 1
((21,10)(13,8)) 1
((11,11)(12,9)) 2
((12,9)(21,10)) 4
((21,10)(13,9)) 1
((13,9)(17,28)) 1
((17,28)(21,20)) 1
((21,20)(15,27)) 1
((21,9)(21,9)) 1
((21,9)(22,7)) 1
((22,7)(20,8)) 1
((20,8)(18,9)) 3
((15,9)(20,9)) 1
((20,9)(22,7)) 1
((22,7)(20,9)) 1
((20,8)(22,7)) 1
((22,7)(18,11)) 1
((20,9)(15,12)) 1
((15,12)(14,7)) 2
((14,7)(13,2)) 1
((13,9)(16,10)) 1
((16,11)(16,17)) 1
((16,17)(14,10)) 1
((22,22)(14,12)) 1
((14,12)(22,22)) 1
((9,4)(8,11)) 1
((8,11)(8,10)) 3
((8,10)(6,10)) 2
((9,4)(8,10)) 1
((8,10)(8,11)) 4
((8,11)(9,4)) 1
((4,8)(8,10)) 4
((8,11)(4,8)) 1
((6,9)(9,4)) 1
((18,2)(18,1)) 5
((18,1)(18,2)) 5
((17,9)(18,1)) 2
((18,1)(17,9)) 1
((14,12)(13,11)) 1
((22,6)(21,5)) 1
((21,5)(22,6)) 1
((22,6)(12,11)) 2
((12,11)(22,6)) 1
((15,12)(20,5)) 1
((16,15)(13,9)) 1
((13,9)(16,14)) 1
((16,15)(15,15)) 3
((11,10)(9,9)) 2
((9,9)(8,10)) 1
((8,10)(19,11)) 1
((19,11)(25,11)) 1
((25,11)(19,11)) 1
((19,11)(18,12)) 1
((12,11)(8,10)) 1
((11,11)(14,9)) 2
((9,11)(8,10)) 7
((12,29)(12,29)) 11
((12,29)(30,13)) 2
((30,13)(26,19)) 1
((26,19)(12,29)) 1
((30,13)(27,18)) 1
((27,18)(24,21)) 1
((24,21)(16,23)) 6
((16,23)(12,29)) 1
((12,29)(13,10)) 1
((13,10)(15,10)) 1
((12,28)(11,29)) 1
((11,29)(12,29)) 1
((12,29)(14,28)) 1
((14,28)(12,29)) 1
((16,8)(13,12)) 3
((13,12)(16,8)) 1
((15,7)(16,8)) 2
((13,12)(16,9)) 1
((15,9)(15,7)) 1
((4,9)(5,9)) 6
((5,9)(5,9)) 6
((5,9)(4,9)) 6
((4,9)(14,13)) 1
((4,9)(14,12)) 1
((4,9)(4,5)) 1
((4,5)(7,7)) 1
((7,7)(8,7)) 1
((8,7)(14,12)) 1
((13,12)(4,9)) 1
((15,12)(9,4)) 1
((10,5)(24,2)) 1
((24,2)(22,3)) 1
((22,3)(22,3)) 1
((22,3)(22,4)) 1
((22,4)(18,9)) 2
((18,9)(21,5)) 3
((18,9)(13,8)) 1
((14,10)(14,11)) 1
((18,9)(19,9)) 1
((19,9)(18,9)) 1
((18,13)(18,9)) 13
((18,13)(19,14)) 2
((19,14)(19,18)) 2
((19,18)(19,14)) 1
((19,14)(18,13)) 2
((12,5)(13,9)) 1
((15,15)(13,18)) 1
((13,18)(16,23)) 1
((6,3)(7,8)) 1
((7,8)(6,6)) 1
((6,6)(6,3)) 1
((6,3)(15,9)) 1
((15,9)(13,26)) 1
((13,26)(13,9)) 1
((13,9)(7,9)) 1
((24,25)(24,25)) 21
((24,25)(27,24)) 4
((27,24)(24,25)) 6
((24,25)(16,13)) 1
((24,25)(17,13)) 1
((14,13)(13,12)) 2
((13,9)(14,14)) 1
((10,10)(16,15)) 1
((16,15)(12,7)) 1
((17,13)(16,9)) 1
((13,9)(17,13)) 1
((18,13)(27,24)) 4
((27,24)(14,9)) 1
((13,8)(19,16)) 1
((19,16)(20,15)) 1
((20,15)(25,18)) 1
((27,22)(27,24)) 4
((27,24)(25,14)) 2
((25,14)(27,21)) 2
((27,22)(11,19)) 1
((11,19)(27,22)) 1
((27,22)(19,15)) 1
((19,15)(25,14)) 1
((25,14)(21,14)) 1
((21,14)(21,13)) 2
((21,13)(21,13)) 3
((21,13)(25,14)) 1
((27,24)(27,22)) 2
((27,24)(12,28)) 1
((12,28)(11,19)) 1
((11,19)(16,13)) 1
((24,8)(19,11)) 1
((19,12)(18,12)) 2
((24,8)(18,9)) 1
((17,9)(18,12)) 1
((18,12)(25,7)) 1
((17,9)(14,9)) 3
((16,28)(16,28)) 14
((16,28)(15,27)) 4
((15,27)(15,15)) 3
((15,15)(16,11)) 3
((15,27)(16,28)) 4
((16,28)(16,13)) 1
((17,28)(16,28)) 1
((18,20)(15,15)) 1
((15,15)(16,13)) 4
((17,18)(18,20)) 1
((18,20)(15,27)) 2
((18,9)(27,6)) 2
((6,6)(16,11)) 3
((16,11)(13,12)) 2
((13,12)(16,11)) 1
((13,12)(6,6)) 1
((15,9)(24,7)) 2
((24,7)(23,10)) 1
((23,10)(24,7)) 1
((24,7)(18,9)) 1
((18,9)(19,14)) 2
((24,14)(23,7)) 1
((23,7)(18,9)) 1
((18,9)(24,7)) 1
((18,29)(14,11)) 3
((14,11)(18,29)) 2
((18,29)(11,13)) 1
((11,12)(11,11)) 2
((11,11)(18,29)) 1
((18,29)(15,12)) 1
((14,9)(18,29)) 1
((16,23)(24,21)) 4
((24,21)(25,22)) 7
((25,22)(16,13)) 1
((21,20)(24,21)) 1
((25,22)(24,21)) 4
((16,23)(27,20)) 1
((27,20)(28,16)) 1
((28,16)(28,14)) 2
((28,14)(25,22)) 1
((25,20)(11,19)) 3
((11,19)(25,20)) 3
((25,20)(11,18)) 1
((11,18)(25,20)) 1
((16,21)(15,26)) 3
((15,26)(14,25)) 1
((14,25)(12,19)) 1
((12,19)(16,21)) 1
((15,26)(16,24)) 2
((16,24)(18,20)) 1
((18,20)(16,21)) 1
((15,26)(16,25)) 1
((16,25)(16,21)) 1
((16,21)(20,14)) 1
((9,4)(12,3)) 1
((12,3)(11,6)) 1
((11,6)(11,3)) 1
((9,4)(11,3)) 1
((11,3)(12,1)) 1
((12,1)(11,5)) 1
((11,3)(11,5)) 1
((10,5)(7,2)) 2
((7,2)(13,9)) 6
((16,2)(17,8)) 1
((15,9)(17,7)) 2
((27,6)(18,9)) 1
((18,9)(28,16)) 1
((28,15)(23,17)) 1
((23,17)(20,3)) 1
((20,3)(20,3)) 1
((13,12)(14,15)) 1
((14,15)(13,19)) 1
((13,19)(12,21)) 2
((12,21)(12,20)) 1
((12,20)(12,20)) 2
((12,20)(12,21)) 1
((13,12)(16,12)) 2
((14,12)(12,20)) 1
((12,20)(13,12)) 1
((13,12)(11,19)) 1
((13,9)(18,11)) 2
((18,11)(12,9)) 1
((8,10)(4,8)) 1
((8,11)(6,10)) 1
((4,8)(17,13)) 1
((13,5)(14,6)) 2
((14,6)(13,6)) 1
((13,6)(14,7)) 2
((12,0)(13,2)) 1
((13,2)(13,4)) 1
((13,4)(13,4)) 21
((13,4)(13,3)) 4
((13,3)(13,4)) 1
((13,5)(13,6)) 4
((13,5)(13,3)) 1
((15,9)(14,6)) 2
((14,6)(13,4)) 1
((14,6)(15,9)) 1
((15,27)(16,23)) 2
((16,23)(17,23)) 1
((17,23)(17,23)) 1
((17,23)(17,21)) 1
((17,21)(19,19)) 1
((19,19)(19,17)) 1
((19,17)(16,15)) 1
((16,15)(14,10)) 1
((14,7)(17,21)) 1
((17,21)(18,29)) 1
((15,9)(16,14)) 1
((19,15)(24,21)) 1
((21,20)(23,21)) 1
((23,21)(24,21)) 1
((21,20)(25,22)) 1
((18,13)(12,16)) 1
((18,29)(16,11)) 6
((16,11)(18,29)) 6
((11,9)(10,9)) 4
((10,9)(11,9)) 5
((11,9)(12,9)) 4
((12,9)(11,9)) 2
((12,9)(10,9)) 1
((18,9)(13,14)) 1
((13,14)(11,14)) 2
((21,10)(19,11)) 5
((19,12)(19,11)) 3
((19,12)(22,9)) 1
((22,9)(19,11)) 1
((5,13)(9,11)) 1
((7,11)(6,9)) 1
((6,9)(16,13)) 1
((18,11)(21,10)) 1
((14,12)(8,10)) 2
((18,9)(11,19)) 1
((21,27)(21,27)) 7
((21,27)(16,13)) 1
((16,13)(21,27)) 2
((21,27)(16,14)) 2
((16,14)(21,27)) 1
((21,27)(20,26)) 1
((20,26)(20,26)) 1
((20,26)(14,25)) 1
((14,25)(13,27)) 1
((13,27)(18,29)) 1
((18,29)(21,27)) 1
((21,27)(18,26)) 1
((18,26)(18,26)) 1
((18,26)(14,25)) 1
((14,25)(22,27)) 1
((22,27)(22,27)) 1
((8,10)(9,10)) 3
((13,6)(13,2)) 1
((13,2)(14,4)) 1
((13,6)(13,8)) 1
((8,10)(9,11)) 1
((12,11)(9,11)) 1
((18,9)(4,8)) 1
((19,17)(15,27)) 2
((15,27)(19,17)) 3
((19,15)(15,27)) 1
((19,17)(11,11)) 1
((6,10)(5,12)) 1
((5,12)(5,13)) 2
((5,13)(7,11)) 1
((11,11)(16,14)) 1
((15,9)(21,7)) 1
((19,10)(15,27)) 1
((15,27)(19,10)) 1
((19,10)(15,9)) 1
((12,3)(13,6)) 1
((13,6)(14,8)) 1
((10,1)(13,7)) 1
((13,7)(14,8)) 1
((12,5)(13,6)) 2
((15,9)(11,6)) 1
((16,15)(21,14)) 3
((21,14)(16,15)) 2
((21,13)(16,15)) 1
((19,15)(5,13)) 1
((5,13)(19,15)) 1
((19,18)(13,11)) 1
((16,13)(13,11)) 1
((13,11)(16,11)) 1
((16,11)(17,10)) 2
((17,10)(15,11)) 1
((13,11)(15,11)) 1
((16,12)(15,13)) 4
((15,13)(19,18)) 1
((19,18)(16,15)) 1
((24,7)(23,7)) 1
((15,9)(24,6)) 1
((24,6)(15,9)) 1
((11,10)(11,13)) 1
((11,13)(8,2)) 1
((15,27)(16,26)) 1
((16,26)(16,25)) 1
((9,11)(11,10)) 1
((11,10)(9,7)) 2
((15,12)(15,8)) 1
((15,9)(4,8)) 1
((14,10)(15,8)) 1
((14,10)(16,9)) 2
((16,9)(15,8)) 1
((16,13)(13,13)) 3
((13,13)(14,13)) 1
((13,13)(16,13)) 2
((13,12)(14,9)) 2
((16,12)(13,9)) 1
((13,8)(9,4)) 1
((15,14)(15,15)) 3
((15,14)(16,25)) 1
((15,15)(14,25)) 1
((7,2)(15,11)) 1
((15,11)(7,2)) 2
((7,2)(15,12)) 1
((7,2)(10,5)) 2
((11,9)(9,4)) 1
((9,4)(9,9)) 1
((9,9)(11,9)) 1
((13,9)(3,5)) 4
((3,5)(13,9)) 2
((3,5)(15,9)) 1
((14,12)(12,18)) 1
((12,18)(27,21)) 1
((27,21)(25,20)) 2
((25,20)(12,18)) 1
((19,18)(12,11)) 2
((12,11)(19,18)) 3
((19,18)(11,11)) 2
((11,11)(18,19)) 1
((18,19)(19,18)) 1
((11,11)(19,18)) 1
((19,18)(19,16)) 1
((19,15)(19,17)) 4
((19,17)(17,13)) 1
((17,13)(19,18)) 1
((16,12)(16,9)) 1
((17,7)(17,6)) 1
((17,6)(18,11)) 1
((17,6)(17,8)) 1
((17,8)(16,11)) 2
((16,11)(17,8)) 1
((16,9)(17,6)) 1
((13,11)(19,15)) 2
((24,14)(19,15)) 2
((19,15)(13,11)) 2
((21,10)(12,9)) 3
((21,10)(9,11)) 1
((9,11)(21,10)) 1
((19,11)(11,13)) 1
((11,13)(21,10)) 1
((22,4)(24,2)) 1
((24,2)(24,21)) 1
((12,5)(12,3)) 1
((15,9)(12,7)) 1
((12,7)(12,5)) 1
((12,5)(16,2)) 1
((4,9)(5,8)) 1
((5,8)(4,8)) 1
((10,11)(16,1)) 1
((16,1)(10,11)) 1
((10,11)(15,9)) 1
((16,1)(16,3)) 1
((16,3)(16,3)) 18
((16,3)(16,2)) 3
((16,2)(16,3)) 2
((16,3)(16,4)) 1
((16,4)(16,3)) 2
((16,3)(15,12)) 1
((19,15)(16,4)) 1
((16,3)(15,9)) 1
((15,9)(16,3)) 1
((15,10)(17,9)) 3
((13,9)(20,5)) 1
((20,4)(16,13)) 1
((14,9)(20,5)) 2
((20,4)(15,9)) 1
((20,4)(14,9)) 1
((20,4)(19,1)) 1
((16,6)(15,12)) 2
((15,12)(14,10)) 1
((14,10)(16,7)) 1
((15,11)(16,6)) 1
((16,6)(15,11)) 1
((15,12)(16,6)) 1
((16,7)(10,11)) 1
((18,9)(21,11)) 1
((21,11)(21,10)) 1
((21,10)(21,11)) 1
((21,11)(14,17)) 1
((14,17)(14,17)) 1
((14,17)(12,18)) 1
((12,18)(22,11)) 1
((22,11)(20,10)) 1
((16,11)(14,5)) 1
((14,5)(15,4)) 1
((15,4)(15,3)) 1
((15,3)(14,13)) 1
((16,11)(13,9)) 2
((14,5)(14,13)) 2
((12,1)(13,0)) 2
((13,0)(14,0)) 1
((14,0)(14,0)) 3
((14,0)(13,0)) 1
((13,0)(12,1)) 1
((16,1)(16,7)) 2
((16,7)(16,1)) 1
((16,1)(16,4)) 2
((16,4)(16,7)) 2
((16,12)(17,13)) 1
((15,13)(16,7)) 2
((19,15)(29,13)) 1
((29,13)(18,7)) 1
((18,7)(17,7)) 1
((17,7)(14,7)) 1
((14,7)(16,13)) 1
((15,9)(18,13)) 2
((19,15)(28,16)) 1
((28,14)(19,15)) 1
((18,8)(18,7)) 1
((18,7)(18,6)) 2
((18,6)(18,8)) 1
((6,10)(15,12)) 1
((13,12)(11,10)) 1
((16,13)(6,10)) 3
((6,10)(11,10)) 1
((13,10)(6,10)) 1
((5,10)(7,11)) 1
((7,11)(7,13)) 1
((7,13)(7,8)) 1
((15,9)(11,19)) 1
((11,19)(16,4)) 1
((14,12)(16,4)) 3
((16,4)(14,12)) 1
((13,7)(13,5)) 1
((13,5)(13,7)) 1
((13,6)(12,5)) 1
((19,17)(19,16)) 1
((19,17)(19,3)) 1
((19,3)(19,0)) 1
((19,0)(19,17)) 1
((19,17)(18,13)) 1
((19,17)(18,9)) 1
((11,21)(11,19)) 2
((10,11)(12,16)) 1
((12,16)(11,19)) 1
((11,19)(12,21)) 2
((11,19)(11,21)) 1
((11,21)(12,21)) 2
((12,21)(11,19)) 1
((15,9)(16,23)) 1
((16,26)(16,13)) 1
((13,13)(13,6)) 1
((13,9)(13,5)) 1
((18,12)(15,8)) 3
((15,8)(13,10)) 2
((13,10)(15,8)) 1
((18,12)(13,12)) 1
((18,12)(19,12)) 1
((19,12)(21,10)) 1
((26,7)(21,10)) 1
((21,10)(19,12)) 2
((15,12)(15,14)) 3
((15,14)(15,12)) 1
((11,11)(21,10)) 1
((13,12)(19,18)) 1
((19,18)(16,13)) 2
((13,12)(19,17)) 2
((19,17)(13,10)) 1
((16,15)(13,14)) 3
((16,15)(14,15)) 1
((14,15)(15,15)) 1
((15,11)(13,4)) 1
((13,4)(12,3)) 1
((12,3)(13,3)) 2
((15,9)(15,11)) 1
((15,11)(12,3)) 1
((13,3)(12,4)) 2
((14,12)(13,26)) 1
((13,26)(14,12)) 1
((15,9)(12,1)) 2
((12,1)(15,9)) 1
((15,9)(10,11)) 2
((11,13)(15,9)) 4
((5,13)(15,9)) 1
((15,13)(4,9)) 2
((4,9)(15,13)) 3
((16,13)(4,9)) 2
((8,5)(4,9)) 2
((4,9)(8,5)) 1
((4,9)(10,11)) 1
((10,11)(17,12)) 1
((16,7)(15,11)) 1
((15,13)(13,12)) 2
((11,14)(16,15)) 1
((16,15)(11,14)) 1
((13,10)(12,10)) 1
((12,10)(11,10)) 2
((11,10)(12,10)) 1
((26,6)(25,20)) 1
((25,20)(27,21)) 1
((25,20)(26,6)) 1
((7,7)(13,12)) 5
((4,8)(7,5)) 1
((7,5)(7,6)) 1
((7,6)(9,4)) 1
((11,6)(18,10)) 1
((9,7)(9,6)) 2
((9,6)(13,9)) 1
((13,8)(16,11)) 1
((15,9)(17,18)) 1
((15,10)(15,13)) 1
((9,4)(9,8)) 1
((9,8)(12,11)) 2
((4,8)(8,5)) 1
((8,5)(7,6)) 1
((7,6)(10,9)) 1
((10,9)(12,11)) 1
((10,5)(9,9)) 1
((7,6)(8,5)) 1
((16,12)(22,7)) 1
((22,7)(16,12)) 1
((6,6)(9,7)) 2
((14,12)(9,7)) 1
((16,23)(14,28)) 1
((15,27)(15,29)) 1
((15,29)(16,25)) 2
((16,23)(15,29)) 2
((16,25)(15,29)) 2
((15,29)(15,27)) 2
((14,13)(16,23)) 6
((16,23)(14,13)) 4
((12,7)(13,7)) 1
((13,8)(13,7)) 1
((14,12)(16,23)) 3
((16,23)(14,12)) 3
((16,2)(15,9)) 6
((13,9)(7,2)) 5
((13,12)(7,7)) 4
((8,6)(7,7)) 1
((12,8)(12,5)) 2
((12,5)(12,8)) 2
((12,8)(12,7)) 1
((12,7)(12,8)) 1
((12,8)(13,9)) 1
((13,9)(12,5)) 1
((15,6)(13,12)) 1
((13,9)(14,6)) 1
((14,7)(14,6)) 1
((14,6)(15,8)) 1
((27,24)(18,13)) 4
((27,24)(18,9)) 1
((21,20)(27,24)) 1
((10,11)(15,13)) 1
((21,10)(16,7)) 1
((15,8)(16,7)) 1
((9,11)(15,9)) 2
((14,7)(10,10)) 1
((10,10)(15,8)) 1
((14,7)(9,11)) 1
((17,9)(17,10)) 1
((19,17)(16,13)) 3
((19,13)(19,17)) 1
((16,13)(19,18)) 2
((16,15)(19,18)) 1
((13,9)(16,8)) 1
((10,11)(15,15)) 3
((15,15)(4,8)) 1
((4,8)(15,15)) 1
((15,15)(10,11)) 2
((10,11)(14,12)) 1
((9,11)(15,15)) 1
((9,9)(13,12)) 1
((15,6)(16,6)) 2
((16,13)(25,20)) 7
((25,20)(19,15)) 2
((25,20)(16,13)) 3
((21,4)(21,4)) 3
((21,4)(20,0)) 3
((20,0)(20,0)) 7
((20,0)(21,4)) 2
((20,0)(19,0)) 3
((19,0)(20,0)) 2
((16,10)(17,8)) 1
((17,8)(16,10)) 1
((14,9)(16,10)) 1
((11,8)(18,14)) 1
((18,14)(11,8)) 1
((23,15)(23,15)) 6
((23,15)(23,14)) 3
((23,14)(23,15)) 3
((23,15)(22,14)) 1
((21,20)(18,14)) 1
((16,13)(22,14)) 2
((14,9)(16,12)) 1
((15,9)(13,0)) 1
((9,11)(15,13)) 1
((9,8)(15,13)) 1
((9,8)(16,13)) 1
((13,11)(19,11)) 1
((19,11)(15,9)) 1
((18,11)(19,11)) 1
((19,11)(14,10)) 1
((15,10)(19,11)) 1
((20,8)(21,5)) 1
((21,5)(20,7)) 2
((20,8)(12,9)) 1
((21,5)(20,8)) 1
((14,13)(10,1)) 2
((10,1)(14,9)) 1
((15,11)(7,6)) 1
((7,6)(13,9)) 5
((11,11)(14,13)) 1
((10,1)(14,12)) 1
((12,11)(12,7)) 1
((12,7)(12,11)) 1
((12,11)(14,8)) 1
((14,8)(13,5)) 2
((13,5)(12,11)) 1
((13,9)(14,4)) 2
((14,4)(10,10)) 1
((12,9)(13,10)) 5
((13,10)(12,9)) 5
((13,12)(12,9)) 1
((7,6)(7,4)) 1
((7,4)(7,4)) 1
((7,4)(9,4)) 1
((9,4)(12,0)) 1
((16,13)(7,6)) 1
((19,10)(20,9)) 2
((20,9)(13,9)) 2
((13,9)(16,1)) 1
((16,1)(19,10)) 1
((19,10)(13,9)) 2
((14,10)(13,13)) 1
((13,13)(19,10)) 1
((24,2)(16,0)) 4
((16,0)(24,2)) 4
((14,15)(16,7)) 1
((15,16)(14,7)) 1
((13,6)(16,2)) 1
((16,2)(16,8)) 1
((15,8)(14,14)) 1
((14,15)(14,16)) 1
((15,22)(15,21)) 1
((15,21)(14,21)) 1
((11,11)(11,12)) 2
((16,12)(16,1)) 1
((11,12)(16,2)) 1
((16,13)(14,10)) 1
((9,8)(20,9)) 1
((20,9)(14,11)) 1
((14,11)(14,14)) 1
((15,14)(11,10)) 1
((7,6)(5,7)) 1
((5,7)(7,6)) 1
((7,6)(10,5)) 1
((13,9)(19,10)) 1
((20,9)(9,8)) 1
((9,8)(10,9)) 1
((10,9)(20,9)) 1
((16,10)(15,9)) 1
((13,5)(16,11)) 1
((16,11)(13,5)) 1
((13,5)(14,8)) 1
((14,8)(17,11)) 1
((17,11)(16,9)) 1
((28,22)(27,22)) 1
((27,22)(27,23)) 1
((27,23)(27,23)) 2
((27,23)(28,22)) 2
((28,22)(26,23)) 1
((26,23)(27,21)) 1
((27,21)(27,23)) 1
((15,9)(14,5)) 1
((13,12)(14,8)) 1
((16,15)(17,15)) 2
((17,15)(16,15)) 2
((13,12)(14,16)) 1
((13,16)(16,15)) 1
((16,15)(12,0)) 1
((18,6)(18,7)) 1
((17,9)(18,7)) 1
((13,8)(13,12)) 1
((13,9)(7,7)) 1
((7,7)(12,11)) 1
((13,9)(16,3)) 1
((16,3)(14,9)) 1
((13,10)(7,6)) 2
((20,18)(19,17)) 1
((19,17)(20,17)) 1
((20,18)(25,17)) 2
((25,17)(20,18)) 1
((20,18)(5,13)) 1
((5,13)(9,16)) 1
((9,16)(20,18)) 1
((25,17)(27,18)) 1
((27,18)(20,18)) 1
((14,13)(15,17)) 1
((15,17)(16,13)) 1
((12,0)(13,9)) 1
((24,21)(11,14)) 1
((13,9)(25,20)) 1
((13,14)(16,13)) 1
((7,8)(12,7)) 1
((12,7)(9,4)) 1
((6,9)(7,8)) 1
((14,12)(19,1)) 1
((15,12)(18,14)) 1
((16,12)(18,10)) 1
((20,15)(22,11)) 1
((22,11)(20,15)) 1
((25,5)(26,6)) 1
((26,6)(21,10)) 1
((26,5)(7,7)) 1
((7,7)(21,10)) 1
((25,5)(15,9)) 1
((26,5)(26,4)) 1
((26,4)(26,4)) 1
((26,4)(26,5)) 1
((21,10)(16,11)) 1
((20,10)(20,9)) 1
((21,10)(20,9)) 1
((20,9)(16,11)) 1
((18,6)(15,8)) 1
((15,8)(19,3)) 1
((19,3)(7,6)) 1
((7,6)(1,7)) 1
((1,7)(1,7)) 1
((1,7)(2,8)) 1
((2,8)(2,9)) 1
((2,9)(2,9)) 3
((2,9)(3,9)) 1
((3,9)(2,10)) 1
((2,10)(2,10)) 1
((2,10)(19,3)) 1
((11,11)(18,6)) 2
((18,6)(11,11)) 2
((18,6)(18,13)) 1
((14,12)(14,9)) 1
((13,9)(6,10)) 1
((18,17)(18,13)) 1
((12,7)(9,11)) 1
((9,11)(4,8)) 1
((4,8)(13,9)) 1
((20,7)(12,9)) 1
((16,23)(15,21)) 1
((15,21)(14,13)) 1
((18,24)(16,23)) 1
((13,10)(15,13)) 1
((15,11)(12,16)) 1
((14,13)(11,28)) 1
((17,10)(24,2)) 1
((24,2)(17,10)) 1
((18,9)(19,2)) 1
((19,2)(17,10)) 1
((18,10)(17,7)) 1
((4,9)(13,14)) 1
((13,14)(11,11)) 1
((29,13)(28,14)) 1
((29,13)(19,15)) 1
((19,15)(14,13)) 3
((12,16)(11,13)) 1
((11,13)(24,14)) 1
((18,13)(19,13)) 2
((19,13)(19,16)) 1
((19,16)(19,19)) 1
((15,8)(18,13)) 1
((19,14)(19,16)) 1
((20,18)(15,9)) 1
((19,19)(19,18)) 1
((19,13)(19,18)) 1
((14,12)(15,14)) 3
((15,14)(14,12)) 3
((14,13)(15,14)) 1
((14,12)(22,14)) 1
((15,13)(21,13)) 1
((15,12)(12,5)) 1
((16,11)(12,5)) 1
((12,5)(5,14)) 1
((11,13)(11,14)) 1
((10,11)(11,14)) 1
((12,14)(11,11)) 1
((12,11)(12,9)) 1
((16,12)(7,6)) 1
((10,10)(7,6)) 1
((16,10)(15,10)) 1
((15,10)(16,9)) 1
((14,10)(13,12)) 1
((13,12)(14,10)) 1
((14,12)(17,18)) 1
((17,18)(16,12)) 1
((24,9)(25,11)) 1
((25,11)(20,13)) 1
((20,13)(20,14)) 1
((20,14)(19,15)) 1
((11,13)(20,7)) 1
((16,12)(14,9)) 1
((9,4)(15,8)) 1
((11,2)(9,4)) 1
((6,6)(3,5)) 1
((3,5)(6,6)) 1
((6,6)(4,8)) 3
((18,19)(15,12)) 3
((12,9)(14,5)) 1
((14,5)(16,2)) 1
((16,2)(14,5)) 1
((13,9)(12,10)) 1
((12,10)(14,5)) 1
((11,11)(13,8)) 1
((13,8)(18,6)) 1
((11,11)(18,8)) 1
((18,8)(19,6)) 1
((19,6)(19,6)) 1
((8,3)(8,5)) 1
((8,5)(7,5)) 2
((7,5)(8,5)) 1
((8,6)(8,3)) 1
((8,3)(9,4)) 2
((15,6)(12,11)) 1
((13,11)(15,9)) 2
((16,6)(15,5)) 1
((15,5)(16,8)) 1
((15,8)(13,11)) 1
((15,6)(16,8)) 1
((13,11)(15,6)) 1
((15,6)(16,12)) 1
((16,7)(10,13)) 1
((10,13)(7,13)) 1
((7,13)(12,15)) 1
((14,28)(15,9)) 1
((15,9)(12,28)) 1
((9,7)(10,7)) 1
((20,8)(16,12)) 1
((17,12)(18,13)) 1
((4,5)(15,9)) 1
((4,5)(6,6)) 1
((10,11)(15,12)) 1
((10,11)(13,9)) 1
((9,11)(17,13)) 1
((17,13)(11,11)) 1
((15,9)(22,4)) 1
((14,12)(13,19)) 4
((13,19)(14,12)) 4
((14,12)(23,10)) 1
((23,10)(14,12)) 1
((12,16)(17,13)) 1
((17,13)(14,14)) 1
((13,9)(21,6)) 1
((21,5)(16,13)) 1
((17,13)(20,6)) 1
((20,6)(21,6)) 1
((17,13)(18,14)) 3
((18,14)(16,14)) 1
((16,14)(12,12)) 1
((27,21)(16,12)) 1
((9,11)(12,16)) 1
((19,15)(16,11)) 1
((16,11)(18,13)) 1
((20,15)(14,12)) 1
((14,12)(16,11)) 2
((10,5)(10,4)) 1
((10,4)(11,13)) 1
((5,14)(11,9)) 1
((11,9)(13,10)) 2
((11,11)(5,14)) 2
((15,13)(19,12)) 1
((16,13)(19,12)) 3
((15,8)(21,10)) 1
((19,12)(15,14)) 1
((13,27)(14,28)) 1
((13,3)(15,9)) 1
((15,1)(16,2)) 2
((16,2)(13,9)) 3
((13,9)(16,2)) 1
((7,6)(15,12)) 1
((15,1)(14,1)) 1
((15,12)(7,6)) 1
((16,2)(15,12)) 1
((15,12)(16,1)) 1
((15,1)(16,1)) 1
((16,1)(16,12)) 1
((16,0)(15,8)) 1
((15,19)(13,12)) 1
((15,13)(15,19)) 2
((15,13)(16,12)) 1
((15,9)(15,19)) 1
((15,19)(15,12)) 1
((12,11)(16,11)) 4
((16,23)(13,5)) 1
((11,11)(8,11)) 1
((7,11)(5,12)) 1
((7,9)(9,9)) 2
((9,9)(9,11)) 1
((10,13)(13,12)) 1
((14,12)(9,8)) 1
((9,9)(9,10)) 1
((9,10)(9,9)) 1
((11,10)(16,6)) 2
((16,6)(11,10)) 3
((8,10)(28,22)) 1
((27,21)(15,9)) 1
((11,14)(13,13)) 1
((15,14)(12,18)) 1
((11,19)(11,14)) 1
((11,14)(14,11)) 1
((14,11)(17,13)) 1
((16,1)(10,10)) 1
((7,5)(4,9)) 4
((4,9)(7,5)) 4
((10,10)(16,6)) 1
((16,6)(14,12)) 1
((13,26)(13,21)) 1
((13,21)(16,23)) 1
((13,26)(15,27)) 1
((18,12)(19,11)) 1
((19,11)(18,11)) 1
((18,11)(17,12)) 1
((19,11)(17,11)) 1
((6,13)(6,13)) 2
((6,13)(5,14)) 2
((5,14)(16,5)) 1
((16,5)(15,5)) 2
((15,5)(16,13)) 1
((15,12)(6,14)) 1
((6,14)(6,13)) 1
((5,14)(16,13)) 1
((16,13)(16,5)) 1
((15,5)(16,5)) 1
((14,4)(13,10)) 1
((12,14)(12,16)) 2
((12,16)(12,14)) 1
((13,14)(12,16)) 1
((22,9)(10,10)) 1
((27,21)(13,9)) 1
((13,9)(27,21)) 1
((8,7)(7,8)) 1
((11,11)(7,8)) 1
((4,8)(7,8)) 1
((16,9)(16,11)) 1
((17,9)(22,6)) 1
((15,9)(22,6)) 1
((11,5)(7,7)) 1
((7,7)(11,5)) 1
((11,5)(4,8)) 1
((14,11)(13,14)) 1
((1,9)(2,8)) 2
((1,9)(6,7)) 1
((4,8)(1,9)) 1
((6,7)(3,7)) 1
((2,8)(7,6)) 1
((18,12)(14,11)) 1
((14,11)(17,12)) 1
((18,12)(17,12)) 1
((13,12)(13,18)) 1
((13,18)(16,13)) 1
((17,9)(19,7)) 1
((19,7)(15,9)) 1
((14,12)(16,9)) 1
((16,9)(18,9)) 1
((17,9)(17,13)) 2
((17,13)(18,9)) 1
((21,10)(19,15)) 1
((14,25)(19,15)) 1
((16,12)(11,19)) 1
((11,19)(11,13)) 1
((11,12)(20,9)) 1
((17,11)(13,12)) 1
((23,10)(16,23)) 2
((18,29)(14,13)) 1
((17,13)(23,10)) 1
((23,10)(24,8)) 1
((24,8)(23,10)) 1
((16,23)(23,10)) 1
((11,13)(13,7)) 1
((13,7)(6,6)) 1
((12,16)(21,10)) 1
((21,10)(14,12)) 1
((12,11)(17,13)) 1
((3,7)(14,13)) 1
((14,13)(9,11)) 1
((9,11)(2,7)) 1
((2,7)(3,7)) 1
((3,7)(12,11)) 1
((12,11)(15,13)) 1
((15,13)(3,7)) 2
((3,7)(15,13)) 1
((11,11)(9,9)) 1
((7,9)(9,4)) 1
((9,4)(6,10)) 1
((6,10)(9,9)) 1
((9,9)(15,9)) 1
((15,9)(9,9)) 1
((16,12)(7,10)) 1
((25,20)(8,10)) 1
((9,10)(14,12)) 2
((14,12)(7,7)) 1
((7,7)(9,10)) 1
((13,12)(5,12)) 1
((5,12)(8,11)) 1
((8,11)(9,10)) 1
((15,11)(15,7)) 1
((15,7)(15,9)) 1
((15,7)(16,12)) 1
((15,12)(13,19)) 1
((12,21)(14,19)) 1
((10,8)(9,8)) 1
((13,14)(14,10)) 1
((14,20)(13,20)) 1
((13,20)(15,12)) 1
((15,12)(14,20)) 1
((16,11)(14,20)) 1
((14,20)(16,12)) 1
((16,11)(13,20)) 1
((13,20)(14,20)) 1
((14,20)(15,12)) 1
((17,13)(13,9)) 1
((14,21)(15,11)) 1
((14,10)(16,11)) 1
((16,11)(14,21)) 1
((13,12)(8,12)) 1
((8,12)(15,13)) 1
((16,13)(14,21)) 1
((9,9)(16,11)) 1
((16,11)(8,10)) 1
((9,9)(13,9)) 1
((16,5)(15,6)) 2
((15,6)(16,5)) 1
((15,6)(14,12)) 1
((19,16)(16,13)) 2
((17,13)(19,16)) 1
((9,9)(6,6)) 1
((4,8)(11,19)) 1
((11,19)(10,19)) 1
((10,19)(10,19)) 5
((10,19)(4,8)) 1
((10,9)(16,13)) 1
((24,2)(16,1)) 1
((13,10)(5,14)) 1
((5,14)(16,25)) 1
((15,12)(19,10)) 3
((19,10)(15,12)) 2
((18,11)(12,14)) 1
((12,14)(16,13)) 1
((15,13)(13,5)) 1
((12,7)(10,5)) 1
((10,5)(12,7)) 1
((13,5)(15,9)) 1
((7,12)(8,10)) 1
((6,9)(7,12)) 1
((11,10)(12,18)) 1
((12,18)(11,21)) 1
((20,10)(18,12)) 3
((18,12)(20,10)) 1
((20,10)(26,7)) 2
((16,13)(20,10)) 1
((21,25)(16,25)) 1
((16,25)(21,25)) 1
((21,25)(11,11)) 1
((19,18)(21,25)) 1
((14,11)(8,3)) 1
((8,3)(14,11)) 1
((27,24)(15,12)) 1
((22,10)(27,6)) 1
((27,6)(22,10)) 1
((24,14)(16,15)) 1
((12,11)(16,15)) 1
((16,15)(25,15)) 1
((25,15)(25,15)) 1
((25,15)(25,14)) 1
((25,14)(16,13)) 1
((16,13)(25,14)) 1
((25,14)(16,15)) 1
((16,15)(17,13)) 1
((7,2)(12,7)) 1
((12,7)(7,2)) 1
((16,12)(17,18)) 1
((15,15)(16,14)) 1
((17,8)(17,6)) 1
((17,6)(13,4)) 1
((12,4)(11,6)) 1
((11,6)(14,8)) 1
((15,9)(17,6)) 1
((12,21)(13,13)) 1
((13,13)(12,21)) 1
((12,21)(15,11)) 3
((15,11)(12,21)) 1
((15,11)(11,11)) 1
((11,11)(12,21)) 2
((11,14)(12,21)) 1
((12,21)(11,11)) 1
((16,4)(15,10)) 1
((17,11)(23,10)) 1
((23,10)(17,12)) 3
((17,12)(23,10)) 3
((16,10)(19,0)) 1
((19,0)(16,11)) 1
((17,21)(14,12)) 1
((14,12)(15,10)) 1
((26,7)(17,13)) 2
((26,7)(16,12)) 1
((17,13)(17,12)) 1
((17,12)(17,13)) 1
((15,9)(26,7)) 1
((12,4)(7,6)) 1
((7,6)(11,2)) 1
((10,1)(12,4)) 1
((12,4)(16,13)) 1
((6,11)(20,20)) 1
((20,20)(16,15)) 1
((16,15)(7,11)) 1
((8,10)(13,12)) 1
((25,7)(26,7)) 1
((26,7)(25,7)) 1
((25,7)(27,6)) 1
((27,6)(18,13)) 1
((15,14)(18,9)) 1
((15,9)(18,2)) 1
((15,9)(24,11)) 2
((24,11)(15,9)) 2
((24,11)(25,11)) 1
((21,10)(24,11)) 1
((15,10)(24,11)) 1
((24,11)(29,10)) 1
((29,10)(24,11)) 1
((18,10)(14,16)) 1
((14,16)(18,9)) 1
((11,11)(12,7)) 1
((11,6)(11,7)) 1
((11,7)(12,9)) 1
((18,8)(17,8)) 1
((17,8)(18,9)) 1
((19,15)(18,10)) 1
((13,2)(14,7)) 1
((16,7)(15,13)) 1
((16,7)(12,16)) 1
((12,16)(16,7)) 1
