(15,21): 0.003
(11,11): 0.034
(16,13): 0.048
(12,0): 0.013
(13,9): 0.031
(20,11): 0.001
(7,9): 0.004
(14,7): 0.008
(13,12): 0.019
(16,15): 0.009
(16,7): 0.008
(15,13): 0.016
(18,7): 0.004
(13,10): 0.01
(16,8): 0.005
(7,6): 0.007
(5,14): 0.011
(20,18): 0.003
(15,17): 0.002
(16,12): 0.006
(8,4): 0.001
(14,11): 0.007
(12,21): 0.004
(18,9): 0.033
(14,12): 0.031
(20,15): 0.004
(26,6): 0.002
(15,9): 0.053
(18,11): 0.01
(19,11): 0.004
(15,14): 0.005
(10,10): 0.007
(18,17): 0.002
(20,7): 0.003
(6,6): 0.008
(17,22): 0.001
(12,28): 0.005
(17,10): 0.004
(21,25): 0.003
(22,14): 0.003
(12,14): 0.003
(17,9): 0.013
(24,2): 0.005
(17,18): 0.006
(6,5): 0.001
(17,13): 0.012
(12,5): 0.002
(14,9): 0.007
(10,1): 0.007
(7,7): 0.005
(20,5): 0.002
(16,11): 0.014
(14,5): 0.004
(9,4): 0.01
(15,6): 0.005
(4,5): 0.003
(12,16): 0.003
(13,13): 0.003
(13,26): 0.002
(10,11): 0.005
(16,0): 0.005
(14,14): 0.004
(11,14): 0.003
(12,11): 0.009
(10,4): 0.002
(19,12): 0.002
(15,8): 0.006
(10,7): 0.001
(15,27): 0.009
(20,9): 0.002
(5,13): 0.007
(22,22): 0.002
(7,11): 0.002
(11,10): 0.007
(17,8): 0.003
(16,1): 0.006
(14,10): 0.005
(15,10): 0.006
(18,29): 0.003
(14,4): 0.003
(6,3): 0.002
(21,10): 0.009
(8,2): 0.002
(7,8): 0.005
(16,2): 0.005
(4,8): 0.007
(12,9): 0.005
(6,7): 0.003
(17,12): 0.007
(16,6): 0.005
(23,10): 0.003
(16,17): 0.002
(3,7): 0.006
(9,10): 0.003
(15,12): 0.015
(18,19): 0.003
(13,19): 0.002
(9,8): 0.003
(13,14): 0.004
(14,21): 0.002
(6,10): 0.009
(11,19): 0.003
(19,16): 0.001
(13,6): 0.001
(16,25): 0.007
(6,11): 0.003
(13,11): 0.004
(25,14): 0.002
(19,3): 0.001
(12,4): 0.002
(24,9): 0.003
(4,4): 0.001
(13,0): 0.008
(18,8): 0.003
(12,1): 0.003
(26,24): 0.001
(8,10): 0.007
(12,7): 0.003
(16,10): 0.007
(12,19): 0.001
(16,16): 0.001
(13,8): 0.003
(17,21): 0.003
(19,1): 0.001
(13,2): 0.001
(8,8): 0.001
(20,17): 0.001
(8,7): 0.001
(20,16): 0.001
(16,9): 0.002
(17,11): 0.001
(12,18): 0.001
(4,9): 0.006
(18,12): 0.003
(15,26): 0.001
(6,2): 0.001
(18,23): 0.001
(27,21): 0.005
(5,7): 0.002
(15,11): 0.004
(13,5): 0.001
(14,13): 0.01
(15,15): 0.004
(7,2): 0.004
(19,7): 0.002
(20,10): 0.002
(9,7): 0.004
(14,8): 0.004
(19,0): 0.002
(10,9): 0.001
(11,2): 0.001
(19,15): 0.004
(5,4): 0.002
(22,8): 0.001
(20,6): 0.001
(9,11): 0.003
(23,14): 0.001
(18,10): 0.004
(22,11): 0.001
(21,20): 0.002
(13,3): 0.003
(10,2): 0.001
(24,19): 0.001
(28,14): 0.001
(20,19): 0.001
(15,16): 0.002
(17,28): 0.001
(16,20): 0.001
(26,7): 0.002
(17,7): 0.001
(24,21): 0.002
(28,21): 0.002
(27,6): 0.002
(14,15): 0.001
(28,15): 0.001
(16,4): 0.003
(16,14): 0.002
(16,5): 0.001
(9,6): 0.001
(15,28): 0.001
(25,22): 0.002
(13,18): 0.001
(23,21): 0.001
(26,19): 0.001
(18,13): 0.003
(17,5): 0.001
(24,7): 0.001
(16,23): 0.005
(9,9): 0.002
(14,16): 0.002
(11,9): 0.003
(10,5): 0.001
(19,14): 0.002
(6,14): 0.001
(22,4): 0.003
(6,9): 0.001
(21,9): 0.001
(18,2): 0.001
(22,6): 0.001
(12,29): 0.001
(24,25): 0.001
(27,22): 0.001
(24,8): 0.001
(16,28): 0.001
(25,20): 0.001
(16,21): 0.001
(11,5): 0.002
(22,9): 0.001
(21,27): 0.001
(19,17): 0.002
(19,18): 0.003
(16,3): 0.001
(13,7): 0.001
(11,21): 0.001
(8,5): 0.001
(11,6): 0.001
(12,8): 0.001
(27,24): 0.001
(21,4): 0.001
(11,8): 0.001
(23,15): 0.001
(19,10): 0.002
(28,22): 0.001
(26,5): 0.001
(18,6): 0.001
(5,6): 0.002
(29,13): 0.001
(11,13): 0.001
(14,27): 0.001
(18,14): 0.001
(15,1): 0.001
(15,19): 0.001
(11,12): 0.001
(7,5): 0.001
(6,13): 0.001
(14,20): 0.002
(7,10): 0.001
(22,10): 0.001
(24,14): 0.001
(25,7): 0.001
(25,11): 0.001
