(15,21): 0.001
(16,2): 0.007
(16,23): 0.005
(12,0): 0.018
(13,9): 0.046
(27,21): 0.006
(15,9): 0.064
(6,9): 0.004
(14,7): 0.006
(13,12): 0.01
(14,28): 0.004
(16,15): 0.007
(14,12): 0.037
(15,13): 0.007
(18,7): 0.002
(12,9): 0.01
(16,8): 0.001
(6,6): 0.014
(16,0): 0.005
(16,13): 0.075
(20,18): 0.005
(15,17): 0.001
(8,4): 0.001
(14,10): 0.006
(12,21): 0.005
(20,15): 0.002
(25,5): 0.001
(20,10): 0.003
(15,14): 0.007
(10,10): 0.006
(22,6): 0.001
(18,9): 0.029
(5,14): 0.011
(16,14): 0.004
(17,22): 0.003
(12,28): 0.009
(18,10): 0.003
(11,11): 0.018
(13,10): 0.003
(10,11): 0.004
(8,7): 0.003
(17,9): 0.004
(24,2): 0.003
(17,18): 0.003
(9,4): 0.007
(11,3): 0.001
(14,9): 0.008
(10,1): 0.006
(20,5): 0.005
(13,5): 0.004
(8,6): 0.001
(15,5): 0.001
(15,15): 0.006
(12,13): 0.002
(15,27): 0.009
(14,14): 0.002
(18,20): 0.003
(9,11): 0.006
(17,12): 0.006
(18,14): 0.003
(27,22): 0.001
(13,11): 0.005
(14,8): 0.006
(4,9): 0.006
(19,15): 0.006
(19,12): 0.003
(14,4): 0.005
(15,1): 0.002
(27,24): 0.007
(16,16): 0.001
(7,9): 0.006
(17,8): 0.002
(16,1): 0.005
(13,8): 0.003
(7,7): 0.003
(16,6): 0.005
(18,11): 0.004
(12,16): 0.003
(13,26): 0.001
(20,11): 0.001
(18,29): 0.005
(21,10): 0.009
(6,7): 0.002
(16,9): 0.006
(11,5): 0.003
(27,6): 0.006
(4,8): 0.012
(23,10): 0.004
(16,17): 0.003
(12,11): 0.009
(3,7): 0.002
(7,10): 0.002
(11,10): 0.003
(9,10): 0.002
(11,14): 0.002
(15,11): 0.001
(13,20): 0.001
(10,8): 0.002
(16,4): 0.001
(8,10): 0.006
(12,18): 0.002
(19,16): 0.002
(16,11): 0.006
(18,12): 0.006
(16,25): 0.006
(19,10): 0.003
(7,12): 0.001
(26,7): 0.008
(11,13): 0.003
(13,6): 0.005
(11,21): 0.001
(2,7): 0.001
(12,4): 0.003
(7,11): 0.002
(24,12): 0.001
(4,4): 0.001
(13,0): 0.003
(16,7): 0.007
(18,8): 0.001
(12,1): 0.004
(12,7): 0.003
(17,11): 0.001
(15,16): 0.003
(19,1): 0.002
(13,14): 0.001
(13,13): 0.001
(5,5): 0.001
(17,1): 0.001
(25,17): 0.002
(25,4): 0.001
(13,7): 0.002
(17,13): 0.012
(26,23): 0.001
(15,12): 0.007
(9,7): 0.004
(12,19): 0.001
(11,19): 0.006
(6,2): 0.001
(18,23): 0.001
(12,15): 0.002
(16,12): 0.009
(28,22): 0.003
(4,5): 0.003
(13,3): 0.001
(13,29): 0.001
(19,7): 0.002
(7,6): 0.009
(30,13): 0.001
(24,9): 0.002
(18,5): 0.001
(19,0): 0.003
(11,12): 0.001
(11,8): 0.002
(11,28): 0.002
(13,19): 0.001
(8,2): 0.002
(11,2): 0.001
(12,3): 0.001
(26,16): 0.001
(16,5): 0.003
(22,8): 0.001
(5,13): 0.006
(4,7): 0.001
(28,12): 0.001
(14,3): 0.001
(10,2): 0.001
(24,19): 0.001
(12,14): 0.002
(26,6): 0.003
(18,13): 0.003
(17,14): 0.003
(2,8): 0.001
(6,4): 0.001
(8,5): 0.002
(18,0): 0.001
(6,10): 0.003
(13,18): 0.001
(17,7): 0.002
(19,9): 0.001
(17,6): 0.003
(21,20): 0.002
(5,8): 0.001
(23,21): 0.001
(29,10): 0.001
(12,12): 0.003
(12,27): 0.001
(5,7): 0.001
(15,28): 0.001
(29,13): 0.001
(20,7): 0.003
(20,6): 0.001
(14,11): 0.002
(14,15): 0.001
(17,17): 0.001
(20,22): 0.001
(25,14): 0.001
(18,19): 0.001
(17,29): 0.001
(17,4): 0.001
(6,11): 0.001
(18,1): 0.002
(24,7): 0.002
(27,11): 0.001
(14,16): 0.002
(26,14): 0.001
(22,4): 0.002
(15,6): 0.002
(20,8): 0.002
(22,22): 0.001
(12,29): 0.001
(15,7): 0.001
(24,25): 0.001
(25,18): 0.001
(25,7): 0.001
(16,28): 0.001
(25,22): 0.002
(25,20): 0.003
(20,14): 0.001
(20,3): 0.001
(22,27): 0.001
(9,8): 0.003
(14,25): 0.001
(7,2): 0.002
(3,5): 0.001
(19,18): 0.003
(24,21): 0.001
(16,3): 0.001
(7,8): 0.002
(19,17): 0.002
(7,5): 0.002
(15,29): 0.001
(12,5): 0.001
(15,8): 0.001
(17,10): 0.001
(23,14): 0.001
(19,11): 0.002
(14,21): 0.002
(20,9): 0.002
(26,5): 0.001
(19,3): 0.001
(24,14): 0.001
(21,13): 0.001
(14,5): 0.001
(19,6): 0.001
(9,3): 0.001
(21,5): 0.001
(14,1): 0.001
(15,19): 0.001
(15,10): 0.001
(9,9): 0.001
(14,19): 0.001
(10,13): 0.001
(21,25): 0.001
(22,10): 0.001
(10,5): 0.001
(16,10): 0.001
(18,2): 0.001
(24,11): 0.001
