(10,7): 0.023
(4,7): 0.015
(7,7): 0.055
(9,8): 0.055
(10,8): 0.116
(9,18): 0.003
(5,4): 0.006
(6,7): 0.01
(8,6): 0.064
(3,5): 0.015
(7,9): 0.003
(12,6): 0.045
(9,6): 0.02
(11,8): 0.02
(6,5): 0.009
(10,6): 0.07
(12,11): 0.005
(6,2): 0.021
(8,14): 0.007
(6,4): 0.003
(8,7): 0.01
(8,9): 0.008
(13,7): 0.016
(9,9): 0.016
(9,7): 0.013
(7,6): 0.006
(10,18): 0.009
(10,5): 0.017
(17,13): 0.005
(12,8): 0.019
(12,2): 0.001
(13,10): 0.002
(10,10): 0.009
(12,5): 0.001
(11,14): 0.002
(9,4): 0.011
(10,0): 0.008
(18,16): 0.004
(5,7): 0.009
(10,3): 0.004
(9,5): 0.005
(8,0): 0.007
(15,14): 0.005
(5,5): 0.002
(14,9): 0.008
(11,6): 0.013
(12,9): 0.007
(9,13): 0.009
(8,5): 0.002
(8,8): 0.009
(7,8): 0.009
(11,15): 0.012
(4,6): 0.011
(10,9): 0.007
(10,16): 0.005
(9,3): 0.009
(4,4): 0.004
(12,13): 0.002
(10,4): 0.007
(9,2): 0.005
(12,10): 0.002
(13,6): 0.005
(14,6): 0.013
(11,4): 0.013
(12,4): 0.005
(3,9): 0.005
(11,12): 0.006
(6,3): 0.002
(18,4): 0.002
(11,10): 0.006
(8,13): 0.005
(16,1): 0.002
(12,19): 0.002
(14,13): 0.001
(9,12): 0.001
(18,14): 0.003
(10,1): 0.006
(8,10): 0.002
(13,0): 0.001
(7,1): 0.002
(9,17): 0.002
(8,18): 0.001
(17,11): 0.001
(12,7): 0.001
(3,6): 0.001
(7,12): 0.001
(11,9): 0.004
(5,8): 0.002
(4,5): 0.001
(13,5): 0.002
(17,9): 0.003
(16,6): 0.001
(13,4): 0.002
(13,1): 0.004
(1,5): 0.001
(6,1): 0.002
(14,2): 0.001
(17,4): 0.002
(9,14): 0.001
(8,12): 0.003
(4,3): 0.001
(8,2): 0.001
(8,3): 0.001
(8,1): 0.001
(9,10): 0.001
(19,14): 0.001
(11,3): 0.001
