(9,6): 0.029
(4,7): 0.01
(10,8): 0.145
(11,6): 0.007
(8,0): 0.015
(10,6): 0.08
(6,7): 0.011
(8,7): 0.025
(11,8): 0.037
(5,4): 0.01
(3,6): 0.004
(6,5): 0.007
(13,10): 0.006
(7,7): 0.03
(8,6): 0.048
(12,6): 0.051
(5,1): 0.001
(8,8): 0.006
(8,14): 0.005
(9,7): 0.021
(7,6): 0.013
(3,5): 0.005
(6,4): 0.007
(13,3): 0.001
(8,9): 0.008
(10,17): 0.002
(10,5): 0.013
(12,9): 0.005
(4,6): 0.009
(9,8): 0.079
(14,6): 0.012
(10,7): 0.021
(5,7): 0.009
(6,10): 0.002
(18,16): 0.007
(12,8): 0.009
(12,10): 0.002
(12,11): 0.003
(12,3): 0.001
(8,4): 0.005
(9,13): 0.003
(16,3): 0.001
(10,3): 0.003
(11,4): 0.019
(3,9): 0.004
(9,5): 0.007
(12,7): 0.007
(9,4): 0.007
(10,18): 0.005
(6,2): 0.01
(7,1): 0.01
(12,13): 0.001
(9,9): 0.008
(11,15): 0.015
(9,3): 0.003
(17,4): 0.004
(6,6): 0.001
(10,10): 0.013
(9,11): 0.001
(6,3): 0.001
(13,8): 0.006
(7,4): 0.001
(9,2): 0.003
(8,5): 0.004
(9,10): 0.002
(17,5): 0.001
(11,9): 0.006
(9,14): 0.001
(8,13): 0.002
(8,3): 0.002
(16,1): 0.002
(13,11): 0.001
(13,7): 0.001
(4,4): 0.001
(18,14): 0.002
(10,1): 0.002
(4,5): 0.004
(13,0): 0.001
(10,4): 0.006
(7,9): 0.005
(8,18): 0.003
(17,9): 0.003
(11,7): 0.001
(10,0): 0.005
(11,3): 0.001
(10,16): 0.004
(10,9): 0.005
(8,12): 0.005
(18,4): 0.003
(14,13): 0.002
(14,9): 0.003
(12,12): 0.001
(17,13): 0.001
(9,18): 0.001
(11,10): 0.003
(13,5): 0.001
(12,4): 0.001
(11,12): 0.002
(7,8): 0.001
(6,0): 0.001
(11,1): 0.001
(11,14): 0.002
(11,0): 0.001
(9,17): 0.003
(7,5): 0.001
(10,14): 0.001
(7,2): 0.001
(11,5): 0.001
(16,6): 0.001
(19,14): 0.001
(13,9): 0.001
(13,12): 0.001
(2,3): 0.001
