(18,26): 0.003
(20,12): 0.094
(22,31): 0.007
(21,1): 0.012
(19,9): 0.006
(17,12): 0.046
(21,14): 0.001
(19,16): 0.021
(15,15): 0.033
(19,17): 0.035
(14,15): 0.03
(21,17): 0.078
(22,12): 0.018
(22,9): 0.008
(9,8): 0.001
(7,18): 0.008
(29,27): 0.001
(21,21): 0.003
(10,9): 0.012
(18,17): 0.018
(14,12): 0.029
(26,15): 0.001
(22,17): 0.019
(32,12): 0.003
(22,19): 0.012
(22,18): 0.003
(20,22): 0.001
(14,14): 0.003
(31,19): 0.001
(8,13): 0.016
(17,16): 0.014
(24,13): 0.047
(24,16): 0.002
(20,36): 0.006
(23,12): 0.003
(36,32): 0.007
(24,8): 0.006
(12,15): 0.005
(24,12): 0.003
(28,13): 0.005
(21,16): 0.026
(20,18): 0.003
(14,17): 0.001
(16,12): 0.033
(24,17): 0.021
(21,18): 0.006
(20,14): 0.004
(18,12): 0.008
(11,4): 0.005
(5,6): 0.004
(21,20): 0.013
(21,3): 0.009
(13,6): 0.004
(22,8): 0.006
(21,4): 0.001
(19,11): 0.003
(16,1): 0.003
(24,14): 0.003
(24,3): 0.003
(19,14): 0.003
(18,9): 0.004
(6,11): 0.01
(29,10): 0.002
(11,9): 0.004
(28,18): 0.003
(36,8): 0.001
(19,20): 0.001
(10,14): 0.002
(22,24): 0.001
(16,10): 0.003
(16,37): 0.005
(17,0): 0.012
(18,16): 0.008
(23,11): 0.001
(26,0): 0.002
(6,12): 0.004
(21,19): 0.004
(21,15): 0.005
(19,18): 0.002
(21,12): 0.006
(25,23): 0.003
(2,11): 0.002
(23,24): 0.004
(32,9): 0.006
(22,16): 0.004
(18,25): 0.004
(19,28): 0.001
(8,8): 0.003
(11,14): 0.001
(15,19): 0.004
(27,9): 0.001
(20,17): 0.005
(15,11): 0.002
(16,28): 0.001
(19,15): 0.001
(15,3): 0.002
(30,13): 0.001
(26,14): 0.001
(20,2): 0.001
(10,3): 0.001
(37,29): 0.004
(13,11): 0.002
(16,26): 0.005
(21,33): 0.005
(26,20): 0.005
(8,18): 0.001
(22,37): 0.001
(9,9): 0.001
(31,22): 0.002
(16,21): 0.002
(15,25): 0.001
(16,13): 0.002
(29,12): 0.002
(25,5): 0.001
(21,10): 0.001
(26,24): 0.001
(24,27): 0.001
(22,22): 0.004
(14,13): 0.003
(27,25): 0.003
(13,14): 0.001
(20,15): 0.002
(24,10): 0.001
(25,18): 0.001
(27,20): 0.001
(13,21): 0.001
(18,10): 0.001
(31,23): 0.002
(16,15): 0.001
(7,8): 0.001
(17,14): 0.001
(24,39): 0.001
(18,8): 0.001
(17,7): 0.002
(29,13): 0.001
(20,10): 0.001
(24,15): 0.001
(18,13): 0.002
(18,11): 0.001
(29,11): 0.002
(17,11): 0.001
(15,12): 0.003
(24,7): 0.002
(15,13): 0.003
(32,3): 0.001
(35,8): 0.001
(18,14): 0.001
(12,5): 0.001
(23,8): 0.001
(24,25): 0.001
(24,32): 0.001
(20,21): 0.001
(18,7): 0.001
(16,24): 0.001
(35,9): 0.001
