(19,17): 0.022
(20,12): 0.087
(21,1): 0.013
(38,18): 0.001
(17,12): 0.046
(21,10): 0.001
(15,15): 0.017
(36,29): 0.002
(22,9): 0.011
(21,17): 0.125
(20,11): 0.006
(18,16): 0.013
(9,8): 0.001
(22,20): 0.002
(22,17): 0.035
(21,12): 0.008
(10,9): 0.009
(18,17): 0.014
(19,16): 0.009
(24,13): 0.02
(29,5): 0.002
(15,19): 0.014
(8,13): 0.016
(14,13): 0.003
(20,17): 0.004
(14,15): 0.015
(14,17): 0.005
(20,36): 0.004
(22,12): 0.028
(5,12): 0.008
(25,20): 0.003
(17,9): 0.003
(20,16): 0.002
(24,12): 0.012
(18,12): 0.011
(11,9): 0.008
(21,15): 0.003
(17,16): 0.011
(14,12): 0.012
(7,18): 0.005
(14,14): 0.008
(16,12): 0.023
(24,17): 0.008
(21,18): 0.006
(31,28): 0.001
(18,15): 0.006
(11,4): 0.002
(17,7): 0.004
(21,20): 0.013
(17,19): 0.002
(21,3): 0.013
(17,0): 0.009
(13,9): 0.006
(6,11): 0.005
(16,1): 0.001
(16,13): 0.014
(26,20): 0.003
(24,15): 0.009
(22,31): 0.006
(15,8): 0.001
(24,14): 0.005
(13,11): 0.005
(21,8): 0.002
(17,10): 0.001
(5,6): 0.004
(18,14): 0.007
(35,9): 0.003
(16,16): 0.001
(26,12): 0.006
(29,27): 0.005
(10,7): 0.002
(12,14): 0.001
(19,19): 0.001
(16,37): 0.01
(19,9): 0.003
(22,16): 0.004
(26,13): 0.001
(15,25): 0.003
(27,9): 0.001
(18,9): 0.003
(17,14): 0.002
(19,15): 0.001
(17,11): 0.005
(25,12): 0.006
(17,15): 0.001
(26,3): 0.001
(24,27): 0.001
(20,14): 0.003
(20,18): 0.002
(25,22): 0.002
(15,13): 0.004
(26,0): 0.001
(19,18): 0.003
(8,11): 0.002
(13,14): 0.006
(23,11): 0.003
(35,28): 0.001
(10,4): 0.001
(18,21): 0.002
(8,8): 0.003
(22,19): 0.009
(28,13): 0.004
(20,21): 0.007
(15,14): 0.001
(16,15): 0.004
(28,26): 0.001
(21,21): 0.001
(24,16): 0.002
(6,12): 0.004
(25,5): 0.001
(16,26): 0.004
(26,15): 0.001
(18,13): 0.001
(37,29): 0.004
(36,8): 0.001
(22,18): 0.001
(13,15): 0.001
(16,21): 0.004
(18,26): 0.004
(20,29): 0.002
(21,19): 0.002
(12,5): 0.004
(13,13): 0.003
(37,21): 0.001
(21,16): 0.008
(37,18): 0.002
(16,38): 0.001
(20,4): 0.001
(19,37): 0.001
(32,9): 0.003
(15,17): 0.002
(15,29): 0.003
(21,33): 0.001
(39,13): 0.001
(19,34): 0.001
(15,16): 0.001
(31,23): 0.001
(36,32): 0.003
(37,15): 0.001
(23,23): 0.002
(12,13): 0.001
(32,28): 0.001
(24,39): 0.001
(10,18): 0.001
(26,24): 0.001
(22,14): 0.003
(18,18): 0.001
(24,3): 0.001
(25,16): 0.001
(18,11): 0.001
(19,14): 0.002
(15,12): 0.002
(16,0): 0.001
(24,7): 0.002
(19,21): 0.001
(24,19): 0.002
(16,24): 0.001
(32,3): 0.001
(23,8): 0.001
(11,14): 0.001
(29,14): 0.001
(19,10): 0.001
(23,24): 0.001
(15,26): 0.001
(24,10): 0.001
(29,12): 0.001
