(5,3): 0.139
(6,3): 0.055
(5,7): 0.014
(5,4): 0.14
(4,4): 0.122
(4,3): 0.114
(2,2): 0.031
(6,5): 0.016
(5,2): 0.035
(3,0): 0.008
(7,7): 0.009
(4,0): 0.02
(1,2): 0.014
(5,5): 0.021
(6,2): 0.012
(3,3): 0.065
(4,2): 0.016
(2,3): 0.024
(4,8): 0.003
(4,9): 0.007
(5,0): 0.011
(4,1): 0.004
(6,4): 0.009
(5,1): 0.008
(3,1): 0.016
(8,2): 0.01
(6,8): 0.001
(5,8): 0.002
(7,3): 0.009
(1,3): 0.003
(4,6): 0.002
(8,3): 0.004
(9,7): 0.009
(3,2): 0.001
(8,6): 0.001
(4,5): 0.004
(5,9): 0.009
(1,4): 0.001
(2,1): 0.004
(8,7): 0.003
(7,6): 0.004
(6,1): 0.002
(6,0): 0.002
(6,9): 0.003
(9,2): 0.002
(4,7): 0.001
(3,4): 0.001
(6,6): 0.003
(8,8): 0.001
(5,6): 0.001
(7,5): 0.002
(7,1): 0.001
(8,0): 0.001
