(5,4): 0.183
(5,3): 0.144
(5,7): 0.012
(4,4): 0.111
(4,0): 0.017
(4,3): 0.127
(2,2): 0.016
(6,5): 0.018
(4,2): 0.018
(5,2): 0.032
(7,7): 0.004
(2,3): 0.025
(6,3): 0.045
(6,2): 0.006
(3,3): 0.042
(4,8): 0.003
(4,9): 0.001
(6,4): 0.005
(5,0): 0.013
(3,1): 0.016
(3,0): 0.005
(4,1): 0.009
(1,3): 0.002
(8,2): 0.003
(9,7): 0.009
(4,7): 0.003
(5,9): 0.012
(5,5): 0.026
(1,2): 0.009
(7,4): 0.001
(6,0): 0.002
(4,6): 0.002
(2,1): 0.005
(8,3): 0.005
(7,3): 0.017
(8,6): 0.001
(4,5): 0.002
(3,4): 0.009
(6,1): 0.004
(1,4): 0.001
(6,6): 0.007
(3,2): 0.006
(9,8): 0.002
(1,1): 0.002
(7,8): 0.001
(7,6): 0.004
(8,1): 0.001
(6,9): 0.002
(5,6): 0.001
(9,2): 0.002
(5,1): 0.003
(9,6): 0.002
(8,7): 0.001
(7,5): 0.001
