(25,45): 0.013
(20,16): 0.006
(25,14): 0.005
(27,22): 0.004
(39,28): 0.003
(24,2): 0.001
(29,36): 0.004
(43,12): 0.004
(28,14): 0.004
(24,21): 0.025
(32,17): 0.003
(23,10): 0.006
(31,10): 0.003
(39,35): 0.003
(27,10): 0.003
(26,15): 0.008
(27,20): 0.005
(30,16): 0.04
(18,17): 0.005
(15,6): 0.004
(19,23): 0.002
(22,15): 0.027
(37,11): 0.001
(9,23): 0.012
(23,24): 0.002
(23,20): 0.016
(18,23): 0.001
(18,18): 0.019
(27,8): 0.002
(23,13): 0.004
(25,15): 0.046
(21,47): 0.007
(47,35): 0.003
(19,20): 0.001
(38,35): 0.001
(46,36): 0.007
(21,15): 0.004
(26,22): 0.033
(28,9): 0.001
(32,25): 0.004
(23,17): 0.001
(26,20): 0.01
(28,22): 0.017
(20,6): 0.002
(22,13): 0.001
(16,18): 0.003
(27,12): 0.006
(27,15): 0.002
(27,39): 0.007
(20,15): 0.005
(21,0): 0.01
(25,21): 0.004
(20,19): 0.01
(24,22): 0.01
(14,17): 0.008
(22,0): 0.008
(28,23): 0.004
(25,18): 0.005
(48,23): 0.001
(26,25): 0.007
(26,10): 0.003
(10,10): 0.006
(42,36): 0.003
(14,12): 0.002
(38,16): 0.006
(26,19): 0.002
(34,11): 0.003
(22,31): 0.002
(28,30): 0.006
(25,22): 0.006
(22,28): 0.001
(26,21): 0.011
(27,2): 0.007
(24,18): 0.005
(30,32): 0.003
(40,4): 0.006
(25,19): 0.001
(22,18): 0.004
(30,21): 0.007
(28,15): 0.01
(29,23): 0.002
(21,20): 0.004
(27,41): 0.006
(11,14): 0.002
(10,18): 0.002
(35,18): 0.001
(22,12): 0.003
(43,10): 0.006
(13,15): 0.003
(17,3): 0.003
(40,12): 0.002
(20,12): 0.003
(25,47): 0.004
(26,27): 0.003
(23,44): 0.004
(29,47): 0.001
(18,19): 0.012
(23,27): 0.001
(26,23): 0.002
(30,19): 0.003
(17,17): 0.006
(13,9): 0.003
(15,10): 0.002
(35,17): 0.002
(25,27): 0.005
(27,19): 0.008
(36,7): 0.002
(23,21): 0.005
(25,11): 0.003
(15,13): 0.002
(11,16): 0.009
(16,12): 0.004
(36,34): 0.001
(36,12): 0.001
(25,20): 0.003
(30,2): 0.002
(21,49): 0.002
(26,13): 0.003
(5,13): 0.001
(37,37): 0.001
(31,22): 0.003
(40,41): 0.002
(45,37): 0.001
(28,46): 0.003
(32,24): 0.001
(30,49): 0.003
(42,34): 0.003
(28,36): 0.002
(21,35): 0.003
(30,22): 0.002
(22,6): 0.001
(12,11): 0.006
(42,38): 0.001
(28,0): 0.001
(16,13): 0.005
(21,18): 0.001
(36,15): 0.002
(13,18): 0.002
(36,46): 0.001
(14,18): 0.002
(28,25): 0.005
(15,7): 0.003
(18,16): 0.002
(30,24): 0.002
(7,14): 0.007
(33,31): 0.002
(27,5): 0.001
(26,41): 0.003
(33,8): 0.002
(27,34): 0.002
(27,21): 0.005
(41,24): 0.001
(21,2): 0.003
(27,7): 0.003
(16,8): 0.003
(19,35): 0.002
(31,11): 0.002
(18,1): 0.002
(31,20): 0.001
(24,25): 0.001
(8,12): 0.001
(16,19): 0.001
(28,21): 0.004
(27,4): 0.005
(20,8): 0.001
(45,40): 0.002
(17,19): 0.002
(35,7): 0.001
(27,17): 0.004
(38,24): 0.001
(33,14): 0.002
(23,7): 0.002
(33,19): 0.001
(24,27): 0.001
(25,36): 0.002
(9,12): 0.002
(23,18): 0.002
(23,12): 0.004
(34,30): 0.001
(28,20): 0.004
(21,10): 0.001
(29,15): 0.004
(31,19): 0.001
(23,15): 0.001
(31,29): 0.001
(34,13): 0.003
(30,40): 0.002
(19,18): 0.001
(20,24): 0.001
(26,3): 0.001
(24,16): 0.002
(9,10): 0.001
(23,9): 0.001
(8,9): 0.002
(8,13): 0.002
(21,24): 0.001
(21,1): 0.001
(18,3): 0.001
(32,20): 0.002
(25,2): 0.002
(25,32): 0.001
(20,18): 0.001
(35,39): 0.001
(12,15): 0.001
(46,34): 0.001
(33,18): 0.002
(20,27): 0.003
(36,17): 0.001
(24,13): 0.003
(5,12): 0.001
(17,2): 0.001
(12,18): 0.002
(24,35): 0.001
(27,9): 0.001
(30,18): 0.001
(34,25): 0.001
(27,18): 0.002
(22,19): 0.001
(21,19): 0.001
(13,20): 0.001
(37,16): 0.001
(28,26): 0.001
(11,18): 0.001
(41,12): 0.001
(42,18): 0.001
(25,16): 0.002
(7,7): 0.001
(7,13): 0.001
(20,32): 0.001
(22,20): 0.002
(14,6): 0.001
(22,24): 0.001
(32,16): 0.002
(22,22): 0.001
(9,9): 0.001
(41,11): 0.001
(47,23): 0.001
(30,17): 0.002
(30,39): 0.001
(44,39): 0.002
(23,16): 0.001
(9,13): 0.001
(23,5): 0.003
(26,2): 0.002
(29,22): 0.001
(28,24): 0.003
(32,2): 0.001
(26,17): 0.001
(50,22): 0.001
(40,15): 0.003
(31,8): 0.001
(24,14): 0.001
(37,3): 0.001
(23,33): 0.001
(16,10): 0.001
(19,4): 0.003
(21,46): 0.001
(37,14): 0.001
(45,11): 0.002
(7,15): 0.001
(9,18): 0.001
(3,14): 0.001
(41,18): 0.001
(32,0): 0.002
(24,42): 0.002
(25,24): 0.001
(18,13): 0.001
(44,10): 0.001
(29,5): 0.001
(30,34): 0.002
(23,34): 0.001
(20,5): 0.002
(22,17): 0.001
(15,5): 0.001
(23,8): 0.002
(45,20): 0.001
(19,32): 0.003
(24,20): 0.002
(34,17): 0.001
(34,18): 0.001
(46,19): 0.001
(16,5): 0.001
(27,42): 0.001
(22,44): 0.001
(35,23): 0.001
(43,24): 0.002
(33,16): 0.001
(20,13): 0.001
(27,0): 0.002
(18,15): 0.001
(38,7): 0.001
(43,8): 0.002
(31,25): 0.002
(32,29): 0.001
(14,3): 0.001
(24,23): 0.001
(20,0): 0.001
(16,1): 0.001
(30,15): 0.001
(27,25): 0.001
(29,20): 0.001
(37,23): 0.001
(24,9): 0.001
(12,13): 0.001
(2,15): 0.001
(13,4): 0.001
