(25,45): 0.014
(21,15): 0.004
(40,13): 0.001
(27,22): 0.007
(27,12): 0.008
(13,10): 0.001
(18,19): 0.007
(43,12): 0.006
(29,11): 0.003
(32,16): 0.002
(16,18): 0.004
(25,28): 0.001
(29,10): 0.002
(21,0): 0.02
(29,36): 0.001
(22,15): 0.039
(16,12): 0.007
(24,23): 0.001
(25,15): 0.044
(16,8): 0.004
(18,22): 0.002
(25,14): 0.003
(39,28): 0.001
(9,23): 0.013
(23,24): 0.003
(28,22): 0.019
(24,21): 0.027
(26,22): 0.038
(22,14): 0.002
(27,7): 0.003
(28,15): 0.008
(32,25): 0.003
(26,45): 0.001
(17,19): 0.002
(25,39): 0.002
(48,35): 0.002
(9,14): 0.002
(30,16): 0.043
(28,25): 0.001
(26,21): 0.014
(20,19): 0.005
(19,18): 0.002
(22,13): 0.002
(7,14): 0.011
(22,18): 0.005
(27,39): 0.005
(20,15): 0.004
(23,16): 0.001
(8,14): 0.002
(13,18): 0.002
(29,22): 0.002
(23,20): 0.007
(11,16): 0.01
(26,15): 0.011
(48,23): 0.002
(45,11): 0.002
(46,36): 0.003
(34,12): 0.002
(27,41): 0.007
(10,10): 0.005
(42,36): 0.003
(29,17): 0.001
(13,12): 0.002
(38,16): 0.006
(35,17): 0.009
(24,22): 0.003
(28,29): 0.002
(21,48): 0.001
(30,33): 0.001
(23,21): 0.005
(35,34): 0.001
(27,2): 0.006
(9,21): 0.002
(25,22): 0.001
(18,18): 0.014
(40,4): 0.005
(29,48): 0.001
(31,14): 0.001
(38,17): 0.001
(21,18): 0.001
(27,10): 0.005
(29,8): 0.001
(29,23): 0.003
(21,20): 0.006
(23,23): 0.001
(11,14): 0.002
(27,0): 0.004
(34,17): 0.002
(9,18): 0.001
(18,24): 0.001
(43,10): 0.004
(46,19): 0.003
(27,24): 0.001
(23,36): 0.001
(16,19): 0.001
(41,10): 0.003
(25,47): 0.004
(27,25): 0.002
(28,48): 0.001
(25,21): 0.006
(18,11): 0.001
(35,23): 0.002
(30,17): 0.003
(18,8): 0.001
(12,15): 0.004
(21,21): 0.001
(10,23): 0.001
(25,27): 0.003
(47,26): 0.001
(36,7): 0.003
(22,20): 0.003
(25,11): 0.001
(19,16): 0.003
(6,8): 0.002
(28,46): 0.003
(24,9): 0.001
(13,3): 0.004
(30,3): 0.001
(8,9): 0.005
(14,18): 0.003
(21,49): 0.003
(26,12): 0.002
(12,11): 0.007
(37,37): 0.001
(31,22): 0.002
(40,41): 0.001
(45,40): 0.005
(41,15): 0.002
(23,33): 0.002
(41,24): 0.001
(24,18): 0.004
(42,34): 0.003
(23,27): 0.001
(10,17): 0.001
(22,6): 0.002
(17,17): 0.005
(42,38): 0.001
(20,47): 0.002
(30,49): 0.004
(27,3): 0.002
(30,21): 0.005
(20,16): 0.004
(36,15): 0.001
(21,2): 0.003
(12,18): 0.002
(30,43): 0.001
(45,12): 0.002
(44,35): 0.001
(34,30): 0.001
(26,23): 0.004
(22,31): 0.001
(19,10): 0.001
(32,31): 0.001
(17,8): 0.002
(19,9): 0.001
(25,2): 0.002
(26,6): 0.001
(36,43): 0.002
(17,3): 0.004
(33,8): 0.001
(28,33): 0.001
(27,23): 0.001
(30,24): 0.003
(17,2): 0.002
(31,10): 0.002
(21,47): 0.006
(15,6): 0.001
(19,32): 0.004
(20,36): 0.003
(31,20): 0.001
(24,25): 0.001
(11,11): 0.002
(23,10): 0.003
(21,1): 0.002
(16,13): 0.002
(20,27): 0.003
(26,17): 0.002
(14,8): 0.003
(25,49): 0.002
(27,4): 0.005
(20,13): 0.002
(27,20): 0.004
(32,30): 0.001
(25,19): 0.001
(26,10): 0.003
(38,24): 0.001
(26,25): 0.007
(37,10): 0.001
(23,7): 0.002
(31,21): 0.001
(26,36): 0.002
(18,20): 0.001
(34,15): 0.002
(22,0): 0.003
(47,37): 0.002
(43,8): 0.003
(31,11): 0.001
(10,16): 0.001
(41,14): 0.003
(41,35): 0.001
(21,16): 0.002
(29,15): 0.003
(42,8): 0.001
(31,29): 0.001
(34,13): 0.001
(9,10): 0.001
(21,24): 0.001
(22,12): 0.003
(21,23): 0.002
(11,10): 0.001
(24,16): 0.002
(26,20): 0.002
(23,9): 0.001
(20,46): 0.004
(25,9): 0.001
(27,31): 0.001
(19,19): 0.001
(23,26): 0.001
(23,12): 0.004
(32,20): 0.001
(28,41): 0.002
(26,32): 0.001
(20,18): 0.001
(23,8): 0.003
(28,12): 0.001
(35,18): 0.002
(19,31): 0.001
(33,18): 0.002
(24,15): 0.001
(30,20): 0.001
(44,10): 0.001
(22,17): 0.002
(39,16): 0.002
(27,29): 0.001
(5,12): 0.002
(16,3): 0.002
(11,18): 0.001
(24,35): 0.001
(30,18): 0.001
(32,19): 0.001
(34,25): 0.001
(32,17): 0.001
(22,16): 0.001
(12,20): 0.001
(28,30): 0.003
(4,12): 0.001
(20,6): 0.001
(10,19): 0.001
(36,18): 0.001
(40,18): 0.001
(22,19): 0.001
(7,17): 0.001
(21,35): 0.001
(27,9): 0.001
(13,7): 0.001
(33,16): 0.001
(7,15): 0.004
(43,39): 0.001
(23,14): 0.002
(20,10): 0.001
(26,41): 0.001
(30,40): 0.001
(10,12): 0.001
(12,16): 0.001
(23,5): 0.002
(26,2): 0.001
(23,48): 0.001
(22,33): 0.001
(27,21): 0.003
(30,2): 0.002
(25,18): 0.001
(8,12): 0.001
(40,15): 0.003
(31,25): 0.001
(31,7): 0.001
(32,0): 0.002
(26,27): 0.002
(24,20): 0.001
(28,23): 0.002
(19,4): 0.001
(21,46): 0.002
(37,14): 0.001
(28,21): 0.001
(34,10): 0.001
(32,18): 0.002
(12,12): 0.001
(28,24): 0.001
(26,43): 0.001
(3,14): 0.001
(32,4): 0.002
(26,26): 0.001
(30,0): 0.001
(20,12): 0.002
(18,13): 0.001
(18,17): 0.001
(25,44): 0.002
(29,5): 0.001
(38,35): 0.001
(28,20): 0.001
(16,9): 0.001
(24,37): 0.001
(21,32): 0.001
(12,13): 0.002
(34,11): 0.002
(14,12): 0.001
(48,18): 0.001
(36,34): 0.001
(29,16): 0.002
(14,17): 0.001
(23,19): 0.001
(10,18): 0.001
(13,16): 0.001
(24,42): 0.001
(22,3): 0.001
(27,19): 0.001
(21,30): 0.001
(16,17): 0.001
(44,24): 0.001
(22,27): 0.001
(13,19): 0.001
(41,41): 0.001
(42,37): 0.001
(23,18): 0.001
(27,18): 0.001
(41,37): 0.001
(24,43): 0.001
(18,15): 0.001
(37,45): 0.001
(26,19): 0.001
(27,15): 0.001
(20,8): 0.001
(20,30): 0.001
(31,42): 0.001
(26,33): 0.001
(36,6): 0.001
(36,12): 0.001
(22,9): 0.001
(23,15): 0.001
(19,35): 0.001
(7,13): 0.001
(22,44): 0.001
(29,20): 0.001
(27,17): 0.001
(33,14): 0.001
(28,37): 0.001
(37,23): 0.001
(8,13): 0.001
(28,14): 0.001
(22,11): 0.001
(27,28): 0.001
(11,17): 0.001
(30,39): 0.001
(31,9): 0.001
