(26,21): 0.184
(25,15): 0.125
(26,22): 0.277
(22,15): 0.042
(27,22): 0.03
(25,21): 0.025
(25,18): 0.005
(27,21): 0.027
(18,23): 0.001
(17,17): 0.002
(23,20): 0.01
(28,22): 0.018
(30,17): 0.001
(24,18): 0.002
(24,20): 0.004
(13,9): 0.002
(27,12): 0.001
(27,20): 0.014
(18,18): 0.005
(20,19): 0.003
(12,11): 0.002
(11,16): 0.008
(26,15): 0.017
(22,20): 0.002
(22,12): 0.002
(25,14): 0.014
(24,21): 0.05
(9,21): 0.001
(11,12): 0.001
(28,23): 0.003
(8,12): 0.001
(21,15): 0.005
(23,10): 0.001
(30,21): 0.002
(26,20): 0.008
(27,19): 0.003
(24,14): 0.001
(25,22): 0.001
(17,3): 0.001
(42,36): 0.001
(26,23): 0.006
(33,16): 0.002
(27,10): 0.001
(24,22): 0.002
(34,29): 0.002
(32,17): 0.001
(26,25): 0.001
(32,25): 0.003
(27,39): 0.001
(7,14): 0.004
(22,14): 0.001
(16,18): 0.003
(30,16): 0.018
(21,0): 0.003
(30,49): 0.001
(23,44): 0.002
(20,15): 0.003
(22,13): 0.001
(28,25): 0.006
(23,16): 0.002
(22,0): 0.001
(13,18): 0.001
(18,19): 0.001
(19,31): 0.001
(5,12): 0.001
(16,12): 0.001
(28,37): 0.002
(23,13): 0.001
(10,10): 0.001
(27,23): 0.002
(21,20): 0.002
(22,16): 0.001
(26,19): 0.002
(27,4): 0.001
(23,15): 0.002
(20,12): 0.001
(23,21): 0.001
(18,17): 0.001
(20,16): 0.002
(36,12): 0.001
(27,2): 0.001
(22,17): 0.001
(19,16): 0.001
(22,21): 0.001
(22,18): 0.001
(20,5): 0.001
(15,6): 0.001
(45,11): 0.001
(28,15): 0.001
