(24,14): 162
(22,12): 132
(23,11): 74
(25,15): 1820
(27,12): 232
(30,16): 1306
(29,15): 68
(22,15): 1220
(20,15): 210
(22,0): 536
(21,0): 576
(26,21): 1174
(26,22): 3050
(25,45): 584
(24,21): 966
(27,39): 88
(18,19): 652
(31,12): 78
(27,20): 420
(24,22): 198
(20,16): 112
(19,16): 72
(20,17): 24
(28,25): 232
(35,23): 48
(23,20): 674
(28,15): 178
(27,17): 10
(27,16): 34
(14,17): 68
(27,19): 276
(15,17): 58
(27,21): 446
(13,19): 4
(16,18): 262
(22,18): 366
(20,46): 40
(26,20): 196
(26,13): 6
(25,18): 298
(42,34): 26
(23,16): 16
(22,22): 100
(17,22): 2
(17,17): 566
(19,19): 64
(31,29): 186
(27,24): 174
(26,15): 424
(21,20): 312
(18,17): 78
(8,17): 2
(23,5): 66
(27,3): 16
(23,6): 18
(28,22): 464
(22,20): 186
(22,16): 66
(26,23): 182
(18,18): 376
(26,17): 94
(30,18): 44
(22,17): 130
(22,24): 66
(12,11): 488
(15,6): 88
(21,15): 80
(25,14): 152
(11,16): 234
(15,18): 8
(23,15): 140
(25,27): 8
(10,10): 50
(32,18): 32
(13,3): 24
(24,18): 46
(25,21): 220
(16,13): 50
(20,19): 522
(30,21): 248
(29,19): 8
(8,9): 10
(7,14): 130
(32,29): 18
(23,21): 202
(23,8): 80
(20,29): 2
(21,19): 68
(36,34): 2
(27,2): 212
(16,16): 28
(22,6): 24
(22,14): 46
(26,25): 50
(20,27): 30
(31,10): 46
(25,16): 66
(28,7): 4
(18,22): 60
(27,7): 68
(11,18): 36
(10,19): 146
(18,16): 14
(22,21): 20
(27,4): 110
(24,16): 76
(33,8): 4
(46,23): 6
(21,21): 186
(31,6): 2
(26,19): 32
(26,14): 106
(16,3): 28
(45,40): 8
(8,14): 8
(23,34): 14
(31,16): 66
(32,28): 26
(28,24): 74
(21,32): 4
(21,47): 60
(27,10): 42
(27,22): 190
(18,32): 24
(11,10): 10
(21,35): 124
(21,46): 68
(26,27): 72
(32,25): 116
(17,18): 6
(28,30): 88
(23,22): 6
(23,24): 72
(17,19): 38
(16,8): 18
(15,12): 2
(20,18): 20
(30,34): 108
(31,20): 42
(9,20): 4
(9,23): 36
(10,17): 44
(30,23): 62
(41,31): 14
(38,25): 58
(38,24): 36
(16,19): 22
(13,18): 10
(34,11): 8
(24,23): 22
(40,4): 80
(27,0): 36
(24,20): 22
(25,36): 10
(21,16): 50
(23,12): 86
(35,17): 224
(32,17): 12
(31,11): 8
(23,9): 16
(23,19): 136
(30,15): 20
(10,14): 40
(9,18): 14
(11,4): 2
(45,11): 20
(31,13): 52
(17,3): 44
(25,13): 20
(23,7): 2
(10,18): 16
(13,23): 24
(25,19): 8
(37,12): 2
(36,12): 4
(35,15): 2
(23,44): 14
(27,18): 12
(27,41): 92
(19,23): 10
(22,13): 4
(16,1): 4
(29,22): 6
(17,2): 210
(23,13): 24
(16,12): 46
(23,36): 2
(43,10): 40
(23,18): 10
(17,8): 6
(9,9): 4
(28,16): 60
(9,12): 4
(30,3): 54
(12,16): 66
(25,22): 70
(22,44): 8
(18,24): 20
(24,29): 20
(36,15): 32
(10,16): 18
(17,13): 8
(41,14): 12
(22,33): 2
(22,19): 8
(30,19): 30
(26,9): 12
(13,12): 2
(19,7): 2
(24,1): 2
(21,24): 40
(31,25): 8
(20,12): 20
(34,17): 30
(13,9): 20
(15,7): 28
(34,31): 14
(24,15): 10
(8,13): 16
(26,26): 24
(27,13): 4
(21,1): 4
(34,12): 2
(30,13): 24
(32,20): 6
(34,15): 28
(12,15): 8
(28,20): 18
(19,10): 4
(11,14): 154
(38,16): 10
(29,36): 10
(29,9): 2
(25,17): 2
(21,9): 18
(13,11): 8
(21,2): 24
(24,13): 20
(42,18): 2
(34,18): 6
(26,10): 8
(29,14): 12
(31,19): 56
(34,13): 30
(20,26): 6
(14,18): 16
(7,15): 22
(13,15): 28
(22,28): 2
(45,30): 8
(23,33): 38
(12,13): 12
(27,15): 14
(20,0): 4
(24,17): 14
(32,24): 30
(28,23): 28
(43,12): 12
(37,14): 8
(33,24): 16
(31,24): 6
(34,29): 16
(24,19): 14
(19,24): 2
(25,44): 4
(25,23): 10
(11,15): 2
(20,47): 32
(19,48): 4
(46,36): 132
(21,33): 2
(24,24): 24
(30,32): 32
(35,43): 2
(29,20): 6
(32,31): 6
(14,12): 32
(5,12): 18
(30,17): 8
(19,4): 6
(23,17): 24
(24,42): 6
(38,18): 10
(15,19): 4
(26,12): 4
(18,9): 2
(15,5): 20
(10,12): 2
(6,8): 4
(41,24): 2
(12,10): 2
(23,47): 36
(36,46): 6
(32,21): 6
(19,9): 2
(21,18): 2
(28,37): 2
(30,49): 28
(32,0): 10
(35,8): 8
(24,8): 2
(27,9): 2
(29,16): 10
(15,13): 4
(32,15): 2
(28,14): 2
(23,14): 16
(34,7): 2
(25,11): 4
(16,10): 2
(21,13): 2
(21,10): 30
(23,10): 2
(22,23): 6
(46,30): 6
(19,11): 10
(24,9): 16
(19,18): 4
(29,11): 6
(30,0): 2
(29,23): 8
(32,26): 2
(32,27): 4
(28,2): 10
(27,5): 6
(27,29): 4
(28,46): 8
(12,18): 6
(19,14): 24
(20,14): 4
(43,33): 4
(19,3): 2
(32,19): 2
(19,21): 2
(11,13): 10
(18,15): 8
(29,17): 4
(28,18): 6
(32,4): 4
(42,14): 4
(25,24): 30
(25,47): 10
(32,30): 8
(22,31): 22
(21,49): 10
(40,15): 6
(14,6): 14
(11,12): 2
(29,47): 4
(31,8): 30
(47,37): 2
(28,17): 2
(25,49): 2
(18,3): 2
(41,20): 2
(41,19): 2
(16,17): 2
(37,23): 2
(25,12): 14
(36,6): 6
(30,1): 4
(8,8): 4
(26,32): 10
(20,24): 2
(8,12): 2
(45,25): 8
(43,25): 12
(42,24): 2
(18,20): 2
(41,11): 2
(46,19): 2
(48,23): 2
(32,2): 2
(37,11): 4
(23,26): 10
