(10,9): 0.018
(8,13): 0.011
(20,12): 0.072
(21,1): 0.009
(37,15): 0.001
(13,11): 0.005
(21,17): 0.081
(15,14): 0.003
(13,2): 0.003
(19,18): 0.011
(39,14): 0.001
(18,12): 0.004
(17,16): 0.005
(19,10): 0.002
(18,14): 0.016
(14,2): 0.004
(21,12): 0.003
(18,4): 0.001
(16,15): 0.014
(16,12): 0.009
(37,29): 0.003
(13,14): 0.007
(22,12): 0.018
(7,18): 0.008
(20,11): 0.006
(32,12): 0.006
(22,18): 0.006
(20,36): 0.009
(21,11): 0.004
(17,12): 0.037
(26,20): 0.003
(16,37): 0.001
(14,14): 0.011
(21,20): 0.01
(21,15): 0.011
(24,12): 0.007
(18,20): 0.001
(18,16): 0.022
(22,8): 0.007
(9,11): 0.003
(14,15): 0.007
(15,15): 0.012
(11,14): 0.007
(22,17): 0.022
(29,5): 0.005
(15,3): 0.002
(19,15): 0.005
(14,17): 0.003
(20,14): 0.013
(24,13): 0.021
(11,6): 0.001
(36,32): 0.004
(23,4): 0.002
(15,19): 0.005
(18,17): 0.004
(24,17): 0.007
(21,16): 0.013
(9,9): 0.006
(17,0): 0.01
(26,3): 0.001
(19,14): 0.006
(5,11): 0.003
(13,9): 0.005
(34,27): 0.002
(18,11): 0.002
(20,17): 0.008
(15,8): 0.001
(18,10): 0.001
(18,19): 0.002
(29,34): 0.002
(19,17): 0.028
(31,19): 0.005
(29,27): 0.003
(30,13): 0.001
(16,21): 0.001
(27,20): 0.003
(34,19): 0.003
(19,13): 0.003
(21,6): 0.005
(23,16): 0.003
(15,11): 0.001
(24,16): 0.004
(22,19): 0.009
(21,3): 0.003
(29,10): 0.001
(18,15): 0.003
(22,16): 0.005
(19,22): 0.002
(29,9): 0.003
(19,16): 0.013
(22,20): 0.004
(8,8): 0.015
(12,13): 0.005
(6,7): 0.003
(13,13): 0.003
(18,5): 0.007
(16,5): 0.002
(17,19): 0.001
(19,12): 0.007
(24,1): 0.002
(26,14): 0.003
(16,4): 0.003
(24,14): 0.002
(23,29): 0.003
(4,10): 0.005
(12,5): 0.008
(20,18): 0.003
(8,11): 0.001
(26,15): 0.001
(12,9): 0.001
(27,14): 0.001
(11,12): 0.004
(36,8): 0.002
(26,24): 0.001
(19,7): 0.005
(17,39): 0.002
(24,19): 0.003
(22,31): 0.008
(27,15): 0.001
(6,11): 0.007
(15,1): 0.003
(14,10): 0.006
(21,19): 0.003
(18,13): 0.003
(29,13): 0.002
(34,23): 0.001
(28,27): 0.001
(25,20): 0.002
(6,12): 0.002
(14,26): 0.002
(12,6): 0.001
(23,8): 0.001
(24,39): 0.004
(33,29): 0.004
(19,9): 0.001
(19,20): 0.001
(25,13): 0.002
(17,25): 0.001
(18,7): 0.003
(27,24): 0.003
(24,32): 0.002
(20,13): 0.003
(23,9): 0.002
(13,10): 0.003
(20,16): 0.005
(16,9): 0.003
(9,12): 0.002
(17,14): 0.002
(29,11): 0.002
(14,11): 0.001
(16,28): 0.001
(14,12): 0.001
(29,12): 0.001
(16,0): 0.001
(15,18): 0.001
(21,33): 0.003
(35,24): 0.001
(32,28): 0.002
(33,10): 0.001
(34,15): 0.002
(16,7): 0.001
(18,9): 0.004
(18,8): 0.003
(22,36): 0.001
(24,15): 0.004
(14,7): 0.001
(26,17): 0.005
(15,6): 0.001
(21,8): 0.003
(22,13): 0.004
(34,8): 0.001
(16,19): 0.001
(10,15): 0.001
(22,9): 0.002
(14,18): 0.002
(20,19): 0.001
(13,18): 0.001
(20,29): 0.001
(21,21): 0.002
(31,28): 0.001
(34,9): 0.003
(23,24): 0.001
(28,13): 0.001
(27,35): 0.001
(13,1): 0.001
(24,2): 0.001
(12,10): 0.001
(26,6): 0.002
(10,7): 0.001
(27,10): 0.001
(32,3): 0.001
(21,10): 0.001
(17,15): 0.002
(34,31): 0.001
(33,9): 0.001
(24,31): 0.001
(28,32): 0.001
(25,9): 0.001
(21,18): 0.001
(26,16): 0.001
(24,25): 0.001
(21,13): 0.001
(20,25): 0.001
(16,1): 0.001
