((4,1)(4,1)) 0.7670682730923695
((4,1)(4,2)) 0.04819277108433735
((4,1)(4,4)) 0.010040160642570281
((4,1)(5,3)) 0.0642570281124498
((4,1)(3,1)) 0.010040160642570281
((4,1)(5,4)) 0.008032128514056224
((4,1)(3,0)) 0.018072289156626505
((4,1)(2,3)) 0.004016064257028112
((4,1)(4,3)) 0.010040160642570281
((4,1)(2,2)) 0.014056224899598393
((4,1)(4,0)) 0.03614457831325301
((4,1)(6,2)) 0.002008032128514056
((4,1)(5,0)) 0.002008032128514056
((4,1)(6,4)) 0.002008032128514056
((4,1)(5,2)) 0.002008032128514056
((4,1)(3,2)) 0.002008032128514056
((4,2)(4,2)) 0.7258823529411764
((4,2)(5,3)) 0.0611764705882353
((4,2)(4,0)) 0.0058823529411764705
((4,2)(3,1)) 0.002352941176470588
((4,2)(3,2)) 0.002352941176470588
((4,2)(4,3)) 0.08470588235294117
((4,2)(5,4)) 0.02235294117647059
((4,2)(5,1)) 0.001176470588235294
((4,2)(4,1)) 0.024705882352941175
((4,2)(5,2)) 0.012941176470588235
((4,2)(1,1)) 0.0058823529411764705
((4,2)(3,3)) 0.007058823529411765
((4,2)(5,6)) 0.001176470588235294
((4,2)(5,7)) 0.002352941176470588
((4,2)(4,4)) 0.0058823529411764705
((4,2)(6,6)) 0.001176470588235294
((4,2)(5,5)) 0.007058823529411765
((4,2)(2,2)) 0.001176470588235294
((4,2)(5,0)) 0.004705882352941176
((4,2)(3,0)) 0.00823529411764706
((4,2)(6,5)) 0.002352941176470588
((4,2)(7,5)) 0.001176470588235294
((4,2)(2,0)) 0.001176470588235294
((4,2)(8,6)) 0.001176470588235294
((4,2)(6,3)) 0.001176470588235294
((4,2)(6,2)) 0.001176470588235294
((4,2)(2,3)) 0.001176470588235294
((4,2)(2,1)) 0.001176470588235294
((4,2)(6,4)) 0.001176470588235294
((5,3)(5,3)) 0.7425856608119781
((5,3)(4,1)) 0.010077742585660812
((5,3)(5,2)) 0.03109703426432479
((5,3)(7,3)) 0.002591419522027066
((5,3)(5,4)) 0.044342067376907573
((5,3)(5,0)) 0.010365678088108263
((5,3)(6,9)) 0.0014396775122372588
((5,3)(5,7)) 0.002303484019579614
((5,3)(4,0)) 0.00806219406852865
((5,3)(3,4)) 0.0008638065073423554
((5,3)(4,3)) 0.03656780881082637
((5,3)(4,4)) 0.014972646127267493
((5,3)(2,0)) 0.0014396775122372588
((5,3)(3,3)) 0.014972646127267493
((5,3)(6,4)) 0.004031097034264325
((5,3)(4,2)) 0.013245033112582781
((5,3)(5,1)) 0.0034552260293694214
((5,3)(6,3)) 0.016988194644399653
((5,3)(4,5)) 0.0017276130146847107
((5,3)(2,2)) 0.0034552260293694214
((5,3)(5,5)) 0.0031672905269219693
((5,3)(2,3)) 0.0014396775122372588
((5,3)(8,2)) 0.0020155485171321624
((5,3)(6,2)) 0.002303484019579614
((5,3)(3,1)) 0.0008638065073423554
((5,3)(6,1)) 0.0034552260293694214
((5,3)(1,1)) 0.0008638065073423554
((5,3)(7,1)) 0.0014396775122372588
((5,3)(4,7)) 0.0008638065073423554
((5,3)(8,0)) 0.00028793550244745177
((5,3)(6,0)) 0.004319032536711776
((5,3)(8,3)) 0.0008638065073423554
((5,3)(8,4)) 0.00028793550244745177
((5,3)(6,5)) 0.0005758710048949035
((5,3)(1,2)) 0.001151742009789807
((5,3)(4,6)) 0.0020155485171321624
((5,3)(3,0)) 0.0028793550244745176
((5,3)(3,2)) 0.0014396775122372588
((5,3)(5,6)) 0.0005758710048949035
((5,3)(9,3)) 0.00028793550244745177
((5,3)(9,8)) 0.00028793550244745177
((5,3)(1,4)) 0.0005758710048949035
((5,3)(6,6)) 0.00028793550244745177
((5,3)(5,9)) 0.0005758710048949035
((5,3)(5,8)) 0.00028793550244745177
((5,3)(4,9)) 0.00028793550244745177
((5,3)(7,0)) 0.00028793550244745177
((5,3)(7,2)) 0.0008638065073423554
((5,3)(8,6)) 0.0005758710048949035
((5,3)(1,3)) 0.00028793550244745177
((7,3)(7,3)) 0.7783641160949868
((7,3)(5,3)) 0.023746701846965697
((7,3)(4,4)) 0.002638522427440633
((7,3)(6,4)) 0.013192612137203167
((7,3)(6,3)) 0.0395778364116095
((7,3)(4,6)) 0.002638522427440633
((7,3)(4,7)) 0.002638522427440633
((7,3)(8,2)) 0.018469656992084433
((7,3)(3,3)) 0.021108179419525065
((7,3)(5,4)) 0.055408970976253295
((7,3)(6,9)) 0.002638522427440633
((7,3)(4,3)) 0.0079155672823219
((7,3)(1,2)) 0.002638522427440633
((7,3)(8,3)) 0.005277044854881266
((7,3)(9,2)) 0.0079155672823219
((7,3)(8,4)) 0.002638522427440633
((7,3)(3,2)) 0.002638522427440633
((7,3)(7,2)) 0.002638522427440633
((7,3)(4,5)) 0.002638522427440633
((7,3)(2,2)) 0.002638522427440633
((7,3)(6,5)) 0.002638522427440633
((5,2)(5,2)) 0.777988614800759
((5,2)(5,3)) 0.1110056925996205
((5,2)(4,9)) 0.0009487666034155598
((5,2)(5,1)) 0.010436432637571158
((5,2)(6,1)) 0.0009487666034155598
((5,2)(4,4)) 0.012333965844402278
((5,2)(6,3)) 0.003795066413662239
((5,2)(4,2)) 0.011385199240986717
((5,2)(5,0)) 0.004743833017077799
((5,2)(4,3)) 0.021821631878557873
((5,2)(5,4)) 0.021821631878557873
((5,2)(4,1)) 0.0009487666034155598
((5,2)(4,7)) 0.0009487666034155598
((5,2)(6,4)) 0.0009487666034155598
((5,2)(6,2)) 0.003795066413662239
((5,2)(4,0)) 0.0028462998102466793
((5,2)(10,4)) 0.0009487666034155598
((5,2)(2,3)) 0.0018975332068311196
((5,2)(1,4)) 0.0009487666034155598
((5,2)(6,0)) 0.0028462998102466793
((5,2)(3,0)) 0.0009487666034155598
((5,2)(3,4)) 0.0009487666034155598
((5,2)(3,3)) 0.004743833017077799
((4,4)(4,4)) 0.7785467128027682
((4,4)(5,0)) 0.002201950298836112
((4,4)(4,3)) 0.031456432840515886
((4,4)(4,9)) 0.007549543881723813
((4,4)(5,4)) 0.04372444164831708
((4,4)(2,3)) 0.008493236866939289
((4,4)(1,4)) 0.0015728216420257944
((4,4)(5,3)) 0.017615602390688895
((4,4)(5,5)) 0.007549543881723813
((4,4)(3,3)) 0.017615602390688895
((4,4)(4,1)) 0.0015728216420257944
((4,4)(6,3)) 0.010380622837370242
((4,4)(4,0)) 0.0006291286568103177
((4,4)(3,6)) 0.0012582573136206354
((4,4)(2,2)) 0.0062912865681031774
((4,4)(4,7)) 0.004089336269267065
((4,4)(5,2)) 0.0053475935828877
((4,4)(4,5)) 0.006920415224913495
((4,4)(6,4)) 0.0015728216420257944
((4,4)(4,2)) 0.002201950298836112
((4,4)(5,7)) 0.0018873859704309531
((4,4)(7,2)) 0.00031456432840515884
((4,4)(1,2)) 0.007864108210128971
((4,4)(3,4)) 0.004089336269267065
((4,4)(5,6)) 0.0025165146272412707
((4,4)(6,5)) 0.0009436929852154766
((4,4)(3,1)) 0.0009436929852154766
((4,4)(2,4)) 0.00031456432840515884
((4,4)(8,2)) 0.004089336269267065
((4,4)(4,6)) 0.0031456432840515887
((4,4)(5,9)) 0.002201950298836112
((4,4)(6,8)) 0.00031456432840515884
((4,4)(6,6)) 0.0037747719408619063
((4,4)(2,0)) 0.0015728216420257944
((4,4)(5,1)) 0.00031456432840515884
((4,4)(1,3)) 0.002201950298836112
((4,4)(8,3)) 0.0012582573136206354
((4,4)(9,7)) 0.0006291286568103177
((4,4)(7,9)) 0.00031456432840515884
((4,4)(8,4)) 0.00031456432840515884
((4,4)(4,8)) 0.0006291286568103177
((4,4)(7,4)) 0.0006291286568103177
((4,4)(7,3)) 0.0009436929852154766
((4,4)(8,0)) 0.00031456432840515884
((4,4)(7,1)) 0.00031456432840515884
((4,4)(5,8)) 0.0006291286568103177
((4,4)(6,1)) 0.00031456432840515884
((4,4)(6,0)) 0.0006291286568103177
((5,0)(5,0)) 0.8474341192787794
((5,0)(5,3)) 0.04299583911234397
((5,0)(5,4)) 0.036061026352288486
((5,0)(4,3)) 0.012482662968099861
((5,0)(5,1)) 0.011095700416088766
((5,0)(8,0)) 0.008321775312066574
((5,0)(4,2)) 0.005547850208044383
((5,0)(3,4)) 0.0013869625520110957
((5,0)(3,3)) 0.0027739251040221915
((5,0)(4,0)) 0.011095700416088766
((5,0)(2,2)) 0.0013869625520110957
((5,0)(4,4)) 0.005547850208044383
((5,0)(4,1)) 0.0027739251040221915
((5,0)(1,2)) 0.0013869625520110957
((5,0)(5,5)) 0.0013869625520110957
((5,0)(5,9)) 0.0013869625520110957
((5,0)(5,2)) 0.004160887656033287
((5,0)(3,1)) 0.0013869625520110957
((5,0)(6,0)) 0.0013869625520110957
((5,4)(5,4)) 0.8524769495233631
((5,4)(5,3)) 0.022190967338646665
((5,4)(4,4)) 0.02437880918893577
((5,4)(6,4)) 0.007969995311767463
((5,4)(5,5)) 0.00781372089388967
((5,4)(4,5)) 0.0009376465072667605
((5,4)(6,5)) 0.005313330207844975
((5,4)(5,2)) 0.003438037193311455
((5,4)(1,2)) 0.0014064697609001407
((5,4)(4,1)) 0.0009376465072667605
((5,4)(5,8)) 0.0012501953430223472
((5,4)(6,6)) 0.001875293014533521
((5,4)(2,0)) 0.00046882325363338024
((5,4)(3,2)) 0.0009376465072667605
((5,4)(4,6)) 0.0001562744178777934
((5,4)(3,3)) 0.00781372089388967
((5,4)(6,3)) 0.010470385997812158
((5,4)(4,2)) 0.0017190185966557275
((5,4)(2,3)) 0.004063134864822629
((5,4)(4,3)) 0.010782934833567745
((5,4)(4,9)) 0.0006250976715111736
((5,4)(3,0)) 0.0009376465072667605
((5,4)(5,7)) 0.0025003906860446945
((5,4)(3,1)) 0.0006250976715111736
((5,4)(9,8)) 0.0010939209251445538
((5,4)(1,4)) 0.0003125488357555868
((5,4)(8,6)) 0.001875293014533521
((5,4)(8,2)) 0.0020315674324113144
((5,4)(4,7)) 0.0009376465072667605
((5,4)(4,0)) 0.000781372089388967
((5,4)(3,4)) 0.000781372089388967
((5,4)(7,4)) 0.0014064697609001407
((5,4)(2,2)) 0.0017190185966557275
((5,4)(5,0)) 0.003438037193311455
((5,4)(1,3)) 0.0006250976715111736
((5,4)(5,9)) 0.0010939209251445538
((5,4)(5,1)) 0.0006250976715111736
((5,4)(6,9)) 0.0006250976715111736
((5,4)(9,2)) 0.0009376465072667605
((5,4)(7,3)) 0.0020315674324113144
((5,4)(5,6)) 0.0012501953430223472
((5,4)(8,7)) 0.000781372089388967
((5,4)(6,1)) 0.0001562744178777934
((5,4)(7,5)) 0.00046882325363338024
((5,4)(7,2)) 0.00046882325363338024
((5,4)(10,4)) 0.0003125488357555868
((5,4)(7,7)) 0.000781372089388967
((5,4)(9,7)) 0.001875293014533521
((5,4)(0,6)) 0.0001562744178777934
((5,4)(8,3)) 0.000781372089388967
((5,4)(7,6)) 0.0001562744178777934
((5,4)(7,9)) 0.0001562744178777934
((5,4)(9,3)) 0.0001562744178777934
((5,4)(6,2)) 0.00046882325363338024
((5,4)(4,8)) 0.0001562744178777934
((5,4)(3,6)) 0.0001562744178777934
((5,4)(8,4)) 0.0001562744178777934
((5,4)(6,7)) 0.0001562744178777934
((4,3)(4,3)) 0.7964305633017289
((4,3)(3,3)) 0.020356943669827106
((4,3)(4,4)) 0.025655326268823202
((4,3)(5,3)) 0.03597322922476297
((4,3)(6,6)) 0.0008365867261572784
((4,3)(3,1)) 0.004461795872838818
((4,3)(1,1)) 0.004182933630786392
((4,3)(4,0)) 0.0008365867261572784
((4,3)(6,1)) 0.0011154489682097045
((4,3)(6,3)) 0.013943112102621304
((4,3)(7,1)) 0.0013943112102621305
((4,3)(2,1)) 0.0002788622420524261
((4,3)(5,9)) 0.0002788622420524261
((4,3)(3,2)) 0.007250418293363078
((4,3)(5,4)) 0.02063580591187953
((4,3)(1,2)) 0.003067484662576687
((4,3)(4,2)) 0.017568321249302844
((4,3)(5,0)) 0.0011154489682097045
((4,3)(3,4)) 0.0008365867261572784
((4,3)(6,2)) 0.0033463469046291134
((4,3)(2,2)) 0.009202453987730062
((4,3)(4,1)) 0.0013943112102621305
((4,3)(5,2)) 0.007250418293363078
((4,3)(5,5)) 0.0019520356943669827
((4,3)(4,7)) 0.0005577244841048522
((4,3)(1,4)) 0.0008365867261572784
((4,3)(5,7)) 0.0005577244841048522
((4,3)(2,3)) 0.0039040713887339654
((4,3)(6,5)) 0.0016731734523145567
((4,3)(5,8)) 0.0013943112102621305
((4,3)(7,3)) 0.0011154489682097045
((4,3)(4,6)) 0.0008365867261572784
((4,3)(2,0)) 0.002230897936419409
((4,3)(7,0)) 0.0005577244841048522
((4,3)(6,0)) 0.002230897936419409
((4,3)(1,3)) 0.0005577244841048522
((4,3)(3,0)) 0.0002788622420524261
((4,3)(4,5)) 0.0005577244841048522
((4,3)(4,9)) 0.0002788622420524261
((4,3)(6,9)) 0.0008365867261572784
((4,3)(3,7)) 0.0002788622420524261
((4,3)(5,1)) 0.0002788622420524261
((4,3)(9,3)) 0.0002788622420524261
((4,3)(3,6)) 0.0002788622420524261
((4,3)(6,4)) 0.0002788622420524261
((4,3)(9,2)) 0.0002788622420524261
((4,3)(8,2)) 0.0002788622420524261
((4,3)(8,3)) 0.0002788622420524261
((3,3)(3,3)) 0.7907986111111112
((3,3)(5,3)) 0.026475694444444444
((3,3)(4,3)) 0.030815972222222224
((3,3)(5,5)) 0.0030381944444444445
((3,3)(2,3)) 0.023003472222222224
((3,3)(4,4)) 0.023871527777777776
((3,3)(3,2)) 0.006510416666666667
((3,3)(5,4)) 0.022135416666666668
((3,3)(1,4)) 0.0026041666666666665
((3,3)(3,4)) 0.005642361111111111
((3,3)(3,1)) 0.002170138888888889
((3,3)(7,8)) 0.00043402777777777775
((3,3)(1,2)) 0.006944444444444444
((3,3)(4,5)) 0.0030381944444444445
((3,3)(6,3)) 0.006510416666666667
((3,3)(2,2)) 0.009548611111111112
((3,3)(5,2)) 0.001736111111111111
((3,3)(5,0)) 0.0026041666666666665
((3,3)(6,2)) 0.0008680555555555555
((3,3)(4,0)) 0.00043402777777777775
((3,3)(6,6)) 0.0026041666666666665
((3,3)(2,4)) 0.0008680555555555555
((3,3)(4,9)) 0.0008680555555555555
((3,3)(7,3)) 0.004340277777777778
((3,3)(4,2)) 0.00390625
((3,3)(6,4)) 0.0013020833333333333
((3,3)(4,1)) 0.0013020833333333333
((3,3)(0,2)) 0.003472222222222222
((3,3)(7,6)) 0.00043402777777777775
((3,3)(2,0)) 0.0013020833333333333
((3,3)(1,3)) 0.001736111111111111
((3,3)(5,8)) 0.001736111111111111
((3,3)(6,0)) 0.00043402777777777775
((3,3)(5,7)) 0.0026041666666666665
((3,3)(8,7)) 0.00043402777777777775
((3,3)(6,5)) 0.00043402777777777775
((3,3)(5,9)) 0.0008680555555555555
((3,3)(2,1)) 0.0008680555555555555
((3,3)(5,6)) 0.00043402777777777775
((3,3)(9,7)) 0.00043402777777777775
((3,3)(3,0)) 0.00043402777777777775
((6,9)(6,9)) 0.7788461538461539
((6,9)(3,4)) 0.019230769230769232
((6,9)(5,3)) 0.038461538461538464
((6,9)(5,4)) 0.009615384615384616
((6,9)(5,7)) 0.0673076923076923
((6,9)(7,3)) 0.009615384615384616
((6,9)(4,3)) 0.038461538461538464
((6,9)(6,3)) 0.009615384615384616
((6,9)(4,6)) 0.019230769230769232
((6,9)(3,3)) 0.009615384615384616
((3,4)(3,4)) 0.8149779735682819
((3,4)(4,4)) 0.05726872246696035
((3,4)(1,4)) 0.004405286343612335
((3,4)(3,3)) 0.03524229074889868
((3,4)(5,4)) 0.01762114537444934
((3,4)(5,3)) 0.013215859030837005
((3,4)(6,3)) 0.00881057268722467
((3,4)(3,1)) 0.004405286343612335
((3,4)(5,1)) 0.004405286343612335
((3,4)(2,2)) 0.004405286343612335
((3,4)(4,9)) 0.004405286343612335
((3,4)(5,5)) 0.004405286343612335
((3,4)(4,5)) 0.004405286343612335
((3,4)(4,0)) 0.004405286343612335
((3,4)(4,2)) 0.004405286343612335
((3,4)(3,5)) 0.004405286343612335
((3,4)(4,3)) 0.004405286343612335
((3,4)(3,2)) 0.004405286343612335
((4,5)(4,5)) 0.7156862745098039
((4,5)(4,9)) 0.042483660130718956
((4,5)(4,4)) 0.049019607843137254
((4,5)(5,5)) 0.042483660130718956
((4,5)(3,3)) 0.02287581699346405
((4,5)(3,6)) 0.013071895424836602
((4,5)(4,7)) 0.013071895424836602
((4,5)(3,4)) 0.006535947712418301
((4,5)(5,2)) 0.0032679738562091504
((4,5)(5,4)) 0.02287581699346405
((4,5)(6,3)) 0.00980392156862745
((4,5)(4,3)) 0.00980392156862745
((4,5)(4,6)) 0.013071895424836602
((4,5)(3,2)) 0.00980392156862745
((4,5)(3,5)) 0.0032679738562091504
((4,5)(6,4)) 0.0032679738562091504
((4,5)(7,3)) 0.0032679738562091504
((4,5)(4,2)) 0.0032679738562091504
((4,5)(5,7)) 0.0032679738562091504
((4,5)(8,1)) 0.0032679738562091504
((4,5)(6,2)) 0.0032679738562091504
((4,5)(2,2)) 0.0032679738562091504
((4,9)(4,9)) 0.8274509803921568
((4,9)(4,5)) 0.0196078431372549
((4,9)(4,8)) 0.0058823529411764705
((4,9)(4,0)) 0.00196078431372549
((4,9)(4,4)) 0.056862745098039215
((4,9)(5,4)) 0.011764705882352941
((4,9)(5,6)) 0.011764705882352941
((4,9)(5,9)) 0.01568627450980392
((4,9)(3,6)) 0.00196078431372549
((4,9)(3,9)) 0.011764705882352941
((4,9)(4,3)) 0.0058823529411764705
((4,9)(9,4)) 0.00392156862745098
((4,9)(5,7)) 0.00392156862745098
((4,9)(3,3)) 0.00392156862745098
((4,9)(9,6)) 0.00196078431372549
((4,9)(4,7)) 0.00392156862745098
((4,9)(4,6)) 0.00196078431372549
((4,9)(5,5)) 0.0058823529411764705
((4,9)(2,2)) 0.00392156862745098
((4,8)(4,8)) 0.7387387387387387
((4,8)(4,9)) 0.06306306306306306
((4,8)(5,7)) 0.018018018018018018
((4,8)(5,9)) 0.036036036036036036
((4,8)(6,3)) 0.009009009009009009
((4,8)(8,2)) 0.07207207207207207
((4,8)(9,3)) 0.018018018018018018
((4,8)(4,4)) 0.02702702702702703
((4,8)(7,1)) 0.009009009009009009
((4,8)(6,7)) 0.009009009009009009
((5,7)(5,7)) 0.7934362934362934
((5,7)(4,8)) 0.007722007722007722
((5,7)(6,9)) 0.015444015444015444
((5,7)(5,8)) 0.03667953667953668
((5,7)(4,6)) 0.003861003861003861
((5,7)(7,8)) 0.0019305019305019305
((5,7)(4,7)) 0.007722007722007722
((5,7)(4,4)) 0.019305019305019305
((5,7)(4,2)) 0.0019305019305019305
((5,7)(6,6)) 0.007722007722007722
((5,7)(6,8)) 0.009652509652509652
((5,7)(3,3)) 0.013513513513513514
((5,7)(5,2)) 0.0019305019305019305
((5,7)(5,4)) 0.025096525096525095
((5,7)(8,2)) 0.003861003861003861
((5,7)(5,5)) 0.011583011583011582
((5,7)(3,6)) 0.0019305019305019305
((5,7)(9,3)) 0.0019305019305019305
((5,7)(6,7)) 0.0019305019305019305
((5,7)(5,6)) 0.0019305019305019305
((5,7)(8,7)) 0.007722007722007722
((5,7)(5,9)) 0.007722007722007722
((5,7)(6,5)) 0.0019305019305019305
((5,7)(4,9)) 0.007722007722007722
((5,7)(10,4)) 0.0019305019305019305
((5,7)(7,3)) 0.0019305019305019305
((5,7)(9,5)) 0.0019305019305019305
((6,4)(6,4)) 0.717607973421927
((6,4)(6,3)) 0.05813953488372093
((6,4)(5,4)) 0.08305647840531562
((6,4)(7,3)) 0.009966777408637873
((6,4)(9,7)) 0.0016611295681063123
((6,4)(6,5)) 0.04318936877076412
((6,4)(5,3)) 0.016611295681063124
((6,4)(5,2)) 0.011627906976744186
((6,4)(9,8)) 0.006644518272425249
((6,4)(3,3)) 0.006644518272425249
((6,4)(8,2)) 0.009966777408637873
((6,4)(5,6)) 0.0016611295681063123
((6,4)(4,4)) 0.009966777408637873
((6,4)(8,4)) 0.0016611295681063123
((6,4)(4,0)) 0.0016611295681063123
((6,4)(7,6)) 0.0049833887043189366
((6,4)(6,7)) 0.0016611295681063123
((6,4)(5,5)) 0.0033222591362126247
((6,4)(4,3)) 0.0016611295681063123
((6,4)(6,2)) 0.0016611295681063123
((6,4)(4,8)) 0.0016611295681063123
((6,4)(3,5)) 0.0016611295681063123
((6,4)(8,3)) 0.0016611295681063123
((6,4)(9,2)) 0.0016611295681063123
((6,3)(6,3)) 0.7852242744063325
((6,3)(6,4)) 0.024274406332453827
((6,3)(7,3)) 0.00949868073878628
((6,3)(3,3)) 0.011609498680738786
((6,3)(4,3)) 0.02691292875989446
((6,3)(5,3)) 0.03905013192612137
((6,3)(6,1)) 0.0031662269129287598
((6,3)(6,2)) 0.025329815303430078
((6,3)(5,4)) 0.02691292875989446
((6,3)(1,2)) 0.0021108179419525065
((6,3)(4,4)) 0.013720316622691292
((6,3)(9,7)) 0.0036939313984168864
((6,3)(3,6)) 0.0005277044854881266
((6,3)(0,6)) 0.0005277044854881266
((6,3)(8,2)) 0.0015831134564643799
((6,3)(9,2)) 0.0010554089709762533
((6,3)(4,5)) 0.0015831134564643799
((6,3)(5,0)) 0.0005277044854881266
((6,3)(5,2)) 0.0015831134564643799
((6,3)(6,5)) 0.004221635883905013
((6,3)(1,4)) 0.0010554089709762533
((6,3)(3,2)) 0.0015831134564643799
((6,3)(6,0)) 0.0031662269129287598
((6,3)(3,1)) 0.0005277044854881266
((6,3)(7,1)) 0.0005277044854881266
((6,3)(3,4)) 0.0005277044854881266
((6,3)(7,2)) 0.0015831134564643799
((6,3)(4,8)) 0.0005277044854881266
((6,3)(5,9)) 0.0005277044854881266
((6,3)(6,6)) 0.0005277044854881266
((6,3)(4,0)) 0.0005277044854881266
((6,3)(8,0)) 0.0010554089709762533
((6,3)(3,0)) 0.0010554089709762533
((6,3)(2,0)) 0.0005277044854881266
((6,3)(2,2)) 0.0010554089709762533
((6,3)(8,3)) 0.0010554089709762533
((6,3)(9,5)) 0.0010554089709762533
((4,0)(4,0)) 0.9042424242424243
((4,0)(5,3)) 0.03393939393939394
((4,0)(4,4)) 0.0048484848484848485
((4,0)(4,2)) 0.008484848484848486
((4,0)(2,0)) 0.0012121212121212121
((4,0)(5,4)) 0.0036363636363636364
((4,0)(4,1)) 0.01818181818181818
((4,0)(8,0)) 0.0012121212121212121
((4,0)(6,3)) 0.0024242424242424242
((4,0)(5,0)) 0.008484848484848486
((4,0)(4,3)) 0.0048484848484848485
((4,0)(3,1)) 0.0024242424242424242
((4,0)(4,5)) 0.0012121212121212121
((4,0)(3,4)) 0.0012121212121212121
((4,0)(5,2)) 0.0012121212121212121
((4,0)(6,2)) 0.0012121212121212121
((4,0)(2,3)) 0.0012121212121212121
((2,3)(2,3)) 0.8299379982285208
((2,3)(3,3)) 0.046944198405668734
((2,3)(5,4)) 0.025686448184233834
((2,3)(1,3)) 0.0141718334809566
((2,3)(1,2)) 0.010628875110717449
((2,3)(2,2)) 0.012400354295837024
((2,3)(4,4)) 0.02745792736935341
((2,3)(4,3)) 0.012400354295837024
((2,3)(5,2)) 0.001771479185119575
((2,3)(4,0)) 0.0008857395925597874
((2,3)(5,5)) 0.002657218777679362
((2,3)(1,4)) 0.00354295837023915
((2,3)(5,3)) 0.0044286979627989375
((2,3)(7,3)) 0.0008857395925597874
((2,3)(6,3)) 0.001771479185119575
((2,3)(4,9)) 0.0008857395925597874
((2,3)(4,2)) 0.0008857395925597874
((2,3)(6,4)) 0.0008857395925597874
((2,3)(2,4)) 0.0008857395925597874
((2,3)(5,8)) 0.0008857395925597874
((5,5)(5,5)) 0.8056768558951966
((5,5)(5,4)) 0.06550218340611354
((5,5)(4,5)) 0.009825327510917031
((5,5)(7,4)) 0.006550218340611353
((5,5)(6,5)) 0.0054585152838427945
((5,5)(4,4)) 0.03165938864628821
((5,5)(5,8)) 0.004366812227074236
((5,5)(6,6)) 0.0054585152838427945
((5,5)(3,3)) 0.0054585152838427945
((5,5)(4,3)) 0.0054585152838427945
((5,5)(5,3)) 0.007641921397379912
((5,5)(4,2)) 0.010917030567685589
((5,5)(5,6)) 0.010917030567685589
((5,5)(5,7)) 0.007641921397379912
((5,5)(9,4)) 0.001091703056768559
((5,5)(5,9)) 0.004366812227074236
((5,5)(6,3)) 0.001091703056768559
((5,5)(1,4)) 0.001091703056768559
((5,5)(6,4)) 0.002183406113537118
((5,5)(6,8)) 0.001091703056768559
((5,5)(1,3)) 0.001091703056768559
((5,5)(3,6)) 0.001091703056768559
((5,5)(4,1)) 0.001091703056768559
((5,5)(3,1)) 0.001091703056768559
((5,5)(2,2)) 0.001091703056768559
((5,5)(4,9)) 0.001091703056768559
((1,4)(1,4)) 0.8
((1,4)(5,4)) 0.008888888888888889
((1,4)(3,3)) 0.044444444444444446
((1,4)(4,4)) 0.06222222222222222
((1,4)(2,2)) 0.0044444444444444444
((1,4)(3,5)) 0.0044444444444444444
((1,4)(2,3)) 0.02666666666666667
((1,4)(3,1)) 0.0044444444444444444
((1,4)(6,3)) 0.022222222222222223
((1,4)(4,3)) 0.008888888888888889
((1,4)(9,2)) 0.0044444444444444444
((1,4)(4,6)) 0.0044444444444444444
((1,4)(1,3)) 0.0044444444444444444
((6,5)(6,5)) 0.7394957983193278
((6,5)(6,4)) 0.046218487394957986
((6,5)(4,6)) 0.0021008403361344537
((6,5)(7,6)) 0.0063025210084033615
((6,5)(5,4)) 0.09873949579831932
((6,5)(1,3)) 0.0021008403361344537
((6,5)(5,5)) 0.008403361344537815
((6,5)(5,0)) 0.0021008403361344537
((6,5)(4,3)) 0.01680672268907563
((6,5)(6,3)) 0.01680672268907563
((6,5)(4,4)) 0.008403361344537815
((6,5)(6,6)) 0.01050420168067227
((6,5)(10,4)) 0.004201680672268907
((6,5)(8,6)) 0.0021008403361344537
((6,5)(5,3)) 0.008403361344537815
((6,5)(4,2)) 0.0063025210084033615
((6,5)(7,5)) 0.004201680672268907
((6,5)(9,8)) 0.004201680672268907
((6,5)(6,7)) 0.004201680672268907
((6,5)(8,4)) 0.0021008403361344537
((6,5)(9,4)) 0.0021008403361344537
((6,5)(5,7)) 0.0021008403361344537
((6,5)(7,4)) 0.0021008403361344537
((9,7)(9,7)) 0.79375
((9,7)(8,6)) 0.0125
((9,7)(5,4)) 0.0625
((9,7)(5,9)) 0.00625
((9,7)(6,3)) 0.04375
((9,7)(8,7)) 0.00625
((9,7)(9,8)) 0.025
((9,7)(4,4)) 0.01875
((9,7)(8,4)) 0.01875
((9,7)(2,2)) 0.00625
((9,7)(9,6)) 0.00625
((8,6)(8,6)) 0.7669902912621359
((8,6)(9,7)) 0.009708737864077669
((8,6)(7,5)) 0.009708737864077669
((8,6)(4,6)) 0.009708737864077669
((8,6)(7,3)) 0.009708737864077669
((8,6)(6,5)) 0.07766990291262135
((8,6)(5,4)) 0.038834951456310676
((8,6)(9,4)) 0.009708737864077669
((8,6)(3,6)) 0.038834951456310676
((8,6)(5,3)) 0.009708737864077669
((8,6)(4,2)) 0.009708737864077669
((8,6)(9,6)) 0.009708737864077669
((5,1)(5,1)) 0.8347457627118644
((5,1)(5,2)) 0.038135593220338986
((5,1)(5,0)) 0.046610169491525424
((5,1)(5,3)) 0.046610169491525424
((5,1)(4,3)) 0.012711864406779662
((5,1)(5,4)) 0.00847457627118644
((5,1)(6,0)) 0.00423728813559322
((5,1)(6,1)) 0.00423728813559322
((5,1)(4,4)) 0.00423728813559322
((1,3)(1,3)) 0.7297297297297297
((1,3)(1,4)) 0.006756756756756757
((1,3)(1,2)) 0.11824324324324324
((1,3)(3,3)) 0.033783783783783786
((1,3)(2,2)) 0.016891891891891893
((1,3)(4,4)) 0.016891891891891893
((1,3)(5,4)) 0.02364864864864865
((1,3)(2,3)) 0.04391891891891892
((1,3)(1,1)) 0.0033783783783783786
((1,3)(2,1)) 0.0033783783783783786
((1,3)(4,3)) 0.0033783783783783786
((5,9)(5,9)) 0.839835728952772
((5,9)(5,8)) 0.04722792607802875
((5,9)(5,4)) 0.02053388090349076
((5,9)(4,4)) 0.024640657084188913
((5,9)(5,7)) 0.014373716632443531
((5,9)(4,9)) 0.022587268993839837
((5,9)(6,6)) 0.006160164271047228
((5,9)(4,8)) 0.006160164271047228
((5,9)(7,2)) 0.004106776180698152
((5,9)(5,5)) 0.006160164271047228
((5,9)(9,8)) 0.002053388090349076
((5,9)(5,3)) 0.004106776180698152
((5,9)(6,9)) 0.002053388090349076
((7,4)(7,4)) 0.6991150442477876
((7,4)(5,5)) 0.09734513274336283
((7,4)(7,5)) 0.09734513274336283
((7,4)(5,4)) 0.035398230088495575
((7,4)(5,6)) 0.017699115044247787
((7,4)(6,5)) 0.017699115044247787
((7,4)(4,3)) 0.008849557522123894
((7,4)(2,3)) 0.008849557522123894
((7,4)(4,4)) 0.008849557522123894
((7,4)(8,4)) 0.008849557522123894
((6,6)(6,6)) 0.7072072072072072
((6,6)(5,4)) 0.02702702702702703
((6,6)(5,5)) 0.04504504504504504
((6,6)(5,3)) 0.036036036036036036
((6,6)(8,7)) 0.0045045045045045045
((6,6)(5,7)) 0.009009009009009009
((6,6)(3,3)) 0.02252252252252252
((6,6)(5,8)) 0.018018018018018018
((6,6)(6,5)) 0.03153153153153153
((6,6)(4,4)) 0.03153153153153153
((6,6)(4,3)) 0.02702702702702703
((6,6)(5,9)) 0.013513513513513514
((6,6)(9,6)) 0.0045045045045045045
((6,6)(7,6)) 0.0045045045045045045
((6,6)(6,8)) 0.0045045045045045045
((6,6)(6,7)) 0.013513513513513514
((1,2)(1,2)) 0.7746319365798414
((1,2)(3,3)) 0.01812004530011325
((1,2)(1,3)) 0.04303510758776897
((1,2)(2,2)) 0.05436013590033975
((1,2)(2,3)) 0.010192525481313703
((1,2)(2,1)) 0.007927519818799546
((1,2)(3,2)) 0.0011325028312570782
((1,2)(6,3)) 0.0033975084937712344
((1,2)(5,4)) 0.010192525481313703
((1,2)(3,1)) 0.004530011325028313
((1,2)(0,2)) 0.01698754246885617
((1,2)(3,0)) 0.015855039637599093
((1,2)(2,0)) 0.0033975084937712344
((1,2)(4,4)) 0.01925254813137033
((1,2)(4,3)) 0.0056625141562853904
((1,2)(0,3)) 0.0033975084937712344
((1,2)(7,3)) 0.0022650056625141564
((1,2)(6,4)) 0.0011325028312570782
((1,2)(4,7)) 0.0011325028312570782
((1,2)(4,8)) 0.0011325028312570782
((1,2)(5,3)) 0.0022650056625141564
((5,8)(5,8)) 0.8067226890756303
((5,8)(5,7)) 0.05322128851540616
((5,8)(5,9)) 0.07282913165266107
((5,8)(5,4)) 0.008403361344537815
((5,8)(4,8)) 0.0028011204481792717
((5,8)(4,3)) 0.014005602240896359
((5,8)(9,8)) 0.0028011204481792717
((5,8)(6,5)) 0.0028011204481792717
((5,8)(5,5)) 0.01680672268907563
((5,8)(5,0)) 0.0028011204481792717
((5,8)(4,6)) 0.0028011204481792717
((5,8)(4,7)) 0.0028011204481792717
((5,8)(4,9)) 0.0028011204481792717
((5,8)(3,3)) 0.0056022408963585435
((5,8)(1,3)) 0.0028011204481792717
((3,2)(3,2)) 0.7342857142857143
((3,2)(3,3)) 0.04
((3,2)(4,3)) 0.07428571428571429
((3,2)(2,2)) 0.025714285714285714
((3,2)(5,3)) 0.005714285714285714
((3,2)(4,2)) 0.014285714285714285
((3,2)(3,1)) 0.02857142857142857
((3,2)(5,4)) 0.025714285714285714
((3,2)(4,4)) 0.008571428571428572
((3,2)(5,5)) 0.008571428571428572
((3,2)(6,1)) 0.002857142857142857
((3,2)(4,5)) 0.002857142857142857
((3,2)(2,0)) 0.002857142857142857
((3,2)(3,4)) 0.002857142857142857
((3,2)(4,1)) 0.002857142857142857
((3,2)(2,1)) 0.002857142857142857
((3,2)(6,3)) 0.002857142857142857
((3,2)(6,0)) 0.002857142857142857
((3,2)(1,1)) 0.008571428571428572
((3,2)(1,4)) 0.002857142857142857
((3,1)(3,1)) 0.7568922305764411
((3,1)(4,2)) 0.012531328320802004
((3,1)(4,3)) 0.03759398496240601
((3,1)(3,3)) 0.02506265664160401
((3,1)(4,1)) 0.010025062656641603
((3,1)(2,3)) 0.012531328320802004
((3,1)(5,1)) 0.002506265664160401
((3,1)(3,2)) 0.03007518796992481
((3,1)(5,4)) 0.010025062656641603
((3,1)(4,4)) 0.015037593984962405
((3,1)(3,0)) 0.03258145363408521
((3,1)(2,1)) 0.015037593984962405
((3,1)(3,4)) 0.002506265664160401
((3,1)(1,2)) 0.005012531328320802
((3,1)(2,2)) 0.012531328320802004
((3,1)(5,3)) 0.002506265664160401
((3,1)(4,0)) 0.002506265664160401
((3,1)(2,0)) 0.005012531328320802
((3,1)(6,3)) 0.005012531328320802
((3,1)(5,0)) 0.002506265664160401
((3,1)(3,6)) 0.002506265664160401
((2,0)(2,0)) 0.7272727272727273
((2,0)(5,3)) 0.0743801652892562
((2,0)(3,4)) 0.008264462809917356
((2,0)(2,1)) 0.008264462809917356
((2,0)(3,1)) 0.06611570247933884
((2,0)(4,4)) 0.008264462809917356
((2,0)(3,3)) 0.01652892561983471
((2,0)(4,3)) 0.03305785123966942
((2,0)(3,2)) 0.008264462809917356
((2,0)(1,1)) 0.008264462809917356
((2,0)(1,2)) 0.008264462809917356
((2,0)(4,2)) 0.008264462809917356
((2,0)(5,4)) 0.024793388429752067
((1,1)(1,1)) 0.8013245033112583
((1,1)(4,3)) 0.06622516556291391
((1,1)(5,3)) 0.013245033112582781
((1,1)(4,2)) 0.033112582781456956
((1,1)(3,2)) 0.006622516556291391
((1,1)(4,4)) 0.013245033112582781
((1,1)(1,2)) 0.019867549668874173
((1,1)(1,3)) 0.006622516556291391
((1,1)(2,2)) 0.033112582781456956
((1,1)(6,3)) 0.006622516556291391
((7,5)(7,5)) 0.5952380952380952
((7,5)(6,5)) 0.07142857142857142
((7,5)(7,4)) 0.2857142857142857
((7,5)(2,3)) 0.023809523809523808
((7,5)(5,4)) 0.023809523809523808
((4,6)(4,6)) 0.69375
((4,6)(9,8)) 0.00625
((4,6)(4,4)) 0.0625
((4,6)(8,6)) 0.00625
((4,6)(4,7)) 0.05
((4,6)(5,7)) 0.01875
((4,6)(3,6)) 0.0125
((4,6)(4,3)) 0.0125
((4,6)(4,5)) 0.025
((4,6)(6,8)) 0.01875
((4,6)(5,3)) 0.04375
((4,6)(3,7)) 0.0125
((4,6)(5,6)) 0.00625
((4,6)(6,9)) 0.00625
((4,6)(5,4)) 0.01875
((4,6)(6,7)) 0.00625
((9,8)(9,8)) 0.6981132075471698
((9,8)(6,5)) 0.0660377358490566
((9,8)(9,7)) 0.04716981132075472
((9,8)(5,4)) 0.018867924528301886
((9,8)(6,3)) 0.02830188679245283
((9,8)(6,4)) 0.04716981132075472
((9,8)(5,8)) 0.018867924528301886
((9,8)(7,7)) 0.018867924528301886
((9,8)(8,7)) 0.018867924528301886
((9,8)(8,8)) 0.02830188679245283
((9,8)(7,6)) 0.009433962264150943
((7,8)(7,8)) 0.5
((7,8)(6,7)) 0.25
((7,8)(9,8)) 0.25
((6,7)(6,7)) 0.6923076923076923
((6,7)(8,6)) 0.019230769230769232
((6,7)(5,7)) 0.019230769230769232
((6,7)(6,8)) 0.09615384615384616
((6,7)(6,4)) 0.07692307692307693
((6,7)(6,6)) 0.057692307692307696
((6,7)(5,4)) 0.019230769230769232
((6,7)(9,6)) 0.019230769230769232
((3,6)(3,6)) 0.8208092485549133
((3,6)(1,4)) 0.005780346820809248
((3,6)(4,5)) 0.028901734104046242
((3,6)(4,7)) 0.011560693641618497
((3,6)(4,3)) 0.005780346820809248
((3,6)(8,7)) 0.005780346820809248
((3,6)(5,4)) 0.03468208092485549
((3,6)(4,4)) 0.011560693641618497
((3,6)(8,6)) 0.023121387283236993
((3,6)(3,5)) 0.005780346820809248
((3,6)(4,6)) 0.011560693641618497
((3,6)(8,0)) 0.005780346820809248
((3,6)(4,9)) 0.017341040462427744
((3,6)(3,3)) 0.005780346820809248
((3,6)(3,2)) 0.005780346820809248
((2,2)(2,2)) 0.8127623845507976
((2,2)(4,2)) 0.0025188916876574307
((2,2)(3,1)) 0.008396305625524769
((2,2)(6,2)) 0.0016792611251049538
((2,2)(4,4)) 0.023509655751469353
((2,2)(4,3)) 0.02518891687657431
((2,2)(2,1)) 0.006717044500419815
((2,2)(1,2)) 0.038623005877413935
((2,2)(3,3)) 0.018471872376154493
((2,2)(1,4)) 0.0008396305625524769
((2,2)(7,3)) 0.0025188916876574307
((2,2)(2,3)) 0.018471872376154493
((2,2)(4,0)) 0.0008396305625524769
((2,2)(5,4)) 0.005037783375314861
((2,2)(4,1)) 0.0016792611251049538
((2,2)(3,0)) 0.005037783375314861
((2,2)(3,2)) 0.007556675062972292
((2,2)(5,3)) 0.005877413937867338
((2,2)(8,2)) 0.0008396305625524769
((2,2)(1,1)) 0.005037783375314861
((2,2)(0,3)) 0.0008396305625524769
((2,2)(0,2)) 0.0016792611251049538
((2,2)(6,3)) 0.0016792611251049538
((2,2)(4,9)) 0.0008396305625524769
((2,2)(5,2)) 0.0008396305625524769
((2,2)(1,3)) 0.0016792611251049538
((2,2)(5,5)) 0.0008396305625524769
((6,2)(6,2)) 0.6834319526627219
((6,2)(5,3)) 0.03550295857988166
((6,2)(4,2)) 0.008875739644970414
((6,2)(6,1)) 0.026627218934911243
((6,2)(5,2)) 0.01775147928994083
((6,2)(4,4)) 0.005917159763313609
((6,2)(6,3)) 0.14201183431952663
((6,2)(3,3)) 0.008875739644970414
((6,2)(4,3)) 0.03254437869822485
((6,2)(7,1)) 0.008875739644970414
((6,2)(4,1)) 0.0029585798816568047
((6,2)(7,2)) 0.0029585798816568047
((6,2)(6,0)) 0.0029585798816568047
((6,2)(5,6)) 0.005917159763313609
((6,2)(4,0)) 0.0029585798816568047
((6,2)(5,4)) 0.005917159763313609
((6,2)(2,2)) 0.0029585798816568047
((6,2)(3,0)) 0.0029585798816568047
((6,1)(6,1)) 0.7241379310344828
((6,1)(4,3)) 0.020689655172413793
((6,1)(5,3)) 0.07586206896551724
((6,1)(7,1)) 0.006896551724137931
((6,1)(6,3)) 0.05517241379310345
((6,1)(6,0)) 0.034482758620689655
((6,1)(6,2)) 0.041379310344827586
((6,1)(5,2)) 0.013793103448275862
((6,1)(8,2)) 0.006896551724137931
((6,1)(5,5)) 0.006896551724137931
((6,1)(5,1)) 0.006896551724137931
((6,1)(4,9)) 0.006896551724137931
((7,1)(7,1)) 0.7246376811594203
((7,1)(5,3)) 0.057971014492753624
((7,1)(6,1)) 0.014492753623188406
((7,1)(4,3)) 0.057971014492753624
((7,1)(5,4)) 0.014492753623188406
((7,1)(8,0)) 0.057971014492753624
((7,1)(6,2)) 0.014492753623188406
((7,1)(6,3)) 0.043478260869565216
((7,1)(7,2)) 0.014492753623188406
((7,6)(7,6)) 0.7291666666666666
((7,6)(8,7)) 0.08333333333333333
((7,6)(6,4)) 0.020833333333333332
((7,6)(9,8)) 0.041666666666666664
((7,6)(5,9)) 0.041666666666666664
((7,6)(6,3)) 0.020833333333333332
((7,6)(6,5)) 0.041666666666666664
((7,6)(6,6)) 0.020833333333333332
((8,7)(8,7)) 0.8503937007874016
((8,7)(7,6)) 0.015748031496062992
((8,7)(9,7)) 0.007874015748031496
((8,7)(3,6)) 0.007874015748031496
((8,7)(6,6)) 0.007874015748031496
((8,7)(8,8)) 0.015748031496062992
((8,7)(5,4)) 0.015748031496062992
((8,7)(5,7)) 0.031496062992125984
((8,7)(3,3)) 0.015748031496062992
((8,7)(7,7)) 0.007874015748031496
((8,7)(9,3)) 0.007874015748031496
((8,7)(9,8)) 0.007874015748031496
((8,7)(6,5)) 0.007874015748031496
((2,1)(2,1)) 0.7652173913043478
((2,1)(3,1)) 0.0782608695652174
((2,1)(1,3)) 0.02608695652173913
((2,1)(2,2)) 0.06956521739130435
((2,1)(1,1)) 0.008695652173913044
((2,1)(2,0)) 0.017391304347826087
((2,1)(3,0)) 0.008695652173913044
((2,1)(4,3)) 0.008695652173913044
((2,1)(3,4)) 0.008695652173913044
((2,1)(4,2)) 0.008695652173913044
((4,7)(4,7)) 0.7905982905982906
((4,7)(3,7)) 0.01282051282051282
((4,7)(4,6)) 0.029914529914529916
((4,7)(4,4)) 0.05555555555555555
((4,7)(4,2)) 0.004273504273504274
((4,7)(5,4)) 0.017094017094017096
((4,7)(3,2)) 0.008547008547008548
((4,7)(4,5)) 0.01282051282051282
((4,7)(5,7)) 0.01282051282051282
((4,7)(5,3)) 0.021367521367521368
((4,7)(6,8)) 0.004273504273504274
((4,7)(4,3)) 0.008547008547008548
((4,7)(5,9)) 0.004273504273504274
((4,7)(1,4)) 0.004273504273504274
((4,7)(5,8)) 0.004273504273504274
((4,7)(5,2)) 0.004273504273504274
((4,7)(4,9)) 0.004273504273504274
((3,7)(3,7)) 0.7666666666666667
((3,7)(3,6)) 0.13333333333333333
((3,7)(6,5)) 0.03333333333333333
((3,7)(4,7)) 0.06666666666666667
((3,0)(3,0)) 0.8804159445407279
((3,0)(4,2)) 0.008665511265164644
((3,0)(2,2)) 0.01386481802426343
((3,0)(3,1)) 0.012131715771230503
((3,0)(4,1)) 0.03292894280762565
((3,0)(1,2)) 0.01386481802426343
((3,0)(5,4)) 0.006932409012131715
((3,0)(5,3)) 0.006932409012131715
((3,0)(5,9)) 0.0017331022530329288
((3,0)(2,3)) 0.0034662045060658577
((3,0)(6,3)) 0.006932409012131715
((3,0)(5,7)) 0.0017331022530329288
((3,0)(4,4)) 0.0034662045060658577
((3,0)(6,2)) 0.0034662045060658577
((3,0)(4,5)) 0.0017331022530329288
((3,0)(3,3)) 0.0017331022530329288
((8,0)(8,0)) 0.8652482269503546
((8,0)(5,0)) 0.04964539007092199
((8,0)(3,6)) 0.0070921985815602835
((8,0)(7,1)) 0.02127659574468085
((8,0)(6,3)) 0.02127659574468085
((8,0)(8,2)) 0.014184397163120567
((8,0)(5,3)) 0.0070921985815602835
((8,0)(1,2)) 0.0070921985815602835
((8,0)(8,1)) 0.0070921985815602835
((5,6)(5,6)) 0.7044025157232704
((5,6)(4,5)) 0.006289308176100629
((5,6)(6,6)) 0.025157232704402517
((5,6)(5,9)) 0.006289308176100629
((5,6)(4,9)) 0.0440251572327044
((5,6)(5,5)) 0.031446540880503145
((5,6)(5,4)) 0.09433962264150944
((5,6)(5,3)) 0.031446540880503145
((5,6)(7,4)) 0.012578616352201259
((5,6)(2,3)) 0.006289308176100629
((5,6)(4,4)) 0.012578616352201259
((5,6)(4,6)) 0.006289308176100629
((5,6)(6,2)) 0.006289308176100629
((5,6)(3,3)) 0.006289308176100629
((5,6)(6,4)) 0.006289308176100629
((7,2)(7,2)) 0.6666666666666666
((7,2)(7,3)) 0.041666666666666664
((7,2)(5,9)) 0.041666666666666664
((7,2)(6,4)) 0.041666666666666664
((7,2)(6,2)) 0.020833333333333332
((7,2)(6,3)) 0.10416666666666667
((7,2)(5,4)) 0.020833333333333332
((7,2)(4,9)) 0.020833333333333332
((7,2)(5,3)) 0.041666666666666664
((8,2)(8,2)) 0.7315436241610739
((8,2)(7,2)) 0.006711409395973154
((8,2)(5,4)) 0.040268456375838924
((8,2)(8,1)) 0.040268456375838924
((8,2)(7,3)) 0.013422818791946308
((8,2)(6,3)) 0.030201342281879196
((8,2)(1,4)) 0.003355704697986577
((8,2)(9,2)) 0.006711409395973154
((8,2)(6,4)) 0.010067114093959731
((8,2)(4,4)) 0.026845637583892617
((8,2)(4,8)) 0.02348993288590604
((8,2)(8,3)) 0.030201342281879196
((8,2)(2,3)) 0.006711409395973154
((8,2)(5,3)) 0.013422818791946308
((8,2)(8,4)) 0.003355704697986577
((8,2)(6,2)) 0.003355704697986577
((8,2)(8,0)) 0.003355704697986577
((8,2)(4,3)) 0.003355704697986577
((8,2)(9,5)) 0.003355704697986577
((3,5)(3,5)) 0.625
((3,5)(5,6)) 0.125
((3,5)(4,4)) 0.125
((3,5)(5,4)) 0.125
((8,1)(8,1)) 0.8709677419354839
((8,1)(3,3)) 0.021505376344086023
((8,1)(5,3)) 0.010752688172043012
((8,1)(8,2)) 0.03225806451612903
((8,1)(6,3)) 0.010752688172043012
((8,1)(2,2)) 0.010752688172043012
((8,1)(4,5)) 0.010752688172043012
((8,1)(8,0)) 0.021505376344086023
((8,1)(9,2)) 0.010752688172043012
((6,8)(6,8)) 0.7714285714285715
((6,8)(5,7)) 0.07142857142857142
((6,8)(4,4)) 0.014285714285714285
((6,8)(4,6)) 0.05714285714285714
((6,8)(7,9)) 0.014285714285714285
((6,8)(3,3)) 0.014285714285714285
((6,8)(6,7)) 0.04285714285714286
((6,8)(3,6)) 0.014285714285714285
((2,4)(2,4)) 0.6
((2,4)(4,3)) 0.1
((2,4)(3,3)) 0.2
((2,4)(1,4)) 0.1
((0,2)(0,2)) 0.6962025316455697
((0,2)(0,3)) 0.05063291139240506
((0,2)(1,2)) 0.1518987341772152
((0,2)(5,3)) 0.06329113924050633
((0,2)(5,0)) 0.012658227848101266
((0,2)(3,3)) 0.012658227848101266
((0,2)(1,1)) 0.012658227848101266
((0,3)(0,3)) 0.75
((0,3)(0,2)) 0.09375
((0,3)(1,2)) 0.09375
((0,3)(1,3)) 0.0625
((9,2)(9,2)) 0.7647058823529411
((9,2)(5,4)) 0.10294117647058823
((9,2)(4,4)) 0.04411764705882353
((9,2)(8,2)) 0.058823529411764705
((9,2)(7,3)) 0.014705882352941176
((9,2)(1,4)) 0.014705882352941176
((0,6)(0,6)) 1.0
((6,0)(6,0)) 0.7473118279569892
((6,0)(5,3)) 0.07526881720430108
((6,0)(4,3)) 0.043010752688172046
((6,0)(7,0)) 0.026881720430107527
((6,0)(6,2)) 0.026881720430107527
((6,0)(6,3)) 0.03225806451612903
((6,0)(5,1)) 0.016129032258064516
((6,0)(7,1)) 0.005376344086021506
((6,0)(6,1)) 0.005376344086021506
((6,0)(5,0)) 0.005376344086021506
((6,0)(3,1)) 0.010752688172043012
((6,0)(4,4)) 0.005376344086021506
((8,3)(8,3)) 0.7391304347826086
((8,3)(5,3)) 0.043478260869565216
((8,3)(8,2)) 0.05434782608695652
((8,3)(4,4)) 0.05434782608695652
((8,3)(7,3)) 0.021739130434782608
((8,3)(5,4)) 0.03260869565217391
((8,3)(4,7)) 0.010869565217391304
((8,3)(8,4)) 0.010869565217391304
((8,3)(4,8)) 0.021739130434782608
((8,3)(4,3)) 0.010869565217391304
((8,4)(8,4)) 0.7619047619047619
((8,4)(8,3)) 0.031746031746031744
((8,4)(5,5)) 0.015873015873015872
((8,4)(5,4)) 0.047619047619047616
((8,4)(8,5)) 0.047619047619047616
((8,4)(6,5)) 0.031746031746031744
((8,4)(9,4)) 0.015873015873015872
((8,4)(9,7)) 0.015873015873015872
((8,4)(8,7)) 0.015873015873015872
((8,4)(6,3)) 0.015873015873015872
((8,8)(8,8)) 0.7058823529411765
((8,8)(5,4)) 0.11764705882352941
((8,8)(9,8)) 0.11764705882352941
((8,8)(8,7)) 0.058823529411764705
((9,6)(9,6)) 0.6875
((9,6)(8,6)) 0.1875
((9,6)(5,5)) 0.0625
((9,6)(9,5)) 0.0625
((9,4)(9,4)) 0.6818181818181818
((9,4)(8,4)) 0.045454545454545456
((9,4)(5,5)) 0.045454545454545456
((9,4)(5,7)) 0.045454545454545456
((9,4)(4,9)) 0.045454545454545456
((9,4)(9,8)) 0.045454545454545456
((9,4)(8,0)) 0.045454545454545456
((9,4)(6,5)) 0.045454545454545456
((9,3)(9,3)) 0.7368421052631579
((9,3)(4,8)) 0.10526315789473684
((9,3)(8,7)) 0.05263157894736842
((9,3)(4,3)) 0.05263157894736842
((9,3)(8,2)) 0.05263157894736842
((7,0)(7,0)) 0.5714285714285714
((7,0)(6,2)) 0.14285714285714285
((7,0)(3,1)) 0.047619047619047616
((7,0)(4,3)) 0.047619047619047616
((7,0)(6,0)) 0.19047619047619047
((10,4)(10,4)) 0.6470588235294118
((10,4)(8,4)) 0.058823529411764705
((10,4)(5,4)) 0.17647058823529413
((10,4)(4,9)) 0.058823529411764705
((10,4)(7,4)) 0.058823529411764705
((3,9)(3,9)) 0.6
((3,9)(4,9)) 0.26666666666666666
((3,9)(4,8)) 0.06666666666666667
((3,9)(4,4)) 0.06666666666666667
((8,5)(8,5)) 0.9166666666666666
((8,5)(9,5)) 0.05555555555555555
((8,5)(8,4)) 0.027777777777777776
((9,5)(9,5)) 0.7
((9,5)(8,5)) 0.1
((9,5)(9,3)) 0.05
((9,5)(6,3)) 0.05
((9,5)(8,4)) 0.05
((9,5)(5,4)) 0.05
((7,7)(7,7)) 0.71875
((7,7)(5,7)) 0.03125
((7,7)(5,4)) 0.0625
((7,7)(4,3)) 0.03125
((7,7)(8,7)) 0.0625
((7,7)(9,8)) 0.09375
((7,9)(7,9)) 0.6
((7,9)(5,4)) 0.3
((7,9)(9,3)) 0.1
