((4,1)(4,1)) 382
((4,1)(4,2)) 24
((4,2)(4,2)) 617
((4,2)(5,3)) 52
((5,3)(5,3)) 2579
((5,3)(4,1)) 35
((7,3)(7,3)) 295
((7,3)(5,3)) 9
((5,3)(5,2)) 108
((5,2)(5,2)) 820
((5,2)(5,3)) 117
((5,3)(7,3)) 9
((7,3)(4,4)) 1
((4,4)(4,4)) 2475
((5,0)(5,0)) 611
((5,0)(5,3)) 31
((5,3)(5,4)) 154
((5,4)(5,4)) 5455
((5,4)(5,3)) 142
((5,3)(5,0)) 36
((5,0)(5,4)) 26
((5,4)(4,4)) 156
((4,4)(5,0)) 7
((5,0)(4,3)) 9
((4,3)(4,3)) 2856
((4,3)(3,3)) 73
((3,3)(3,3)) 1822
((3,3)(5,3)) 61
((6,9)(6,9)) 81
((6,9)(3,4)) 2
((3,4)(3,4)) 185
((3,4)(4,4)) 13
((4,4)(4,3)) 100
((4,3)(4,4)) 92
((4,5)(4,5)) 219
((4,5)(4,9)) 13
((4,9)(4,9)) 422
((4,9)(4,5)) 10
((4,5)(4,4)) 15
((4,4)(4,9)) 24
((4,9)(4,8)) 3
((4,8)(4,8)) 82
((4,8)(4,9)) 7
((6,9)(5,3)) 4
((5,3)(6,9)) 5
((5,3)(5,7)) 8
((5,7)(5,7)) 411
((5,7)(4,8)) 4
((4,8)(5,7)) 2
((5,7)(6,9)) 8
((6,4)(6,4)) 432
((6,4)(6,3)) 35
((6,3)(6,3)) 1488
((6,3)(6,4)) 46
((6,4)(5,4)) 50
((5,4)(6,4)) 51
((3,3)(4,3)) 71
((6,3)(7,3)) 18
((7,3)(6,4)) 5
((7,3)(6,3)) 15
((6,4)(7,3)) 6
((4,4)(5,4)) 139
((4,0)(4,0)) 746
((4,0)(5,3)) 28
((5,3)(4,0)) 28
((2,3)(2,3)) 937
((2,3)(3,3)) 53
((3,3)(5,5)) 7
((5,5)(5,5)) 738
((5,5)(5,4)) 60
((5,4)(5,5)) 50
((4,4)(2,3)) 27
((2,3)(5,4)) 29
((5,3)(3,4)) 3
((4,4)(1,4)) 5
((1,4)(1,4)) 180
((1,4)(5,4)) 2
((4,2)(4,0)) 5
((4,0)(4,4)) 4
((4,4)(5,3)) 56
((5,2)(4,9)) 1
((4,9)(4,0)) 1
((5,4)(4,5)) 6
((4,5)(5,5)) 13
((5,4)(6,5)) 34
((6,5)(6,5)) 352
((6,5)(6,4)) 22
((6,4)(9,7)) 1
((9,7)(9,7)) 127
((9,7)(8,6)) 2
((8,6)(8,6)) 79
((8,6)(9,7)) 1
((9,7)(5,4)) 10
((5,4)(5,2)) 22
((5,2)(5,1)) 11
((5,1)(5,1)) 197
((5,1)(5,2)) 9
((5,3)(4,3)) 127
((4,4)(5,5)) 24
((5,5)(4,5)) 9
((4,4)(3,3)) 56
((3,3)(2,3)) 53
((2,3)(1,3)) 16
((1,3)(1,3)) 216
((1,3)(1,4)) 2
((1,4)(3,3)) 10
((3,3)(4,4)) 55
((5,9)(5,9)) 409
((4,3)(5,3)) 129
((5,5)(7,4)) 6
((7,4)(7,4)) 79
((7,4)(5,5)) 11
((5,5)(6,5)) 5
((6,6)(6,6)) 157
((6,6)(5,4)) 6
((5,3)(4,4)) 52
((4,3)(6,6)) 3
((5,4)(1,2)) 9
((1,2)(1,2)) 684
((5,4)(4,1)) 6
((4,1)(4,4)) 5
((4,4)(4,1)) 5
((5,9)(5,8)) 23
((5,8)(5,8)) 288
((5,8)(5,7)) 19
((5,7)(5,8)) 19
((5,8)(5,9)) 26
((5,9)(5,4)) 10
((5,4)(5,8)) 8
((3,3)(3,2)) 15
((3,2)(3,2)) 257
((3,2)(3,3)) 14
((3,3)(5,4)) 51
((3,3)(1,4)) 6
((1,4)(4,4)) 14
((4,4)(6,3)) 33
((6,3)(3,3)) 22
((3,3)(3,4)) 13
((3,4)(1,4)) 1
((5,5)(4,4)) 29
((1,2)(3,3)) 16
((3,1)(3,1)) 302
((3,1)(4,2)) 5
((4,2)(3,1)) 2
((3,1)(4,3)) 15
((4,3)(3,1)) 16
((4,2)(3,2)) 2
((5,4)(6,6)) 12
((6,6)(5,5)) 10
((2,0)(2,0)) 88
((2,0)(5,3)) 9
((5,4)(2,0)) 3
((5,3)(2,0)) 5
((2,0)(3,4)) 1
((3,4)(3,3)) 8
((3,3)(3,1)) 5
((3,1)(3,3)) 10
((5,4)(3,2)) 6
((3,2)(4,3)) 26
((4,3)(1,1)) 15
((1,1)(1,1)) 121
((1,1)(4,3)) 10
((1,1)(5,3)) 2
((8,6)(7,5)) 1
((7,5)(7,5)) 25
((7,5)(6,5)) 3
((5,4)(4,6)) 1
((4,6)(4,6)) 111
((4,6)(9,8)) 1
((9,8)(9,8)) 74
((9,8)(6,5)) 7
((6,5)(4,6)) 1
((4,6)(4,4)) 10
((3,3)(7,8)) 1
((7,8)(7,8)) 2
((7,8)(6,7)) 1
((6,7)(6,7)) 36
((6,7)(8,6)) 1
((8,6)(4,6)) 1
((4,3)(4,0)) 3
((4,0)(4,2)) 7
((4,2)(4,3)) 72
((4,0)(2,0)) 1
((4,1)(5,3)) 32
((4,4)(4,0)) 2
((4,0)(5,4)) 3
((4,4)(3,6)) 4
((3,6)(3,6)) 142
((3,6)(1,4)) 1
((3,3)(1,2)) 16
((1,2)(1,3)) 38
((1,3)(1,2)) 35
((1,2)(2,2)) 48
((2,2)(2,2)) 968
((2,2)(4,2)) 3
((4,2)(5,4)) 19
((5,3)(3,3)) 52
((5,0)(5,1)) 8
((5,1)(5,0)) 11
((2,3)(1,2)) 12
((1,2)(2,3)) 9
((5,4)(3,3)) 50
((3,4)(5,4)) 4
((6,2)(6,2)) 231
((6,2)(5,3)) 12
((5,2)(6,1)) 1
((6,1)(6,1)) 105
((6,1)(4,3)) 3
((4,3)(6,1)) 4
((6,1)(5,3)) 11
((4,3)(6,3)) 50
((6,3)(4,3)) 51
((6,3)(5,3)) 74
((7,3)(4,6)) 1
((4,6)(8,6)) 1
((8,6)(7,3)) 1
((5,4)(6,3)) 67
((6,3)(6,1)) 6
((4,3)(7,1)) 5
((7,1)(7,1)) 50
((7,1)(5,3)) 4
((4,1)(3,1)) 5
((3,1)(4,1)) 4
((4,1)(5,4)) 4
((5,4)(4,2)) 11
((6,2)(4,2)) 3
((5,3)(6,4)) 14
((6,4)(6,5)) 26
((6,5)(7,6)) 3
((7,6)(7,6)) 35
((7,6)(8,7)) 4
((8,7)(8,7)) 108
((8,7)(7,6)) 2
((7,6)(6,4)) 1
((6,4)(5,3)) 10
((5,3)(4,2)) 46
((4,2)(5,1)) 1
((5,4)(2,3)) 26
((2,3)(2,2)) 14
((2,2)(3,1)) 10
((3,1)(2,3)) 5
((5,9)(4,4)) 12
((5,3)(5,1)) 12
((5,1)(5,3)) 11
((5,1)(4,3)) 3
((3,1)(5,1)) 1
((4,3)(2,1)) 1
((2,1)(2,1)) 88
((2,1)(3,1)) 9
((3,1)(3,2)) 12
((3,2)(2,2)) 9
((2,2)(6,2)) 2
((6,2)(6,1)) 9
((6,5)(5,4)) 47
((2,2)(4,4)) 28
((4,4)(2,2)) 20
((5,3)(6,3)) 59
((4,7)(4,7)) 185
((4,7)(3,7)) 3
((3,7)(3,7)) 23
((3,7)(3,6)) 4
((3,6)(4,5)) 5
((4,5)(3,3)) 7
((3,3)(4,5)) 7
((4,5)(3,6)) 4
((3,6)(4,7)) 2
((4,5)(4,7)) 4
((4,7)(4,6)) 7
((4,6)(4,7)) 8
((4,7)(4,4)) 13
((4,4)(4,7)) 13
((5,9)(5,7)) 7
((5,7)(4,6)) 2
((4,6)(5,7)) 3
((5,7)(7,8)) 1
((7,8)(9,8)) 1
((9,8)(9,7)) 5
((9,7)(5,9)) 1
((5,8)(5,4)) 3
((7,3)(4,7)) 1
((4,7)(4,2)) 1
((6,4)(5,2)) 7
((5,2)(4,4)) 13
((4,4)(5,2)) 17
((4,4)(4,5)) 22
((4,4)(6,4)) 5
((5,4)(4,3)) 69
((4,3)(5,9)) 1
((2,1)(1,3)) 3
((1,3)(3,3)) 10
((6,3)(6,2)) 48
((6,2)(5,2)) 6
((4,3)(3,2)) 26
((3,3)(6,3)) 15
((4,3)(5,4)) 74
((3,2)(5,3)) 2
((3,2)(4,2)) 5
((6,4)(9,8)) 4
((9,8)(5,4)) 2
((5,4)(4,9)) 4
((4,2)(4,1)) 21
((2,1)(2,2)) 8
((2,2)(4,3)) 30
((4,3)(1,2)) 11
((1,2)(2,1)) 7
((3,3)(2,2)) 22
((2,2)(2,1)) 8
((6,3)(5,4)) 51
((5,4)(3,0)) 6
((3,0)(3,0)) 508
((3,0)(4,2)) 5
((5,7)(4,7)) 4
((4,7)(5,4)) 4
((5,5)(5,8)) 4
((5,7)(4,4)) 10
((5,4)(5,7)) 16
((4,5)(3,4)) 2
((5,3)(4,5)) 6
((6,2)(4,4)) 2
((4,4)(4,2)) 7
((4,2)(5,2)) 11
((5,2)(6,3)) 4
((2,2)(1,2)) 46
((3,1)(5,4)) 4
((5,4)(3,1)) 4
((3,1)(4,4)) 6
((3,2)(3,1)) 10
((1,1)(4,2)) 5
((4,2)(1,1)) 5
((9,8)(6,3)) 3
((5,4)(9,8)) 7
((9,8)(6,4)) 5
((5,4)(1,4)) 2
((1,4)(2,2)) 1
((4,2)(3,3)) 6
((3,3)(5,2)) 4
((5,2)(4,2)) 12
((8,6)(6,5)) 8
((5,4)(8,6)) 12
((8,6)(5,4)) 4
((7,5)(7,4)) 12
((7,4)(7,5)) 11
((3,2)(5,4)) 9
((3,2)(4,4)) 3
((6,2)(6,3)) 48
((4,3)(4,2)) 63
((2,2)(3,3)) 22
((5,3)(2,2)) 12
((8,0)(8,0)) 122
((8,0)(5,0)) 7
((5,0)(8,0)) 6
((4,3)(5,0)) 4
((4,5)(5,2)) 1
((5,2)(5,0)) 5
((5,0)(4,2)) 4
((4,2)(5,6)) 1
((5,6)(5,6)) 112
((5,6)(4,5)) 1
((4,4)(5,7)) 6
((5,7)(4,2)) 1
((4,2)(5,7)) 2
((5,3)(5,5)) 11
((5,0)(3,4)) 1
((3,4)(5,3)) 3
((5,0)(3,3)) 2
((3,3)(5,0)) 6
((1,2)(3,2)) 1
((6,3)(1,2)) 4
((1,2)(6,3)) 3
((6,3)(4,4)) 26
((4,4)(7,2)) 1
((7,2)(7,2)) 32
((9,7)(6,3)) 7
((6,3)(9,7)) 7
((9,7)(8,7)) 1
((8,7)(9,7)) 1
((2,3)(4,4)) 31
((2,3)(4,3)) 14
((4,4)(1,2)) 25
((4,3)(3,4)) 3
((4,5)(5,4)) 7
((4,2)(4,4)) 5
((8,2)(8,2)) 218
((8,2)(7,2)) 2
((7,2)(7,3)) 2
((8,2)(5,4)) 12
((5,4)(8,2)) 13
((2,3)(5,2)) 2
((5,3)(2,3)) 5
((3,6)(4,3)) 1
((6,5)(1,3)) 1
((1,3)(2,2)) 5
((2,2)(1,4)) 1
((1,4)(3,5)) 1
((3,5)(3,5)) 5
((3,5)(5,6)) 1
((5,6)(6,6)) 4
((6,6)(5,3)) 8
((4,2)(6,6)) 1
((6,6)(8,7)) 1
((8,7)(3,6)) 1
((3,6)(8,7)) 1
((8,7)(6,6)) 1
((4,4)(3,4)) 13
((4,7)(3,2)) 2
((5,4)(4,7)) 6
((4,3)(6,2)) 12
((5,3)(8,2)) 7
((8,2)(8,1)) 12
((8,1)(8,1)) 81
((8,1)(3,3)) 2
((2,2)(7,3)) 3
((7,3)(8,2)) 7
((8,1)(5,3)) 1
((8,1)(8,2)) 3
((5,3)(6,2)) 8
((3,3)(6,2)) 2
((6,2)(3,3)) 3
((3,3)(4,0)) 1
((5,4)(4,0)) 5
((4,0)(4,1)) 15
((4,1)(3,0)) 9
((3,0)(2,2)) 8
((2,2)(2,3)) 22
((4,1)(2,3)) 2
((2,3)(4,0)) 1
((6,2)(4,3)) 11
((5,4)(3,4)) 5
((3,3)(6,6)) 6
((6,6)(5,7)) 2
((5,7)(6,6)) 4
((6,6)(3,3)) 5
((6,6)(5,8)) 4
((5,7)(6,8)) 5
((6,8)(6,8)) 54
((6,8)(5,7)) 5
((5,7)(3,3)) 7
((4,9)(4,4)) 29
((4,9)(5,4)) 6
((7,4)(5,4)) 4
((5,4)(7,4)) 9
((4,3)(2,2)) 33
((8,0)(3,6)) 1
((5,6)(5,9)) 1
((5,9)(4,9)) 11
((4,9)(5,6)) 6
((5,6)(4,9)) 7
((4,4)(5,6)) 8
((5,6)(5,5)) 5
((3,1)(3,0)) 13
((3,0)(3,1)) 7
((3,0)(4,1)) 19
((5,3)(3,1)) 3
((1,2)(5,4)) 9
((5,3)(6,1)) 12
((6,1)(7,1)) 1
((7,1)(6,1)) 1
((5,5)(6,6)) 5
((4,1)(4,3)) 5
((4,3)(4,1)) 5
((3,1)(2,1)) 6
((5,2)(4,3)) 23
((4,3)(5,2)) 26
((4,3)(5,5)) 7
((1,1)(3,2)) 1
((5,3)(1,1)) 3
((1,1)(4,4)) 2
((5,4)(2,2)) 11
((5,2)(5,4)) 23
((4,0)(8,0)) 1
((8,0)(7,1)) 3
((7,1)(4,3)) 4
((4,3)(4,7)) 2
((4,7)(4,5)) 3
((3,4)(6,3)) 2
((5,3)(7,1)) 5
((5,9)(6,6)) 3
((3,3)(2,4)) 2
((2,4)(2,4)) 6
((3,4)(3,1)) 1
((3,1)(3,4)) 1
((5,3)(4,7)) 3
((4,7)(5,7)) 3
((5,7)(5,2)) 1
((6,5)(5,5)) 4
((5,5)(3,3)) 5
((2,3)(5,5)) 3
((5,5)(4,3)) 5
((4,1)(2,2)) 7
((4,0)(6,3)) 2
((4,9)(5,9)) 8
((5,2)(4,1)) 1
((2,2)(4,0)) 1
((4,0)(5,0)) 7
((5,4)(5,0)) 22
((5,0)(4,0)) 8
((5,0)(2,2)) 1
((2,2)(5,4)) 6
((3,4)(5,1)) 1
((2,3)(1,4)) 4
((1,4)(2,3)) 6
((5,4)(1,3)) 4
((5,0)(4,4)) 4
((4,4)(6,5)) 3
((6,5)(5,0)) 1
((6,3)(3,6)) 1
((3,6)(5,4)) 6
((4,3)(1,4)) 3
((3,3)(4,9)) 2
((4,9)(3,6)) 1
((5,1)(5,4)) 2
((5,4)(5,9)) 7
((4,8)(5,9)) 4
((5,9)(4,8)) 3
((5,8)(4,8)) 1
((4,8)(6,3)) 1
((5,4)(5,1)) 4
((6,9)(5,4)) 1
((5,4)(6,9)) 4
((3,2)(5,5)) 3
((4,4)(3,1)) 3
((7,3)(3,3)) 8
((3,3)(7,3)) 10
((3,1)(1,2)) 2
((1,2)(3,1)) 4
((3,1)(2,2)) 5
((1,2)(0,2)) 15
((0,2)(0,2)) 55
((0,2)(0,3)) 4
((0,3)(0,3)) 24
((0,3)(0,2)) 3
((0,2)(1,2)) 12
((0,3)(1,2)) 3
((3,3)(4,2)) 9
((9,2)(9,2)) 52
((9,2)(5,4)) 7
((5,4)(9,2)) 6
((9,2)(4,4)) 3
((5,5)(5,3)) 7
((4,4)(2,4)) 1
((5,3)(8,0)) 1
((8,0)(6,3)) 3
((6,3)(0,6)) 1
((0,6)(0,6)) 2
((7,3)(5,4)) 21
((6,9)(5,7)) 7
((5,7)(5,4)) 13
((5,4)(7,3)) 13
((8,2)(7,3)) 4
((7,3)(6,9)) 1
((5,7)(8,2)) 2
((6,9)(7,3)) 1
((5,5)(4,2)) 10
((4,2)(5,5)) 6
((1,2)(3,0)) 14
((3,0)(1,2)) 8
((3,0)(5,4)) 4
((4,3)(5,7)) 2
((4,3)(2,3)) 14
((3,3)(6,4)) 3
((6,4)(3,3)) 4
((6,5)(4,3)) 8
((4,3)(6,5)) 6
((5,8)(4,3)) 5
((4,3)(5,8)) 5
((4,2)(2,2)) 1
((4,3)(7,3)) 4
((7,3)(4,3)) 3
((3,0)(5,3)) 4
((3,3)(4,1)) 3
((8,2)(6,3)) 9
((6,3)(8,2)) 3
((6,4)(8,2)) 6
((8,2)(1,4)) 1
((5,6)(5,4)) 15
((5,4)(5,6)) 8
((6,4)(5,6)) 1
((5,5)(5,6)) 10
((5,6)(5,3)) 5
((1,4)(3,1)) 1
((4,7)(5,3)) 5
((5,2)(4,7)) 1
((4,6)(3,6)) 2
((3,3)(0,2)) 8
((0,2)(5,3)) 5
((2,2)(4,1)) 2
((2,2)(3,0)) 6
((4,4)(8,2)) 13
((8,2)(9,2)) 2
((9,2)(8,2)) 4
((6,3)(9,2)) 2
((6,0)(6,0)) 139
((6,0)(5,3)) 14
((5,3)(6,0)) 15
((5,1)(6,0)) 1
((5,3)(8,3)) 3
((8,3)(8,3)) 68
((8,3)(5,3)) 4
((5,3)(8,4)) 1
((8,4)(8,4)) 48
((8,4)(8,3)) 2
((6,3)(4,5)) 3
((4,5)(6,3)) 3
((6,3)(5,0)) 1
((5,0)(4,1)) 2
((4,2)(5,0)) 4
((5,2)(6,4)) 1
((6,5)(6,3)) 8
((6,3)(5,2)) 3
((5,2)(6,2)) 4
((6,3)(6,5)) 8
((4,1)(4,0)) 18
((6,5)(4,4)) 4
((8,2)(6,4)) 3
((8,2)(4,4)) 8
((5,5)(5,7)) 7
((5,7)(5,5)) 6
((5,7)(3,6)) 1
((6,3)(1,4)) 2
((1,4)(6,3)) 5
((5,3)(6,5)) 2
((6,5)(6,6)) 5
((6,6)(6,5)) 7
((6,4)(4,4)) 6
((6,2)(7,1)) 3
((7,1)(5,4)) 1
((7,1)(8,0)) 4
((3,3)(7,6)) 1
((8,7)(8,8)) 2
((8,8)(8,8)) 12
((8,8)(5,4)) 2
((5,4)(8,7)) 5
((8,7)(5,4)) 2
((9,6)(9,6)) 11
((9,6)(8,6)) 3
((8,6)(9,4)) 1
((9,4)(9,4)) 15
((9,4)(8,4)) 1
((8,4)(5,5)) 1
((5,4)(6,1)) 1
((6,1)(6,3)) 8
((4,3)(4,6)) 3
((4,6)(4,3)) 2
((4,4)(4,6)) 10
((4,6)(4,5)) 4
((2,3)(5,3)) 5
((3,1)(5,3)) 1
((4,5)(4,3)) 3
((4,4)(5,9)) 7
((5,7)(9,3)) 1
((9,3)(9,3)) 14
((2,0)(2,1)) 1
((2,1)(1,1)) 1
((1,1)(1,2)) 3
((1,2)(2,0)) 3
((5,3)(1,2)) 4
((4,3)(2,0)) 8
((6,7)(5,7)) 1
((5,7)(6,7)) 1
((6,7)(6,8)) 5
((6,8)(4,4)) 1
((4,4)(6,8)) 1
((6,8)(4,6)) 4
((4,7)(6,8)) 1
((4,6)(6,8)) 3
((1,2)(4,4)) 17
((0,2)(5,0)) 1
((5,0)(1,2)) 1
((6,2)(4,1)) 1
((4,0)(4,3)) 4
((5,2)(4,0)) 3
((2,2)(3,2)) 9
((2,1)(2,0)) 2
((2,0)(3,1)) 8
((5,4)(7,5)) 3
((7,5)(2,3)) 1
((5,4)(7,2)) 3
((7,2)(5,9)) 2
((5,9)(7,2)) 2
((7,2)(6,4)) 2
((3,0)(5,9)) 1
((4,3)(7,0)) 2
((7,0)(7,0)) 12
((7,0)(6,2)) 3
((5,2)(10,4)) 1
((10,4)(10,4)) 11
((10,4)(8,4)) 1
((8,4)(5,4)) 3
((6,5)(10,4)) 2
((10,4)(5,4)) 3
((5,4)(10,4)) 2
((8,2)(4,8)) 7
((4,8)(8,2)) 8
((8,2)(8,3)) 9
((8,3)(8,2)) 5
((6,3)(3,2)) 3
((3,2)(6,1)) 1
((4,3)(6,0)) 8
((6,0)(4,3)) 8
((6,1)(6,0)) 5
((6,0)(7,0)) 5
((7,0)(3,1)) 1
((2,3)(7,3)) 1
((4,4)(6,6)) 12
((1,3)(4,4)) 5
((4,3)(1,3)) 2
((1,2)(4,3)) 5
((1,2)(0,3)) 3
((0,3)(1,3)) 2
((2,3)(6,3)) 2
((4,9)(3,9)) 6
((3,9)(3,9)) 9
((3,9)(4,9)) 4
((3,9)(4,8)) 1
((4,6)(5,3)) 7
((5,3)(4,6)) 7
((2,0)(4,4)) 1
((3,3)(2,0)) 3
((2,0)(3,3)) 2
((4,4)(2,0)) 5
((4,2)(3,0)) 7
((5,3)(3,0)) 10
((6,4)(8,4)) 1
((8,4)(8,5)) 3
((8,5)(8,5)) 33
((8,5)(9,5)) 2
((9,5)(9,5)) 14
((9,5)(8,5)) 2
((8,5)(8,4)) 1
((6,1)(6,2)) 6
((4,4)(5,1)) 1
((2,4)(4,3)) 1
((5,3)(3,2)) 5
((5,6)(7,4)) 2
((7,4)(5,6)) 2
((7,4)(6,5)) 2
((4,7)(4,3)) 2
((2,2)(5,3)) 7
((7,3)(1,2)) 1
((1,2)(7,3)) 2
((6,5)(8,6)) 1
((6,5)(5,3)) 4
((6,5)(4,2)) 3
((4,3)(3,0)) 1
((6,6)(4,4)) 7
((1,3)(5,4)) 7
((4,4)(1,3)) 7
((3,3)(1,3)) 4
((1,3)(2,3)) 13
((3,3)(5,8)) 4
((5,7)(5,6)) 1
((5,6)(2,3)) 1
((5,5)(9,4)) 1
((9,4)(5,5)) 1
((6,0)(6,2)) 5
((6,3)(6,0)) 6
((6,0)(6,3)) 6
((3,3)(6,0)) 1
((6,4)(4,0)) 1
((4,4)(8,3)) 4
((8,3)(4,4)) 5
((8,3)(7,3)) 2
((7,3)(8,3)) 2
((6,4)(7,6)) 3
((7,6)(9,8)) 2
((8,2)(2,3)) 2
((5,9)(5,5)) 3
((5,5)(5,9)) 4
((5,7)(8,7)) 4
((8,7)(5,7)) 4
((5,4)(7,7)) 5
((7,7)(7,7)) 23
((7,7)(5,7)) 1
((5,2)(2,3)) 2
((2,0)(4,3)) 4
((7,3)(9,2)) 3
((9,2)(7,3)) 1
((4,2)(6,5)) 2
((6,5)(7,5)) 2
((4,2)(7,5)) 1
((7,5)(5,4)) 1
((9,7)(9,8)) 4
((5,4)(9,7)) 12
((6,5)(9,8)) 2
((3,4)(2,2)) 1
((5,5)(6,3)) 1
((7,7)(5,4)) 2
((7,7)(4,3)) 1
((4,3)(4,5)) 2
((3,3)(5,7)) 6
((5,7)(5,9)) 4
((5,2)(1,4)) 1
((5,8)(9,8)) 1
((9,8)(5,8)) 2
((5,9)(9,8)) 1
((3,6)(4,4)) 2
((2,3)(4,9)) 1
((9,7)(4,4)) 3
((4,4)(9,7)) 2
((3,4)(4,9)) 1
((5,7)(6,5)) 1
((5,8)(6,5)) 1
((8,7)(3,3)) 2
((3,3)(8,7)) 1
((7,7)(8,7)) 2
((6,2)(7,2)) 1
((7,2)(6,2)) 1
((6,3)(3,1)) 1
((2,2)(8,2)) 1
((4,5)(4,6)) 4
((5,3)(5,6)) 2
((7,7)(9,8)) 3
((9,8)(7,7)) 2
((9,8)(8,7)) 2
((8,7)(7,7)) 1
((1,4)(4,3)) 2
((3,4)(5,5)) 1
((5,5)(1,4)) 1
((6,6)(4,3)) 6
((6,4)(6,7)) 1
((6,7)(6,4)) 4
((6,5)(6,7)) 2
((3,0)(2,3)) 2
((8,2)(5,3)) 4
((5,4)(0,6)) 1
((6,2)(6,0)) 1
((6,0)(5,1)) 3
((5,2)(6,0)) 3
((5,8)(5,5)) 6
((9,3)(4,8)) 2
((4,8)(9,3)) 2
((4,5)(3,2)) 3
((3,2)(4,5)) 1
((4,0)(3,1)) 2
((3,1)(4,0)) 1
((5,8)(5,0)) 1
((5,4)(8,3)) 5
((8,3)(5,4)) 3
((8,3)(4,7)) 1
((7,3)(8,4)) 1
((8,4)(6,5)) 2
((6,5)(8,4)) 1
((4,3)(4,9)) 1
((4,9)(4,3)) 3
((3,2)(2,0)) 1
((2,0)(3,2)) 1
((5,2)(3,0)) 1
((7,3)(3,2)) 1
((7,6)(5,9)) 2
((7,3)(7,2)) 1
((7,2)(6,3)) 5
((6,3)(7,1)) 1
((7,1)(6,2)) 1
((4,0)(4,5)) 1
((4,5)(3,5)) 1
((3,5)(4,4)) 1
((3,1)(2,0)) 2
((6,4)(5,5)) 2
((5,5)(6,4)) 2
((4,9)(9,4)) 2
((9,4)(5,7)) 1
((9,4)(4,9)) 1
((4,9)(5,7)) 2
((5,7)(4,9)) 4
((5,7)(10,4)) 1
((10,4)(4,9)) 1
((2,2)(1,1)) 6
((1,1)(1,3)) 1
((5,0)(5,5)) 1
((5,0)(5,9)) 1
((2,1)(3,0)) 1
((8,8)(9,8)) 2
((9,8)(8,8)) 3
((8,7)(9,3)) 1
((9,3)(8,7)) 1
((8,7)(9,8)) 1
((3,9)(4,4)) 1
((9,7)(8,4)) 3
((8,4)(9,4)) 1
((9,4)(9,8)) 1
((8,4)(9,7)) 1
((8,4)(8,7)) 1
((5,4)(7,6)) 1
((5,9)(5,3)) 2
((6,6)(5,9)) 3
((8,2)(8,4)) 1
((6,9)(4,3)) 4
((4,3)(6,9)) 3
((8,7)(6,5)) 1
((8,6)(3,6)) 4
((3,6)(8,6)) 4
((5,8)(4,6)) 1
((6,3)(3,4)) 1
((7,6)(6,3)) 1
((4,5)(6,4)) 1
((6,9)(6,3)) 1
((3,1)(6,3)) 2
((9,4)(8,0)) 1
((7,1)(6,3)) 3
((7,9)(7,9)) 6
((7,9)(5,4)) 3
((4,4)(7,9)) 1
((5,4)(7,9)) 1
((5,5)(6,8)) 1
((6,8)(7,9)) 1
((7,9)(9,3)) 1
((7,4)(4,3)) 1
((3,2)(3,4)) 1
((3,4)(4,5)) 1
((4,9)(3,3)) 2
((5,9)(6,9)) 1
((4,4)(8,4)) 1
((4,3)(3,7)) 1
((3,7)(6,5)) 1
((1,3)(1,1)) 1
((5,5)(1,3)) 1
((4,4)(4,8)) 2
((4,8)(4,4)) 3
((6,1)(5,2)) 2
((6,1)(8,2)) 1
((8,2)(6,2)) 1
((6,1)(5,5)) 1
((5,5)(3,6)) 1
((3,6)(3,5)) 1
((5,3)(9,3)) 1
((7,3)(4,5)) 1
((4,5)(7,3)) 1
((6,3)(7,2)) 3
((4,2)(2,0)) 1
((4,0)(3,4)) 1
((3,4)(4,0)) 1
((6,5)(9,4)) 1
((9,4)(6,5)) 1
((5,3)(9,8)) 1
((9,8)(7,6)) 1
((7,6)(6,5)) 2
((4,4)(7,4)) 2
((7,4)(2,3)) 1
((5,1)(6,1)) 1
((6,1)(5,1)) 1
((4,3)(5,1)) 1
((5,1)(4,4)) 1
((3,6)(4,6)) 2
((4,6)(3,7)) 2
((3,7)(4,7)) 2
((7,2)(5,4)) 1
((5,5)(4,1)) 1
((1,3)(2,1)) 1
((3,3)(6,5)) 1
((6,3)(4,8)) 1
((6,3)(5,9)) 1
((6,3)(6,6)) 1
((2,1)(4,3)) 1
((3,3)(5,9)) 2
((6,0)(7,1)) 1
((6,0)(6,1)) 1
((6,3)(4,0)) 1
((4,3)(9,3)) 1
((9,3)(4,3)) 1
((5,4)(9,3)) 1
((5,0)(5,2)) 3
((3,4)(4,2)) 1
((4,4)(7,3)) 3
((5,0)(3,1)) 1
((3,1)(5,0)) 1
((8,6)(5,3)) 1
((8,6)(4,2)) 1
((4,2)(8,6)) 1
((6,6)(9,6)) 1
((6,6)(7,6)) 1
((7,6)(6,6)) 1
((7,3)(2,2)) 1
((8,1)(6,3)) 1
((8,1)(2,2)) 1
((4,1)(6,2)) 1
((5,4)(6,2)) 3
((6,5)(5,7)) 1
((4,2)(6,3)) 1
((6,6)(6,8)) 1
((6,8)(3,3)) 1
((7,4)(4,4)) 1
((4,3)(3,6)) 1
((3,6)(8,0)) 1
((8,2)(8,0)) 1
((8,0)(8,2)) 2
((6,4)(4,3)) 1
((1,1)(2,2)) 5
((5,6)(4,4)) 2
((5,6)(4,6)) 1
((4,6)(5,6)) 1
((6,3)(8,0)) 2
((9,6)(5,5)) 1
((4,5)(4,2)) 1
((3,3)(2,1)) 2
((3,0)(6,3)) 4
((6,3)(3,0)) 2
((5,3)(1,4)) 2
((4,1)(5,0)) 1
((5,6)(6,2)) 1
((6,2)(5,6)) 2
((4,2)(6,2)) 1
((5,4)(4,8)) 1
((4,8)(7,1)) 1
((7,1)(7,2)) 1
((7,2)(4,9)) 1
((5,4)(3,6)) 1
((3,6)(4,9)) 3
((4,9)(9,6)) 1
((8,6)(9,6)) 1
((6,9)(4,6)) 2
((4,6)(6,9)) 1
((4,6)(5,4)) 3
((4,5)(5,7)) 1
((6,3)(2,0)) 1
((2,2)(0,3)) 1
((2,2)(0,2)) 2
((4,3)(6,4)) 1
((4,3)(9,2)) 1
((9,2)(1,4)) 1
((1,4)(9,2)) 1
((7,3)(6,5)) 1
((5,7)(7,3)) 1
((5,7)(9,5)) 1
((9,5)(9,3)) 1
((9,3)(8,2)) 1
((4,9)(4,7)) 2
((6,3)(2,2)) 2
((5,3)(6,6)) 1
((3,3)(5,6)) 1
((5,6)(3,3)) 1
((4,9)(4,6)) 1
((4,7)(5,9)) 1
((4,7)(1,4)) 1
((1,4)(4,6)) 1
((5,2)(3,4)) 1
((3,4)(3,5)) 1
((4,4)(8,0)) 1
((8,0)(5,3)) 1
((8,0)(1,2)) 1
((4,4)(7,1)) 1
((7,4)(8,4)) 1
((5,4)(8,4)) 1
((8,4)(6,3)) 1
((5,6)(6,4)) 1
((6,9)(3,3)) 1
((3,2)(4,1)) 1
((4,1)(6,4)) 1
((6,4)(6,2)) 1
((5,2)(3,3)) 5
((4,0)(5,2)) 1
((4,7)(5,8)) 1
((5,8)(4,7)) 1
((0,2)(3,3)) 1
((5,3)(5,9)) 2
((6,3)(8,3)) 2
((8,3)(8,4)) 1
((6,3)(9,5)) 2
((8,2)(4,3)) 1
((4,3)(8,2)) 1
((4,2)(2,3)) 1
((2,3)(4,2)) 1
((8,2)(9,5)) 1
((4,2)(2,1)) 1
((9,5)(6,3)) 1
((6,2)(4,0)) 1
((4,0)(6,2)) 1
((2,1)(3,4)) 1
((3,4)(4,3)) 1
((4,5)(8,1)) 1
((8,1)(4,5)) 1
((2,4)(3,3)) 2
((8,1)(8,0)) 2
((8,0)(8,1)) 1
((8,1)(9,2)) 1
((8,8)(8,7)) 1
((4,4)(5,8)) 2
((3,1)(3,6)) 1
((5,5)(3,1)) 1
((2,2)(6,3)) 2
((0,2)(1,1)) 1
((3,2)(2,1)) 1
((2,0)(1,1)) 1
((3,2)(6,3)) 1
((2,0)(1,2)) 1
((2,0)(4,2)) 1
((6,8)(6,7)) 3
((6,8)(3,6)) 1
((4,6)(6,7)) 1
((1,2)(6,4)) 1
((9,7)(2,2)) 1
((6,4)(4,8)) 1
((6,4)(3,5)) 1
((3,5)(5,4)) 1
((5,0)(6,0)) 1
((6,0)(5,0)) 1
((4,7)(5,2)) 1
((3,3)(9,7)) 1
((4,7)(4,9)) 1
((5,3)(5,8)) 1
((5,8)(4,9)) 1
((4,9)(5,5)) 3
((3,0)(5,7)) 1
((2,0)(5,4)) 3
((6,2)(5,4)) 2
((6,2)(2,2)) 1
((5,3)(4,9)) 1
((4,9)(2,2)) 2
((2,2)(4,9)) 1
((6,7)(6,6)) 3
((6,6)(6,7)) 3
((6,7)(5,4)) 1
((5,4)(6,7)) 1
((6,7)(9,6)) 1
((10,4)(7,4)) 1
((2,2)(5,2)) 1
((8,3)(4,8)) 2
((4,8)(6,7)) 1
((6,4)(8,3)) 1
((2,3)(6,4)) 1
((4,2)(6,4)) 1
((7,0)(4,3)) 1
((5,3)(7,0)) 1
((7,0)(6,0)) 4
((6,0)(3,1)) 2
((3,2)(6,0)) 1
((3,2)(1,1)) 3
((1,1)(6,3)) 1
((2,2)(1,3)) 2
((2,1)(4,2)) 1
((1,3)(4,3)) 1
((1,2)(4,7)) 1
((4,1)(5,2)) 1
((3,6)(3,3)) 1
((3,0)(4,4)) 2
((9,5)(8,4)) 1
((6,1)(4,9)) 1
((4,5)(6,2)) 1
((4,4)(6,1)) 1
((5,3)(7,2)) 3
((7,2)(5,3)) 2
((4,5)(2,2)) 1
((6,2)(3,0)) 1
((3,0)(6,2)) 2
((6,5)(7,4)) 1
((3,6)(3,2)) 1
((4,1)(3,2)) 1
((3,0)(4,5)) 1
((2,2)(5,5)) 1
((5,5)(2,2)) 1
((1,2)(4,8)) 1
((5,3)(8,6)) 2
((3,4)(3,2)) 1
((6,4)(9,2)) 1
((2,3)(2,4)) 1
((2,4)(1,4)) 1
((1,4)(1,3)) 1
((3,0)(3,3)) 1
((3,3)(3,0)) 1
((1,2)(5,3)) 2
((5,3)(1,3)) 1
((9,7)(9,6)) 1
((9,6)(9,5)) 1
((9,5)(5,4)) 1
((2,3)(5,8)) 1
((5,8)(3,3)) 2
((5,8)(1,3)) 1
((4,3)(8,3)) 1
((8,3)(4,3)) 1
((3,2)(1,4)) 1
((4,4)(6,0)) 2
((6,0)(4,4)) 1
((5,5)(4,9)) 1
((4,0)(2,3)) 1
