(4,1): 0.011
(7,3): 0.015
(5,0): 0.021
(6,9): 0.006
(5,4): 0.121
(4,5): 0.011
(6,4): 0.013
(4,3): 0.073
(4,4): 0.077
(4,0): 0.027
(2,3): 0.032
(4,2): 0.023
(5,9): 0.019
(5,2): 0.032
(5,5): 0.021
(6,6): 0.011
(3,3): 0.054
(5,3): 0.077
(1,2): 0.028
(3,1): 0.012
(2,0): 0.005
(9,7): 0.008
(6,2): 0.017
(6,3): 0.051
(6,5): 0.016
(2,2): 0.035
(4,7): 0.01
(2,1): 0.004
(3,2): 0.013
(1,4): 0.016
(5,8): 0.006
(1,1): 0.003
(9,8): 0.003
(8,6): 0.002
(7,5): 0.001
(8,0): 0.004
(5,7): 0.01
(8,2): 0.011
(4,9): 0.014
(7,4): 0.004
(5,6): 0.006
(3,4): 0.002
(4,8): 0.001
(9,2): 0.003
(3,0): 0.008
(5,1): 0.003
(6,0): 0.007
(9,6): 0.002
(6,7): 0.002
(1,3): 0.006
(6,1): 0.007
(7,0): 0.002
(4,6): 0.006
(2,4): 0.002
(0,2): 0.001
(3,6): 0.006
(8,7): 0.004
(7,7): 0.001
(9,3): 0.001
(7,6): 0.001
(7,2): 0.001
(8,8): 0.001
(3,9): 0.001
(9,4): 0.001
(7,9): 0.001
(3,7): 0.001
(7,1): 0.001
(8,3): 0.001
(8,1): 0.001
(6,8): 0.001
(10,4): 0.001
(9,5): 0.001
