(4,1): 0.016
(4,4): 0.077
(5,0): 0.027
(4,9): 0.018
(6,9): 0.006
(6,4): 0.014
(4,3): 0.062
(7,3): 0.013
(4,0): 0.029
(2,3): 0.033
(5,4): 0.117
(5,5): 0.024
(5,9): 0.019
(5,3): 0.071
(6,5): 0.016
(1,2): 0.023
(3,2): 0.01
(3,3): 0.038
(1,1): 0.009
(4,6): 0.006
(2,0): 0.007
(5,2): 0.024
(1,3): 0.01
(5,1): 0.008
(6,1): 0.005
(6,3): 0.057
(4,7): 0.012
(4,2): 0.02
(2,1): 0.005
(5,8): 0.011
(4,5): 0.008
(3,1): 0.011
(9,8): 0.002
(2,2): 0.033
(8,6): 0.005
(7,4): 0.003
(6,2): 0.014
(8,0): 0.005
(5,7): 0.01
(7,2): 0.002
(9,7): 0.006
(6,6): 0.008
(3,0): 0.011
(8,1): 0.003
(1,4): 0.007
(3,6): 0.003
(7,1): 0.003
(2,4): 0.002
(3,4): 0.009
(9,2): 0.004
(0,6): 0.002
(8,2): 0.008
(0,2): 0.005
(6,0): 0.008
(8,3): 0.006
(8,7): 0.009
(9,3): 0.005
(6,8): 0.002
(10,4): 0.001
(8,5): 0.002
(7,5): 0.002
(8,8): 0.001
(8,4): 0.001
(3,5): 0.002
(5,6): 0.003
(9,6): 0.002
(4,8): 0.001
(9,5): 0.002
(7,0): 0.001
(3,9): 0.001
