((17,5)(17,5)) 38
((17,5)(18,4)) 2
((18,4)(18,4)) 43
((18,4)(18,7)) 3
((18,7)(18,7)) 99
((18,7)(18,8)) 2
((18,8)(18,8)) 38
((18,8)(22,12)) 1
((22,12)(22,12)) 247
((22,12)(20,12)) 16
((20,12)(20,12)) 1509
((20,12)(17,5)) 2
((28,13)(28,13)) 94
((28,13)(20,12)) 8
((20,12)(20,11)) 42
((20,11)(20,11)) 140
((20,11)(20,12)) 47
((20,12)(28,13)) 7
((28,13)(19,17)) 1
((19,17)(19,17)) 604
((21,0)(21,0)) 71
((21,0)(20,14)) 1
((20,14)(20,14)) 122
((20,14)(21,16)) 5
((21,16)(21,16)) 312
((21,16)(20,14)) 5
((20,14)(21,1)) 4
((21,1)(21,1)) 189
((21,1)(21,0)) 6
((21,0)(21,1)) 2
((21,1)(21,17)) 4
((21,17)(21,17)) 3195
((21,17)(19,17)) 27
((19,17)(21,0)) 3
((21,0)(21,3)) 3
((21,3)(21,3)) 230
((21,3)(17,12)) 4
((17,12)(17,12)) 917
((17,12)(15,15)) 2
((15,15)(15,15)) 319
((15,15)(20,12)) 8
((20,12)(21,0)) 2
((24,39)(24,39)) 81
((24,39)(15,19)) 1
((15,19)(15,19)) 51
((15,19)(18,16)) 1
((18,16)(18,16)) 512
((18,16)(19,16)) 9
((19,16)(19,16)) 283
((19,16)(18,17)) 6
((18,17)(18,17)) 92
((18,17)(17,14)) 1
((17,14)(17,14)) 43
((17,14)(18,14)) 20
((18,14)(18,14)) 381
((18,14)(17,14)) 13
((18,14)(19,18)) 1
((19,18)(19,18)) 174
((16,21)(16,21)) 115
((16,21)(16,37)) 11
((16,37)(16,37)) 206
((16,37)(16,21)) 10
((16,21)(18,19)) 2
((18,19)(18,19)) 46
((18,19)(16,37)) 1
((16,37)(17,38)) 4
((17,38)(17,38)) 5
((17,38)(18,35)) 1
((18,35)(18,35)) 46
((18,35)(17,36)) 1
((17,36)(17,36)) 5
((17,36)(16,37)) 1
((24,39)(21,15)) 4
((21,15)(21,15)) 153
((21,15)(24,39)) 5
((21,15)(22,31)) 4
((22,31)(22,31)) 209
((22,31)(19,34)) 3
((19,34)(19,34)) 22
((19,34)(16,37)) 3
((16,37)(16,36)) 6
((16,36)(16,36)) 7
((16,36)(16,37)) 5
((16,37)(19,34)) 1
((19,34)(22,31)) 2
((22,31)(24,39)) 8
((24,17)(24,17)) 207
((24,17)(24,15)) 7
((24,15)(24,15)) 139
((24,15)(24,17)) 7
((24,15)(27,14)) 5
((27,14)(27,14)) 69
((27,14)(24,15)) 3
((24,17)(21,17)) 6
((21,17)(24,17)) 7
((16,13)(16,13)) 21
((16,13)(15,13)) 5
((15,13)(15,13)) 72
((15,13)(14,12)) 1
((14,12)(14,12)) 53
((14,12)(15,13)) 5
((15,13)(16,13)) 9
((16,13)(14,12)) 2
((26,17)(26,17)) 8
((26,17)(26,15)) 3
((26,15)(26,15)) 33
((26,15)(28,13)) 4
((28,13)(29,12)) 5
((29,12)(29,12)) 15
((29,12)(28,13)) 7
((28,13)(26,17)) 1
((28,13)(26,15)) 5
((26,15)(26,17)) 2
((26,17)(29,12)) 1
((19,16)(19,17)) 24
((19,17)(20,17)) 14
((20,17)(20,17)) 208
((20,17)(19,17)) 19
((19,17)(21,17)) 16
((19,17)(19,16)) 19
((17,1)(17,1)) 5
((17,1)(17,0)) 3
((17,0)(17,0)) 600
((17,0)(20,12)) 14
((20,12)(17,1)) 2
((17,0)(16,1)) 3
((16,1)(16,1)) 23
((10,14)(10,14)) 40
((10,14)(9,14)) 3
((9,14)(9,14)) 48
((9,14)(10,14)) 4
((10,14)(14,15)) 1
((14,15)(14,15)) 403
((14,15)(21,20)) 1
((21,20)(21,20)) 203
((21,20)(21,17)) 8
((21,17)(21,20)) 7
((21,20)(22,20)) 6
((22,20)(22,20)) 262
((22,20)(20,17)) 2
((19,17)(11,14)) 1
((11,14)(11,14)) 171
((11,14)(9,14)) 1
((10,14)(11,14)) 3
((11,14)(21,17)) 8
((21,17)(22,12)) 3
((22,12)(15,19)) 1
((15,19)(14,18)) 1
((14,18)(14,18)) 35
((14,18)(18,16)) 1
((18,16)(11,14)) 3
((21,17)(17,16)) 6
((17,16)(17,16)) 338
((17,16)(7,18)) 2
((7,18)(7,18)) 138
((7,18)(21,17)) 1
((18,8)(17,0)) 3
((17,0)(19,18)) 1
((19,18)(21,12)) 1
((21,12)(21,12)) 111
((21,12)(21,11)) 3
((21,11)(21,11)) 85
((21,11)(17,39)) 1
((17,39)(17,39)) 15
((17,39)(16,37)) 1
((16,36)(17,0)) 1
((21,17)(19,21)) 1
((19,21)(19,21)) 8
((19,21)(20,21)) 2
((20,21)(20,21)) 90
((20,21)(21,20)) 4
((21,17)(21,18)) 6
((21,18)(21,18)) 54
((21,18)(21,19)) 4
((21,19)(21,19)) 107
((21,19)(21,20)) 4
((21,20)(20,21)) 5
((21,20)(23,16)) 1
((23,16)(23,16)) 76
((23,16)(26,20)) 1
((26,20)(26,20)) 118
((26,20)(26,19)) 1
((26,19)(26,19)) 6
((26,19)(37,29)) 1
((37,29)(37,29)) 84
((37,29)(34,27)) 2
((34,27)(34,27)) 33
((34,27)(37,29)) 1
((37,29)(22,17)) 1
((22,17)(22,17)) 447
((22,17)(22,18)) 7
((22,18)(22,18)) 62
((22,18)(21,17)) 3
((21,17)(21,19)) 12
((21,19)(20,21)) 2
((20,21)(22,16)) 2
((22,16)(22,16)) 86
((22,16)(21,10)) 1
((21,10)(21,10)) 61
((21,10)(21,6)) 1
((21,6)(21,6)) 42
((21,6)(21,9)) 1
((21,9)(21,9)) 13
((21,9)(21,10)) 2
((21,10)(20,12)) 5
((20,12)(20,14)) 10
((20,14)(19,14)) 1
((19,14)(19,14)) 48
((19,14)(19,15)) 4
((19,15)(19,15)) 43
((19,15)(19,16)) 4
((19,16)(20,17)) 3
((20,17)(19,19)) 1
((19,19)(19,19)) 22
((19,19)(20,20)) 1
((20,20)(20,20)) 32
((20,20)(21,20)) 1
((20,21)(19,21)) 1
((21,20)(20,18)) 1
((20,18)(20,18)) 75
((20,18)(20,17)) 1
((19,17)(18,16)) 19
((18,16)(14,15)) 5
((14,15)(15,15)) 32
((15,15)(12,15)) 2
((12,15)(12,15)) 17
((12,15)(13,15)) 1
((13,15)(13,15)) 40
((13,15)(12,15)) 1
((12,15)(10,14)) 2
((10,14)(8,13)) 3
((8,13)(8,13)) 272
((8,13)(7,15)) 2
((7,15)(7,15)) 9
((7,15)(7,16)) 2
((7,16)(7,16)) 4
((7,16)(7,17)) 3
((7,17)(7,17)) 24
((7,17)(7,18)) 4
((7,18)(7,17)) 7
((7,17)(15,15)) 2
((15,15)(14,15)) 38
((15,15)(18,16)) 9
((18,16)(21,20)) 2
((20,38)(20,38)) 23
((20,38)(20,36)) 3
((20,36)(20,36)) 276
((20,36)(20,38)) 3
((11,14)(12,14)) 3
((12,14)(12,14)) 62
((12,14)(11,14)) 3
((11,14)(14,15)) 4
((14,15)(10,14)) 2
((10,14)(12,15)) 2
((12,15)(14,15)) 2
((14,15)(8,13)) 14
((8,13)(10,14)) 3
((21,10)(22,9)) 4
((22,9)(22,9)) 135
((22,9)(20,12)) 13
((20,12)(19,12)) 12
((19,12)(19,12)) 28
((19,12)(18,14)) 1
((18,14)(19,12)) 1
((19,12)(20,12)) 7
((22,20)(28,18)) 6
((28,18)(28,18)) 18
((28,18)(22,20)) 5
((22,20)(26,20)) 1
((27,24)(27,24)) 27
((27,24)(20,18)) 1
((20,18)(20,14)) 1
((20,14)(23,14)) 1
((23,14)(23,14)) 5
((23,14)(19,16)) 1
((19,16)(16,15)) 4
((16,15)(16,15)) 302
((16,15)(26,24)) 2
((26,24)(26,24)) 27
((26,24)(21,18)) 1
((21,18)(21,17)) 15
((21,17)(6,11)) 8
((6,11)(6,11)) 339
((19,17)(21,18)) 1
((21,17)(18,4)) 1
((18,4)(19,18)) 1
((19,18)(17,7)) 1
((17,7)(17,7)) 12
((17,7)(16,7)) 3
((16,7)(16,7)) 8
((16,7)(17,7)) 1
((17,7)(18,4)) 1
((18,4)(19,16)) 1
((19,16)(18,4)) 1
((20,36)(21,33)) 6
((21,33)(21,33)) 250
((21,33)(22,31)) 13
((22,31)(21,33)) 13
((21,33)(20,36)) 12
((20,36)(21,17)) 4
((21,17)(22,17)) 48
((22,17)(21,33)) 1
((14,13)(14,13)) 118
((14,13)(13,9)) 2
((13,9)(13,9)) 53
((13,9)(14,13)) 3
((14,13)(13,14)) 1
((13,14)(13,14)) 110
((13,14)(21,17)) 5
((21,12)(20,12)) 14
((20,12)(19,13)) 7
((19,13)(19,13)) 115
((19,13)(18,13)) 4
((18,13)(18,13)) 85
((18,13)(19,13)) 8
((18,13)(20,12)) 2
((19,13)(21,12)) 1
((21,12)(20,11)) 1
((14,15)(7,18)) 5
((7,18)(18,17)) 1
((18,17)(24,13)) 2
((24,13)(24,13)) 738
((24,13)(13,14)) 1
((13,14)(14,18)) 4
((14,18)(7,18)) 1
((7,18)(14,15)) 4
((15,15)(21,20)) 4
((21,20)(18,17)) 1
((6,11)(15,15)) 3
((15,15)(22,19)) 2
((22,19)(22,19)) 173
((22,19)(21,17)) 4
((20,12)(21,17)) 38
((21,17)(20,12)) 46
((20,12)(17,0)) 16
((12,5)(12,5)) 106
((12,5)(16,9)) 2
((16,9)(16,9)) 60
((16,9)(12,5)) 1
((12,5)(17,12)) 4
((17,12)(12,5)) 7
((16,9)(15,8)) 1
((15,8)(15,8)) 29
((21,19)(24,27)) 2
((24,27)(24,27)) 54
((24,27)(21,20)) 5
((21,20)(21,19)) 7
((10,2)(10,2)) 40
((10,2)(21,15)) 2
((21,15)(21,16)) 9
((21,16)(10,2)) 1
((10,2)(20,12)) 1
((20,12)(21,15)) 2
((21,15)(10,2)) 2
((10,2)(15,19)) 1
((15,19)(13,14)) 1
((14,13)(15,13)) 4
((15,13)(13,6)) 1
((13,6)(13,6)) 69
((13,6)(14,13)) 1
((15,13)(20,12)) 4
((20,12)(21,16)) 13
((21,16)(20,17)) 2
((20,17)(13,9)) 1
((13,9)(17,12)) 8
((17,12)(18,12)) 22
((18,12)(18,12)) 142
((18,12)(17,12)) 21
((17,12)(5,6)) 7
((5,6)(5,6)) 40
((5,6)(4,7)) 4
((4,7)(4,7)) 6
((4,7)(17,12)) 3
((17,12)(20,12)) 38
((20,12)(17,12)) 39
((5,6)(20,12)) 1
((4,7)(5,6)) 1
((34,27)(32,25)) 1
((32,25)(32,25)) 5
((32,25)(31,23)) 1
((31,23)(31,23)) 7
((31,23)(26,20)) 3
((26,20)(24,19)) 4
((24,19)(24,19)) 64
((24,19)(22,19)) 2
((22,19)(22,18)) 1
((21,17)(19,16)) 5
((21,17)(18,25)) 1
((18,25)(18,25)) 16
((18,25)(36,32)) 1
((36,32)(36,32)) 74
((36,32)(26,20)) 7
((26,20)(16,24)) 1
((16,24)(16,24)) 11
((16,24)(19,17)) 1
((16,15)(14,15)) 7
((14,15)(28,34)) 1
((28,34)(28,34)) 2
((28,34)(27,30)) 1
((27,30)(27,30)) 5
((27,30)(34,27)) 1
((34,27)(16,24)) 1
((18,13)(17,12)) 4
((17,12)(18,13)) 2
((18,13)(18,12)) 2
((18,12)(18,3)) 1
((18,3)(18,3)) 8
((18,3)(17,11)) 1
((17,11)(17,11)) 38
((17,11)(18,13)) 1
((18,13)(19,2)) 1
((19,2)(19,2)) 8
((19,2)(17,3)) 1
((17,3)(17,3)) 2
((17,3)(11,2)) 1
((11,2)(11,2)) 4
((20,12)(22,17)) 5
((22,17)(20,12)) 4
((20,12)(18,4)) 3
((18,4)(20,12)) 2
((20,12)(19,17)) 18
((19,17)(17,0)) 1
((17,0)(21,16)) 1
((21,16)(21,17)) 37
((22,12)(23,8)) 2
((23,8)(23,8)) 14
((23,8)(22,12)) 1
((22,12)(21,15)) 4
((21,15)(19,17)) 1
((19,17)(15,25)) 3
((15,25)(15,25)) 110
((15,25)(7,18)) 1
((7,17)(14,15)) 3
((14,15)(20,12)) 17
((20,12)(22,12)) 10
((14,15)(6,11)) 3
((6,11)(6,12)) 22
((6,12)(6,12)) 126
((6,12)(6,11)) 19
((6,12)(5,11)) 3
((5,11)(5,11)) 12
((5,11)(10,9)) 1
((10,9)(10,9)) 276
((10,9)(18,11)) 1
((18,11)(18,11)) 35
((18,11)(22,17)) 1
((22,17)(21,17)) 54
((16,12)(16,12)) 172
((16,12)(20,12)) 5
((20,12)(21,1)) 11
((21,1)(21,3)) 11
((21,3)(20,12)) 11
((20,12)(14,14)) 18
((14,14)(14,14)) 238
((14,14)(14,15)) 27
((21,1)(20,2)) 3
((20,2)(20,2)) 7
((20,2)(21,1)) 2
((21,1)(20,12)) 10
((21,1)(21,2)) 3
((21,2)(21,2)) 5
((21,2)(21,3)) 4
((21,3)(21,6)) 1
((21,6)(21,3)) 4
((21,3)(21,1)) 15
((21,3)(21,5)) 3
((21,5)(21,5)) 9
((21,5)(21,1)) 1
((21,3)(21,4)) 2
((21,4)(21,4)) 13
((21,4)(21,5)) 5
((21,5)(21,4)) 5
((21,5)(21,6)) 1
((21,6)(22,6)) 5
((22,6)(22,6)) 17
((22,6)(21,3)) 1
((21,4)(22,5)) 1
((22,5)(22,5)) 30
((22,5)(22,6)) 2
((22,6)(21,6)) 2
((21,6)(21,5)) 1
((9,13)(9,13)) 74
((9,13)(8,13)) 13
((8,13)(6,11)) 5
((6,11)(9,13)) 1
((9,13)(22,17)) 2
((21,17)(13,14)) 3
((14,18)(13,18)) 1
((13,18)(13,18)) 4
((13,18)(22,17)) 1
((25,8)(25,8)) 3
((25,8)(20,12)) 2
((20,11)(26,6)) 1
((26,6)(26,6)) 48
((26,6)(26,4)) 1
((26,4)(26,4)) 1
((26,4)(17,12)) 1
((17,12)(26,6)) 1
((26,6)(20,12)) 10
((19,17)(15,15)) 8
((17,12)(24,12)) 7
((24,12)(24,12)) 131
((24,12)(17,12)) 11
((24,13)(23,12)) 3
((23,12)(23,12)) 13
((23,12)(28,15)) 1
((28,15)(28,15)) 5
((28,15)(16,24)) 1
((16,24)(34,26)) 1
((34,26)(34,26)) 3
((34,26)(29,14)) 1
((29,14)(29,14)) 1
((29,14)(28,15)) 1
((28,15)(20,12)) 1
((20,12)(22,16)) 3
((21,15)(20,17)) 2
((20,17)(24,13)) 5
((24,13)(25,5)) 3
((25,5)(25,5)) 13
((25,5)(17,12)) 1
((17,12)(19,17)) 5
((19,17)(18,14)) 1
((18,14)(17,12)) 5
((17,12)(21,15)) 3
((21,15)(17,12)) 2
((17,12)(29,5)) 5
((29,5)(29,5)) 18
((29,5)(21,12)) 1
((18,17)(18,16)) 10
((18,16)(18,17)) 15
((18,17)(21,17)) 4
((20,12)(16,4)) 5
((16,4)(16,4)) 26
((16,4)(15,5)) 2
((15,5)(15,5)) 15
((15,5)(16,4)) 3
((16,4)(20,18)) 1
((20,18)(19,9)) 1
((19,9)(19,9)) 83
((19,9)(20,12)) 13
((20,11)(21,12)) 2
((21,12)(22,12)) 8
((22,12)(21,17)) 2
((22,17)(22,20)) 2
((22,20)(20,16)) 1
((20,16)(20,16)) 119
((20,16)(19,17)) 4
((24,8)(24,8)) 49
((24,8)(19,9)) 1
((21,17)(14,14)) 4
((14,14)(20,12)) 15
((20,12)(24,17)) 3
((24,17)(26,20)) 6
((26,20)(29,27)) 1
((29,27)(29,27)) 35
((29,27)(33,29)) 2
((33,29)(33,29)) 35
((33,29)(33,30)) 1
((33,30)(33,30)) 2
((33,30)(29,27)) 1
((29,27)(24,17)) 1
((24,17)(20,12)) 4
((20,12)(19,9)) 12
((19,9)(20,6)) 1
((20,6)(20,6)) 1
((20,6)(20,8)) 1
((20,8)(20,8)) 22
((18,17)(14,13)) 2
((14,13)(9,12)) 1
((9,12)(9,12)) 35
((9,12)(8,13)) 12
((8,13)(21,17)) 7
((21,17)(18,16)) 21
((18,16)(20,16)) 1
((20,16)(8,13)) 1
((8,13)(9,12)) 13
((9,12)(11,9)) 1
((11,9)(11,9)) 33
((11,9)(13,6)) 1
((13,6)(9,12)) 1
((20,36)(18,17)) 1
((18,17)(22,18)) 1
((22,18)(22,17)) 5
((21,17)(20,17)) 11
((19,17)(18,17)) 3
((20,12)(22,5)) 1
((22,5)(21,6)) 8
((21,6)(20,14)) 1
((20,14)(21,6)) 1
((21,6)(22,5)) 5
((21,6)(20,12)) 3
((20,12)(21,19)) 1
((21,19)(20,12)) 3
((20,12)(21,6)) 2
((22,6)(22,5)) 4
((22,5)(17,12)) 1
((17,12)(12,6)) 1
((12,6)(12,6)) 3
((12,6)(21,6)) 1
((20,14)(21,17)) 10
((21,18)(22,20)) 3
((17,12)(11,4)) 1
((11,4)(11,4)) 3
((11,4)(13,6)) 1
((13,6)(13,8)) 1
((13,8)(13,8)) 11
((13,8)(13,11)) 3
((13,11)(13,11)) 58
((13,11)(10,9)) 1
((10,9)(24,8)) 1
((24,8)(24,7)) 1
((24,7)(24,7)) 28
((25,22)(25,22)) 24
((25,22)(25,21)) 6
((25,21)(25,21)) 29
((25,21)(24,17)) 5
((24,17)(24,13)) 15
((24,13)(24,17)) 18
((24,17)(25,21)) 5
((25,21)(25,22)) 5
((24,17)(25,22)) 2
((25,21)(22,17)) 2
((22,17)(24,17)) 5
((9,8)(9,8)) 34
((9,8)(19,17)) 1
((19,17)(10,9)) 5
((10,9)(19,17)) 5
((19,17)(20,16)) 2
((19,17)(16,37)) 13
((19,1)(19,1)) 6
((19,1)(20,12)) 1
((20,12)(17,2)) 6
((17,2)(17,2)) 53
((17,2)(20,12)) 7
((20,12)(25,12)) 2
((25,12)(25,12)) 10
((25,12)(20,12)) 1
((20,12)(24,13)) 26
((24,13)(20,12)) 36
((16,28)(16,28)) 102
((16,28)(15,28)) 3
((15,28)(15,28)) 23
((15,28)(15,25)) 4
((15,25)(16,21)) 5
((16,21)(12,14)) 1
((12,14)(14,15)) 3
((14,15)(16,21)) 4
((16,21)(15,25)) 4
((15,25)(16,28)) 1
((16,21)(14,15)) 3
((14,15)(14,16)) 3
((14,16)(14,16)) 4
((14,16)(14,15)) 2
((16,21)(16,28)) 4
((16,28)(17,26)) 2
((17,26)(17,26)) 6
((17,26)(16,28)) 2
((16,28)(19,17)) 2
((19,17)(14,15)) 8
((14,15)(19,17)) 6
((19,17)(16,28)) 3
((20,36)(20,28)) 1
((20,28)(20,28)) 10
((20,28)(18,26)) 1
((18,26)(18,26)) 28
((18,26)(20,28)) 2
((20,28)(28,34)) 1
((28,34)(36,32)) 1
((36,32)(37,29)) 1
((37,29)(20,36)) 1
((20,36)(21,34)) 3
((21,34)(21,34)) 13
((21,34)(21,17)) 2
((20,12)(30,13)) 1
((30,13)(30,13)) 75
((30,13)(19,28)) 1
((19,28)(19,28)) 35
((19,28)(18,8)) 1
((18,8)(17,12)) 3
((17,12)(18,16)) 3
((18,16)(19,14)) 6
((19,14)(20,12)) 2
((24,16)(24,16)) 51
((24,16)(20,11)) 5
((20,11)(17,16)) 1
((17,16)(20,11)) 2
((19,17)(16,21)) 1
((16,21)(19,17)) 2
((19,17)(24,16)) 1
((20,12)(24,16)) 8
((24,16)(25,16)) 6
((25,16)(25,16)) 28
((25,16)(21,11)) 1
((21,11)(19,16)) 1
((17,16)(18,14)) 4
((18,14)(17,16)) 4
((17,16)(22,17)) 5
((22,17)(18,14)) 3
((18,14)(20,39)) 1
((20,39)(20,39)) 37
((21,20)(19,20)) 4
((19,20)(19,20)) 14
((19,20)(18,20)) 2
((18,20)(18,20)) 34
((18,20)(18,19)) 2
((18,19)(18,20)) 7
((18,20)(22,20)) 1
((22,20)(21,20)) 4
((18,20)(21,20)) 4
((21,20)(18,19)) 4
((18,19)(21,20)) 3
((21,20)(18,20)) 1
((10,7)(10,7)) 23
((10,7)(6,12)) 3
((6,12)(14,15)) 5
((14,15)(18,16)) 1
((18,16)(21,17)) 21
((18,16)(24,13)) 5
((20,12)(22,9)) 11
((22,9)(19,17)) 2
((18,16)(22,9)) 4
((22,9)(21,9)) 7
((21,9)(22,9)) 9
((20,12)(18,16)) 2
((18,16)(19,17)) 12
((20,17)(21,17)) 14
((21,17)(24,13)) 12
((24,13)(25,9)) 1
((25,9)(25,9)) 22
((25,9)(22,11)) 1
((22,11)(22,11)) 34
((22,11)(22,9)) 3
((22,9)(22,8)) 2
((22,8)(22,8)) 25
((22,8)(21,9)) 1
((16,12)(15,13)) 12
((15,13)(15,14)) 2
((15,14)(15,14)) 17
((15,14)(16,14)) 1
((16,14)(16,14)) 19
((16,14)(18,15)) 1
((18,15)(18,15)) 86
((18,15)(18,16)) 4
((18,16)(22,17)) 3
((22,17)(16,12)) 1
((15,13)(16,12)) 3
((16,13)(13,11)) 1
((13,11)(15,14)) 1
((15,14)(16,13)) 1
((15,13)(24,13)) 1
((15,9)(15,9)) 23
((15,9)(18,14)) 1
((18,14)(19,14)) 1
((19,14)(21,17)) 1
((21,17)(25,14)) 1
((25,14)(25,14)) 7
((12,9)(12,9)) 7
((12,9)(17,12)) 1
((17,12)(12,9)) 2
((12,9)(20,14)) 1
((20,14)(17,12)) 1
((18,12)(13,9)) 1
((13,9)(18,11)) 1
((22,18)(20,12)) 8
((20,12)(22,18)) 7
((24,17)(36,32)) 4
((36,32)(22,18)) 1
((22,18)(18,38)) 1
((18,38)(18,38)) 2
((7,17)(20,18)) 1
((20,18)(20,13)) 2
((20,13)(20,13)) 52
((20,13)(20,12)) 14
((20,12)(20,13)) 12
((20,13)(21,17)) 1
((21,17)(20,13)) 2
((20,13)(19,9)) 1
((19,9)(18,7)) 1
((18,7)(20,13)) 1
((11,6)(11,6)) 21
((11,6)(10,9)) 5
((10,9)(17,15)) 9
((17,15)(17,15)) 60
((17,15)(16,15)) 11
((16,15)(6,11)) 10
((6,11)(11,7)) 2
((11,7)(11,7)) 12
((11,7)(12,6)) 2
((12,6)(13,6)) 1
((13,6)(13,11)) 1
((13,11)(16,15)) 1
((16,15)(15,13)) 1
((15,13)(10,9)) 1
((10,9)(11,6)) 3
((10,9)(16,15)) 2
((6,11)(11,6)) 4
((10,9)(16,14)) 3
((16,14)(17,15)) 1
((11,6)(11,7)) 5
((11,7)(11,6)) 3
((15,15)(16,15)) 7
((16,15)(15,15)) 10
((16,15)(17,16)) 3
((17,16)(15,15)) 2
((23,16)(21,16)) 5
((21,17)(21,16)) 38
((21,16)(23,16)) 7
((23,16)(23,15)) 7
((23,15)(23,15)) 21
((23,15)(23,16)) 9
((23,16)(24,15)) 4
((24,15)(21,16)) 1
((21,17)(23,16)) 4
((23,16)(14,2)) 1
((14,2)(14,2)) 121
((14,2)(13,2)) 11
((13,2)(13,2)) 234
((13,2)(19,9)) 1
((19,9)(21,16)) 1
((21,33)(20,39)) 6
((20,39)(21,33)) 7
((22,31)(18,28)) 3
((18,28)(18,28)) 6
((18,28)(21,17)) 1
((21,20)(21,33)) 4
((20,39)(22,31)) 2
((20,36)(20,39)) 3
((22,31)(19,17)) 4
((19,17)(19,14)) 3
((17,12)(21,16)) 2
((21,16)(22,31)) 3
((18,19)(22,19)) 1
((21,17)(19,18)) 2
((19,18)(16,21)) 3
((16,21)(15,19)) 1
((15,19)(19,18)) 1
((19,18)(21,15)) 2
((21,15)(22,12)) 3
((22,12)(18,21)) 1
((18,21)(18,21)) 8
((25,10)(25,10)) 26
((25,10)(19,18)) 1
((19,18)(17,11)) 1
((17,11)(17,12)) 15
((17,12)(21,17)) 11
((21,16)(17,10)) 1
((17,10)(17,10)) 4
((17,10)(19,9)) 1
((19,9)(20,11)) 1
((20,11)(24,13)) 2
((20,12)(21,3)) 16
((10,9)(18,16)) 6
((18,16)(10,9)) 7
((10,9)(5,8)) 1
((5,8)(5,8)) 2
((14,7)(14,7)) 33
((14,7)(20,17)) 1
((20,17)(13,6)) 1
((13,6)(19,16)) 2
((19,16)(21,17)) 7
((21,19)(13,9)) 1
((13,9)(14,7)) 1
((13,11)(17,12)) 1
((19,17)(19,9)) 1
((19,9)(18,12)) 1
((18,12)(20,12)) 10
((19,9)(20,9)) 1
((20,9)(20,9)) 11
((6,7)(6,7)) 64
((6,7)(18,9)) 5
((18,9)(18,9)) 87
((18,9)(17,9)) 7
((17,9)(17,9)) 18
((17,9)(6,7)) 1
((36,32)(24,13)) 3
((24,13)(22,17)) 6
((22,17)(36,32)) 7
((36,32)(24,17)) 5
((24,13)(15,15)) 6
((15,15)(22,17)) 1
((24,17)(22,17)) 6
((21,17)(20,18)) 11
((20,18)(21,17)) 12
((20,17)(7,17)) 1
((7,17)(9,10)) 1
((9,10)(9,10)) 16
((14,14)(13,15)) 6
((13,15)(14,14)) 4
((20,12)(19,10)) 5
((19,10)(19,10)) 19
((19,10)(14,14)) 1
((13,15)(20,11)) 1
((20,11)(19,10)) 2
((21,8)(21,8)) 77
((21,8)(20,12)) 11
((20,12)(21,12)) 24
((22,12)(21,12)) 10
((20,12)(21,8)) 10
((34,27)(26,20)) 4
((26,20)(22,18)) 7
((22,18)(19,17)) 1
((21,17)(34,27)) 3
((34,27)(33,27)) 7
((33,27)(33,27)) 14
((33,27)(34,27)) 4
((34,27)(22,18)) 1
((22,18)(34,27)) 4
((22,18)(18,18)) 1
((18,18)(18,18)) 20
((18,18)(17,19)) 1
((17,19)(17,19)) 56
((17,19)(21,17)) 2
((21,17)(22,19)) 4
((22,19)(22,20)) 8
((22,20)(21,17)) 4
((31,20)(31,20)) 16
((31,20)(31,19)) 12
((31,19)(31,19)) 41
((31,19)(31,20)) 11
((13,14)(13,11)) 5
((13,11)(21,17)) 3
((21,17)(13,11)) 2
((13,11)(19,17)) 1
((19,17)(13,14)) 2
((17,12)(24,13)) 16
((24,13)(26,11)) 7
((26,11)(26,11)) 16
((26,11)(24,12)) 6
((17,12)(16,12)) 16
((16,12)(24,13)) 5
((24,12)(16,12)) 7
((20,12)(15,15)) 8
((22,17)(22,16)) 1
((22,16)(18,16)) 1
((18,17)(22,17)) 1
((22,17)(18,16)) 5
((18,17)(16,12)) 3
((16,15)(16,10)) 1
((16,10)(16,10)) 12
((16,10)(17,12)) 6
((17,12)(16,10)) 5
((16,10)(16,15)) 1
((16,15)(20,12)) 5
((17,12)(17,11)) 17
((16,12)(18,14)) 14
((18,14)(16,12)) 8
((17,14)(20,12)) 2
((17,12)(17,14)) 3
((10,9)(14,14)) 6
((20,12)(10,9)) 7
((10,9)(6,11)) 5
((6,11)(8,13)) 3
((8,13)(6,12)) 2
((6,11)(10,9)) 5
((32,3)(32,3)) 122
((32,3)(21,0)) 7
((21,0)(32,3)) 6
((16,12)(17,12)) 12
((21,12)(17,12)) 5
((17,12)(21,3)) 3
((18,20)(22,9)) 1
((22,9)(21,3)) 4
((21,3)(18,8)) 3
((18,8)(19,9)) 4
((19,9)(20,24)) 1
((20,24)(20,24)) 1
((20,24)(19,22)) 1
((19,22)(19,22)) 5
((19,22)(19,21)) 1
((19,21)(18,19)) 2
((18,19)(19,19)) 4
((19,19)(19,17)) 1
((19,17)(20,18)) 2
((20,18)(20,23)) 1
((20,23)(20,23)) 2
((20,28)(19,16)) 3
((19,16)(20,29)) 3
((20,29)(20,29)) 84
((20,29)(19,16)) 1
((18,16)(20,29)) 1
((20,29)(20,28)) 5
((20,28)(17,11)) 1
((17,11)(20,29)) 1
((20,12)(21,20)) 3
((21,3)(14,16)) 1
((14,16)(20,12)) 1
((21,3)(14,14)) 1
((14,14)(15,15)) 12
((15,15)(21,1)) 1
((7,10)(7,10)) 33
((7,10)(13,11)) 1
((13,11)(22,17)) 1
((22,17)(24,15)) 2
((24,15)(27,12)) 1
((27,12)(27,12)) 27
((27,12)(7,10)) 1
((7,10)(24,13)) 1
((24,13)(24,12)) 26
((24,12)(26,12)) 1
((26,12)(26,12)) 25
((26,12)(27,12)) 2
((27,12)(18,16)) 1
((19,16)(18,16)) 4
((18,16)(29,8)) 1
((29,8)(29,8)) 1
((37,29)(27,14)) 7
((27,14)(37,29)) 7
((37,29)(38,30)) 4
((38,30)(38,30)) 9
((38,30)(37,29)) 4
((37,29)(35,31)) 1
((35,31)(35,31)) 10
((35,31)(36,30)) 1
((36,30)(36,30)) 5
((36,30)(38,30)) 1
((8,13)(17,19)) 2
((17,19)(9,12)) 1
((17,19)(8,13)) 1
((8,13)(18,16)) 3
((18,16)(8,13)) 2
((8,13)(19,14)) 1
((19,14)(18,16)) 3
((18,9)(18,10)) 8
((18,10)(18,10)) 54
((18,10)(18,13)) 8
((18,13)(18,16)) 6
((21,17)(19,9)) 3
((19,9)(18,9)) 5
((18,16)(6,11)) 13
((6,11)(5,11)) 6
((5,11)(6,11)) 4
((6,11)(9,10)) 1
((9,10)(9,11)) 1
((9,11)(9,11)) 39
((9,11)(11,9)) 3
((11,9)(17,12)) 1
((17,12)(18,10)) 1
((18,10)(18,9)) 6
((18,9)(18,13)) 2
((18,13)(18,15)) 2
((18,15)(15,19)) 1
((15,19)(17,16)) 1
((17,16)(18,22)) 1
((18,22)(18,22)) 11
((18,22)(19,22)) 1
((19,22)(20,18)) 1
((20,18)(18,9)) 1
((18,9)(18,16)) 2
((18,16)(20,12)) 4
((34,8)(34,8)) 44
((34,8)(33,9)) 1
((33,9)(33,9)) 3
((33,9)(32,9)) 1
((32,9)(32,9)) 2
((32,9)(31,10)) 1
((31,10)(31,10)) 1
((31,10)(29,11)) 1
((29,11)(29,11)) 10
((29,11)(29,12)) 1
((28,13)(27,13)) 1
((27,13)(27,13)) 3
((27,13)(25,13)) 1
((25,13)(25,13)) 54
((25,13)(24,13)) 6
((24,13)(23,13)) 4
((23,13)(23,13)) 13
((33,11)(33,11)) 11
((33,11)(21,17)) 6
((21,17)(33,11)) 5
((21,17)(33,24)) 1
((33,24)(33,24)) 1
((22,20)(18,16)) 8
((18,16)(22,20)) 8
((21,17)(15,15)) 4
((15,15)(15,13)) 2
((15,13)(21,16)) 1
((21,16)(20,18)) 5
((20,18)(21,18)) 3
((21,18)(21,16)) 2
((21,16)(21,18)) 3
((21,18)(20,18)) 2
((8,13)(20,11)) 2
((20,12)(8,13)) 3
((8,13)(19,17)) 3
((15,25)(17,12)) 1
((17,12)(22,12)) 4
((22,12)(15,15)) 2
((21,17)(18,15)) 2
((18,15)(19,15)) 2
((19,15)(18,15)) 3
((18,15)(21,17)) 3
((21,17)(18,19)) 1
((26,23)(26,23)) 4
((26,23)(6,14)) 1
((6,14)(6,14)) 14
((6,14)(9,10)) 1
((9,10)(7,17)) 1
((7,17)(13,21)) 1
((13,21)(13,21)) 4
((13,21)(23,24)) 1
((23,24)(23,24)) 78
((23,24)(27,25)) 1
((27,25)(27,25)) 7
((27,25)(27,24)) 5
((27,24)(20,12)) 1
((20,12)(18,10)) 4
((18,10)(27,24)) 1
((27,24)(32,28)) 1
((32,28)(32,28)) 23
((32,28)(15,25)) 1
((15,25)(15,26)) 1
((15,26)(15,26)) 5
((15,26)(15,25)) 2
((15,25)(32,28)) 1
((32,28)(27,24)) 1
((18,16)(15,19)) 2
((15,19)(21,17)) 1
((17,8)(17,8)) 14
((17,8)(20,12)) 3
((24,16)(26,15)) 1
((26,15)(24,16)) 2
((24,16)(20,12)) 1
((20,12)(17,9)) 2
((17,9)(20,12)) 2
((16,28)(12,8)) 2
((12,8)(12,8)) 4
((12,8)(13,8)) 2
((13,8)(21,16)) 1
((21,16)(22,16)) 14
((22,16)(16,28)) 1
((21,17)(14,2)) 1
((24,13)(14,14)) 4
((14,14)(16,15)) 13
((16,15)(24,8)) 1
((24,8)(24,13)) 13
((16,15)(24,13)) 6
((21,15)(24,13)) 2
((24,12)(24,13)) 32
((24,13)(17,12)) 14
((17,12)(18,9)) 5
((18,9)(17,12)) 8
((14,14)(10,9)) 4
((20,12)(34,8)) 6
((34,8)(34,6)) 7
((34,6)(34,6)) 60
((34,6)(14,14)) 1
((10,9)(28,13)) 3
((28,13)(29,13)) 2
((29,13)(29,13)) 5
((29,13)(35,9)) 1
((35,9)(35,9)) 85
((35,9)(34,6)) 3
((34,6)(20,12)) 1
((28,13)(34,8)) 4
((34,6)(35,9)) 1
((35,9)(34,7)) 2
((34,7)(34,7)) 11
((24,8)(24,10)) 2
((24,10)(24,10)) 30
((24,10)(24,13)) 10
((20,12)(24,8)) 3
((21,19)(18,12)) 7
((18,12)(21,19)) 6
((15,15)(24,13)) 6
((24,13)(24,8)) 9
((24,13)(14,15)) 2
((14,15)(24,13)) 1
((14,15)(24,8)) 1
((24,8)(15,15)) 1
((15,15)(14,14)) 13
((8,13)(15,15)) 11
((15,15)(18,3)) 1
((18,3)(20,12)) 1
((19,17)(8,13)) 3
((18,16)(20,17)) 2
((20,17)(18,3)) 1
((18,3)(16,4)) 1
((16,4)(14,2)) 1
((14,2)(10,9)) 1
((10,9)(11,9)) 7
((11,9)(8,13)) 4
((14,15)(17,12)) 1
((17,12)(18,8)) 1
((18,8)(18,4)) 2
((18,4)(8,13)) 1
((8,13)(18,3)) 1
((18,3)(19,17)) 1
((21,15)(21,19)) 1
((21,19)(21,17)) 14
((21,17)(21,15)) 4
((21,15)(21,17)) 11
((13,14)(14,14)) 2
((16,15)(16,16)) 2
((16,16)(16,16)) 4
((16,16)(16,15)) 3
((16,15)(14,14)) 10
((14,14)(16,16)) 1
((14,14)(13,14)) 4
((22,20)(25,23)) 3
((25,23)(25,23)) 41
((25,23)(22,19)) 7
((22,19)(25,23)) 7
((27,10)(27,10)) 40
((27,10)(24,13)) 11
((24,13)(27,10)) 5
((17,12)(27,10)) 5
((27,10)(17,12)) 2
((7,8)(7,8)) 18
((7,8)(8,8)) 17
((8,8)(8,8)) 164
((8,8)(7,8)) 13
((7,18)(17,16)) 13
((17,16)(24,13)) 4
((24,13)(20,17)) 5
((20,17)(22,20)) 1
((22,20)(20,18)) 1
((15,15)(7,18)) 1
((22,19)(23,19)) 3
((23,19)(23,19)) 7
((23,19)(22,19)) 3
((22,19)(22,17)) 6
((22,17)(22,19)) 7
((22,19)(24,17)) 1
((22,19)(13,18)) 1
((13,18)(17,19)) 1
((15,15)(24,27)) 5
((24,27)(22,30)) 1
((22,30)(22,30)) 12
((22,30)(24,27)) 2
((24,27)(15,15)) 5
((24,27)(21,33)) 4
((22,31)(24,32)) 4
((24,32)(24,32)) 53
((24,32)(22,30)) 2
((22,30)(15,15)) 1
((18,16)(17,12)) 3
((20,12)(22,30)) 2
((16,37)(19,18)) 9
((19,18)(16,37)) 4
((19,18)(20,17)) 6
((20,17)(16,37)) 2
((16,37)(19,17)) 11
((16,37)(22,17)) 2
((22,19)(17,16)) 1
((17,16)(19,17)) 8
((30,18)(30,18)) 11
((30,18)(21,17)) 3
((21,17)(30,18)) 3
((21,17)(7,18)) 1
((18,17)(17,19)) 2
((17,19)(16,19)) 2
((16,19)(16,19)) 25
((16,19)(14,15)) 6
((14,15)(16,19)) 5
((17,15)(10,9)) 4
((16,15)(14,13)) 2
((14,13)(10,9)) 1
((32,3)(14,26)) 1
((14,26)(14,26)) 11
((14,26)(15,25)) 1
((15,25)(14,26)) 1
((14,26)(14,25)) 2
((14,25)(14,25)) 3
((14,25)(14,26)) 2
((18,16)(16,12)) 1
((16,12)(16,13)) 6
((16,13)(16,12)) 3
((16,12)(19,17)) 1
((18,17)(20,12)) 1
((23,24)(20,36)) 1
((20,36)(19,37)) 7
((19,37)(19,37)) 62
((19,37)(17,37)) 10
((17,37)(17,37)) 32
((17,37)(19,37)) 9
((19,37)(23,24)) 5
((23,24)(19,37)) 6
((17,37)(16,37)) 2
((19,17)(23,24)) 6
((23,24)(22,24)) 1
((22,24)(22,24)) 4
((22,24)(23,24)) 2
((23,24)(21,20)) 2
((21,20)(22,19)) 1
((22,17)(19,17)) 10
((23,24)(23,23)) 3
((23,23)(23,23)) 3
((20,12)(16,12)) 5
((16,12)(16,9)) 1
((16,9)(17,12)) 8
((18,9)(20,12)) 2
((18,19)(19,17)) 6
((21,17)(16,15)) 6
((20,12)(20,17)) 4
((20,17)(19,14)) 1
((19,15)(19,14)) 1
((19,14)(20,17)) 1
((20,17)(20,12)) 4
((19,12)(21,17)) 1
((21,17)(19,13)) 2
((19,13)(19,12)) 4
((19,12)(19,13)) 2
((12,5)(14,2)) 8
((14,2)(12,5)) 4
((14,2)(16,4)) 2
((16,4)(18,10)) 2
((18,10)(20,12)) 4
((20,12)(12,5)) 1
((8,8)(9,8)) 2
((9,8)(15,13)) 1
((15,13)(14,13)) 9
((14,13)(16,15)) 1
((17,16)(7,8)) 1
((8,8)(6,10)) 1
((6,10)(6,10)) 21
((6,10)(21,17)) 1
((20,12)(26,6)) 10
((26,6)(28,7)) 1
((28,7)(28,7)) 5
((28,7)(26,6)) 1
((24,25)(24,25)) 30
((24,25)(21,15)) 6
((21,15)(20,16)) 1
((20,16)(20,17)) 1
((23,24)(24,25)) 3
((21,20)(24,25)) 1
((21,16)(20,16)) 1
((18,7)(19,7)) 6
((19,7)(19,7)) 18
((19,7)(18,8)) 5
((18,8)(20,12)) 5
((20,12)(19,7)) 1
((19,7)(18,7)) 2
((19,7)(17,12)) 3
((17,12)(19,7)) 3
((17,12)(17,13)) 22
((17,13)(17,13)) 53
((17,13)(17,12)) 15
((17,13)(19,7)) 1
((20,12)(18,7)) 4
((17,16)(21,17)) 7
((21,17)(20,16)) 1
((20,16)(21,17)) 4
((21,17)(14,13)) 3
((11,5)(11,5)) 13
((11,5)(12,5)) 3
((12,5)(11,5)) 4
((11,5)(10,7)) 1
((10,7)(11,5)) 1
((21,10)(17,15)) 6
((21,8)(21,10)) 5
((17,15)(21,10)) 4
((21,10)(21,8)) 5
((17,15)(17,19)) 1
((17,19)(21,8)) 1
((14,14)(17,12)) 4
((17,12)(22,20)) 3
((22,20)(17,16)) 3
((18,14)(15,15)) 2
((18,9)(6,7)) 4
((6,7)(13,9)) 1
((13,9)(13,6)) 2
((13,6)(17,12)) 3
((18,9)(20,15)) 1
((20,15)(20,15)) 46
((20,15)(6,7)) 1
((6,7)(18,16)) 1
((21,17)(8,8)) 2
((8,8)(13,14)) 1
((14,18)(20,12)) 1
((19,16)(17,16)) 2
((17,16)(13,18)) 1
((13,18)(15,19)) 1
((15,19)(16,18)) 1
((16,18)(16,18)) 12
((16,18)(17,19)) 5
((21,16)(21,15)) 3
((21,15)(20,14)) 4
((20,14)(19,13)) 2
((19,13)(20,12)) 7
((20,11)(21,17)) 4
((13,15)(19,17)) 1
((19,17)(13,15)) 2
((14,16)(13,15)) 1
((13,15)(14,15)) 1
((20,12)(13,14)) 1
((17,0)(32,3)) 1
((32,3)(29,5)) 2
((29,5)(17,12)) 4
((17,12)(19,28)) 1
((19,28)(18,28)) 1
((18,28)(16,21)) 1
((16,21)(14,18)) 1
((14,18)(14,17)) 1
((14,17)(14,17)) 45
((14,17)(24,12)) 1
((20,12)(29,5)) 3
((29,5)(29,7)) 1
((29,7)(29,7)) 2
((15,15)(21,17)) 4
((21,16)(18,12)) 1
((20,36)(24,27)) 1
((20,17)(19,18)) 8
((19,18)(20,12)) 1
((15,15)(13,14)) 10
((13,14)(13,15)) 4
((13,15)(12,14)) 3
((12,14)(15,15)) 1
((12,14)(9,17)) 1
((9,17)(9,17)) 1
((14,18)(15,18)) 2
((15,18)(15,18)) 5
((15,18)(13,6)) 1
((13,6)(14,18)) 1
((15,18)(13,14)) 1
((13,14)(13,6)) 1
((13,6)(13,14)) 1
((21,21)(21,21)) 53
((21,21)(21,17)) 2
((21,16)(20,12)) 13
((20,12)(18,28)) 1
((18,28)(22,31)) 3
((22,31)(21,11)) 1
((21,11)(21,17)) 1
((21,17)(26,20)) 8
((26,20)(22,20)) 1
((22,20)(14,15)) 1
((8,13)(22,20)) 1
((22,20)(17,12)) 2
((17,12)(15,11)) 5
((15,11)(15,11)) 27
((15,11)(13,9)) 1
((13,6)(16,9)) 2
((16,9)(18,7)) 5
((18,7)(10,9)) 1
((11,9)(9,12)) 1
((9,12)(13,14)) 1
((13,11)(15,13)) 2
((15,13)(22,19)) 1
((22,19)(26,20)) 1
((21,17)(25,16)) 5
((25,16)(21,18)) 4
((25,16)(26,16)) 5
((26,16)(26,16)) 10
((26,16)(25,16)) 2
((25,16)(28,13)) 2
((17,0)(24,13)) 2
((24,13)(28,13)) 5
((28,13)(25,16)) 2
((19,37)(20,36)) 5
((20,36)(17,37)) 2
((19,17)(20,11)) 2
((20,12)(18,5)) 3
((18,5)(18,5)) 30
((18,5)(20,12)) 3
((20,11)(18,5)) 1
((20,2)(17,12)) 1
((17,12)(10,9)) 6
((10,9)(9,9)) 16
((9,9)(9,9)) 76
((9,9)(10,9)) 15
((10,9)(17,0)) 1
((17,0)(20,1)) 1
((20,1)(20,1)) 3
((20,1)(21,1)) 2
((21,1)(21,16)) 5
((21,16)(21,3)) 7
((21,3)(19,2)) 2
((19,2)(20,2)) 1
((20,2)(21,3)) 2
((21,3)(10,9)) 1
((9,9)(21,16)) 1
((21,16)(17,0)) 2
((21,0)(21,6)) 2
((21,3)(21,0)) 4
((20,12)(21,2)) 1
((21,0)(20,12)) 5
((14,14)(15,19)) 2
((15,19)(15,18)) 2
((15,18)(15,19)) 2
((15,19)(21,6)) 1
((21,17)(18,7)) 4
((18,7)(21,17)) 3
((14,15)(12,15)) 3
((12,15)(11,14)) 3
((11,14)(7,18)) 1
((7,17)(8,13)) 2
((23,11)(23,11)) 57
((23,11)(22,11)) 6
((22,11)(23,11)) 5
((22,11)(19,13)) 1
((19,13)(23,11)) 1
((21,17)(17,12)) 10
((21,17)(5,12)) 1
((5,12)(5,12)) 26
((5,12)(5,11)) 2
((19,17)(21,1)) 3
((21,1)(19,18)) 1
((19,18)(26,20)) 1
((26,20)(21,1)) 1
((21,1)(22,1)) 6
((22,1)(22,1)) 13
((13,14)(15,15)) 2
((13,14)(18,16)) 2
((18,16)(15,15)) 5
((18,16)(18,13)) 5
((18,13)(15,15)) 1
((8,13)(19,16)) 9
((19,16)(8,13)) 8
((8,13)(9,13)) 24
((9,13)(19,16)) 1
((23,17)(23,17)) 8
((23,17)(24,14)) 1
((24,14)(24,14)) 14
((24,14)(15,25)) 1
((15,25)(23,18)) 2
((23,18)(23,18)) 43
((23,18)(19,16)) 1
((19,16)(17,8)) 1
((17,8)(18,9)) 1
((17,12)(7,17)) 1
((15,15)(18,17)) 1
((14,13)(17,36)) 1
((17,36)(15,25)) 1
((15,25)(22,19)) 2
((22,19)(23,18)) 1
((23,18)(24,17)) 2
((24,17)(23,8)) 1
((23,8)(23,7)) 1
((23,7)(23,7)) 5
((23,7)(22,19)) 1
((22,19)(20,39)) 1
((18,35)(20,36)) 3
((20,36)(18,35)) 3
((18,35)(19,34)) 2
((21,33)(18,35)) 1
((18,35)(24,12)) 1
((24,12)(21,15)) 1
((26,14)(26,14)) 75
((26,14)(27,14)) 6
((27,14)(26,14)) 4
((26,14)(23,16)) 5
((23,16)(26,14)) 8
((26,14)(18,12)) 1
((18,12)(19,15)) 2
((19,15)(23,16)) 1
((21,17)(21,7)) 3
((21,7)(21,7)) 23
((21,7)(21,17)) 1
((24,39)(22,16)) 1
((22,16)(24,39)) 1
((15,9)(22,20)) 2
((18,16)(13,6)) 1
((13,6)(18,16)) 1
((11,14)(18,16)) 3
((11,14)(23,21)) 1
((23,21)(23,21)) 4
((18,6)(18,6)) 26
((18,6)(20,12)) 7
((20,12)(18,14)) 10
((18,14)(20,12)) 11
((20,12)(18,6)) 8
((16,21)(17,19)) 2
((17,19)(16,18)) 4
((17,19)(16,21)) 3
((16,18)(16,21)) 1
((28,13)(14,14)) 6
((14,14)(28,13)) 8
((28,13)(28,14)) 4
((28,14)(28,14)) 8
((28,14)(14,14)) 1
((11,9)(9,11)) 2
((9,11)(8,13)) 8
((15,15)(8,13)) 8
((8,13)(9,11)) 10
((21,3)(20,14)) 3
((21,17)(19,19)) 1
((19,19)(21,17)) 1
((10,9)(14,7)) 2
((14,7)(12,5)) 2
((12,5)(6,11)) 2
((6,11)(14,7)) 2
((14,7)(10,9)) 1
((14,7)(13,6)) 2
((13,6)(13,9)) 3
((21,16)(17,19)) 1
((17,19)(19,16)) 4
((19,16)(18,14)) 2
((8,10)(8,10)) 87
((8,10)(6,11)) 5
((6,11)(4,10)) 15
((4,10)(4,10)) 161
((4,10)(3,11)) 3
((3,11)(3,11)) 14
((3,11)(1,12)) 4
((1,12)(1,12)) 18
((1,12)(3,11)) 2
((3,11)(4,10)) 5
((4,10)(6,11)) 12
((6,11)(8,10)) 4
((1,12)(4,10)) 3
((4,10)(8,10)) 1
((8,10)(9,9)) 8
((9,9)(6,11)) 1
((6,11)(5,12)) 5
((5,12)(8,10)) 1
((8,10)(8,9)) 1
((8,9)(8,9)) 17
((8,9)(9,9)) 1
((9,9)(9,8)) 3
((9,8)(9,9)) 2
((19,11)(19,11)) 65
((19,11)(20,12)) 10
((14,14)(19,11)) 4
((19,11)(14,14)) 1
((17,12)(19,11)) 1
((19,11)(20,11)) 3
((20,11)(17,12)) 4
((19,17)(17,12)) 5
((17,12)(13,14)) 1
((13,14)(19,16)) 1
((19,17)(13,18)) 1
((13,18)(13,17)) 1
((13,17)(13,17)) 1
((13,17)(15,17)) 1
((15,17)(15,17)) 9
((15,17)(15,16)) 1
((15,16)(15,16)) 3
((15,16)(16,16)) 1
((16,16)(18,16)) 1
((19,17)(20,12)) 15
((36,8)(36,8)) 35
((36,8)(22,17)) 5
((22,17)(36,8)) 4
((36,8)(17,16)) 1
((36,8)(36,9)) 4
((36,9)(36,9)) 10
((21,17)(24,27)) 2
((21,20)(20,12)) 2
((22,9)(21,14)) 1
((21,14)(21,14)) 7
((21,14)(21,16)) 1
((21,16)(18,11)) 1
((18,11)(18,12)) 3
((18,12)(18,11)) 2
((18,11)(17,12)) 3
((17,12)(19,12)) 1
((19,12)(18,12)) 3
((18,12)(17,19)) 1
((17,19)(18,18)) 2
((18,18)(17,16)) 1
((17,16)(8,18)) 1
((8,18)(8,18)) 1
((27,12)(24,15)) 1
((24,15)(20,12)) 7
((19,12)(27,12)) 1
((27,12)(20,12)) 1
((21,16)(27,12)) 2
((27,12)(25,13)) 1
((25,13)(20,12)) 1
((20,12)(32,3)) 1
((32,3)(24,13)) 2
((20,11)(21,10)) 1
((21,10)(20,11)) 1
((24,13)(0,25)) 1
((0,25)(0,25)) 2
((18,16)(17,18)) 3
((17,18)(17,18)) 23
((17,18)(18,16)) 1
((17,18)(6,11)) 1
((19,17)(24,15)) 2
((24,15)(21,17)) 6
((18,15)(16,12)) 4
((24,13)(22,16)) 4
((22,16)(22,17)) 1
((30,13)(21,17)) 7
((21,17)(22,31)) 8
((24,39)(22,31)) 7
((22,31)(21,17)) 4
((21,17)(30,13)) 4
((30,13)(31,13)) 8
((31,13)(31,13)) 37
((31,13)(30,13)) 7
((30,13)(33,11)) 1
((33,11)(30,13)) 1
((31,13)(24,39)) 1
((22,31)(35,9)) 2
((35,9)(30,13)) 2
((24,39)(30,13)) 1
((21,17)(11,14)) 11
((8,8)(18,9)) 1
((18,10)(19,16)) 1
((19,16)(18,18)) 1
((18,18)(21,14)) 1
((21,14)(21,15)) 1
((22,22)(22,22)) 18
((22,22)(20,12)) 5
((20,12)(19,11)) 5
((19,11)(19,10)) 4
((19,10)(20,12)) 6
((20,12)(22,22)) 5
((22,22)(22,23)) 9
((22,23)(22,23)) 14
((22,23)(22,22)) 6
((22,22)(19,10)) 1
((19,10)(22,22)) 1
((22,23)(19,10)) 2
((21,17)(22,22)) 4
((18,16)(17,16)) 6
((17,16)(17,15)) 11
((16,15)(17,15)) 5
((17,15)(17,16)) 6
((17,16)(18,16)) 7
((22,17)(20,17)) 7
((17,16)(16,15)) 2
((19,17)(22,17)) 6
((22,17)(17,16)) 2
((16,15)(19,17)) 3
((19,17)(17,16)) 3
((5,12)(4,10)) 1
((4,10)(14,2)) 1
((14,2)(6,10)) 2
((13,2)(21,18)) 1
((21,18)(13,2)) 1
((19,17)(18,15)) 2
((18,15)(22,31)) 1
((18,15)(22,17)) 1
((22,17)(22,31)) 1
((13,11)(12,12)) 1
((12,12)(12,12)) 12
((12,12)(21,16)) 1
((21,17)(12,12)) 2
((12,12)(21,17)) 1
((16,15)(9,14)) 5
((9,14)(16,15)) 7
((17,16)(23,16)) 1
((23,16)(15,15)) 1
((15,15)(12,14)) 1
((12,14)(24,15)) 1
((24,15)(24,16)) 2
((24,16)(24,17)) 1
((21,17)(10,9)) 2
((10,9)(12,14)) 1
((12,14)(10,9)) 1
((10,9)(22,17)) 2
((17,16)(12,14)) 1
((12,14)(24,16)) 1
((24,16)(12,14)) 1
((12,14)(19,17)) 1
((10,9)(17,16)) 10
((19,28)(21,16)) 3
((21,16)(19,28)) 3
((19,28)(19,17)) 1
((20,16)(19,28)) 1
((17,12)(11,14)) 4
((11,14)(12,13)) 1
((12,13)(12,13)) 18
((12,13)(18,13)) 1
((18,13)(19,18)) 1
((19,18)(11,14)) 1
((17,16)(11,14)) 1
((11,14)(15,15)) 2
((20,12)(22,8)) 6
((22,8)(21,10)) 1
((21,17)(20,14)) 8
((22,17)(23,18)) 2
((23,18)(24,18)) 2
((24,18)(24,18)) 6
((24,18)(24,19)) 2
((24,19)(25,20)) 4
((25,20)(25,20)) 38
((25,20)(25,21)) 4
((25,21)(21,17)) 3
((22,17)(23,17)) 2
((23,17)(25,21)) 1
((21,17)(24,19)) 6
((22,18)(23,18)) 3
((23,18)(25,20)) 1
((26,20)(18,14)) 4
((18,14)(27,21)) 1
((27,21)(27,21)) 7
((27,21)(26,20)) 1
((26,20)(27,20)) 3
((27,20)(27,20)) 8
((27,20)(18,14)) 1
((18,14)(26,20)) 5
((22,16)(21,20)) 1
((22,20)(15,15)) 1
((21,33)(18,14)) 5
((18,14)(21,33)) 5
((25,13)(20,17)) 1
((19,18)(25,13)) 3
((25,13)(19,18)) 4
((19,18)(19,17)) 7
((19,17)(19,18)) 5
((24,13)(21,17)) 11
((20,12)(8,9)) 1
((8,9)(9,8)) 2
((9,8)(18,15)) 1
((18,15)(9,8)) 1
((9,8)(17,11)) 1
((17,11)(8,9)) 1
((16,15)(21,17)) 9
((21,17)(24,15)) 3
((24,15)(16,15)) 1
((21,7)(17,12)) 1
((17,12)(13,6)) 1
((28,14)(28,13)) 3
((28,13)(22,17)) 4
((22,20)(22,19)) 7
((22,19)(18,15)) 1
((18,15)(28,14)) 1
((28,13)(18,12)) 1
((13,15)(15,15)) 1
((6,11)(14,2)) 11
((14,2)(20,12)) 2
((14,14)(16,4)) 1
((34,9)(34,9)) 25
((34,9)(35,9)) 9
((35,9)(27,14)) 5
((27,14)(24,16)) 7
((24,16)(21,17)) 3
((18,16)(18,15)) 3
((21,17)(24,16)) 1
((24,16)(27,14)) 2
((27,14)(34,10)) 1
((34,10)(34,10)) 5
((34,10)(34,9)) 3
((24,16)(35,9)) 3
((35,9)(34,9)) 7
((34,9)(27,14)) 2
((25,16)(24,16)) 3
((21,17)(35,9)) 5
((35,9)(7,18)) 1
((23,24)(21,17)) 8
((24,19)(21,17)) 6
((21,17)(23,24)) 6
((21,17)(22,24)) 1
((24,19)(22,24)) 1
((22,24)(21,17)) 1
((21,17)(22,20)) 4
((21,20)(23,24)) 1
((23,24)(20,12)) 1
((7,17)(13,6)) 1
((13,6)(14,7)) 1
((14,7)(17,12)) 4
((18,12)(18,16)) 1
((17,28)(17,28)) 12
((17,28)(16,28)) 6
((16,28)(20,14)) 4
((20,14)(20,11)) 2
((20,11)(17,28)) 1
((16,28)(17,28)) 2
((20,14)(22,16)) 1
((22,16)(17,28)) 1
((17,28)(17,26)) 1
((17,26)(15,26)) 2
((31,13)(23,16)) 1
((23,16)(30,13)) 6
((30,13)(23,16)) 5
((30,13)(31,12)) 1
((31,12)(31,12)) 1
((31,12)(31,13)) 1
((22,17)(24,13)) 3
((22,14)(22,14)) 48
((22,14)(24,8)) 1
((24,8)(22,14)) 1
((22,14)(24,13)) 3
((24,13)(20,16)) 1
((20,16)(16,15)) 1
((16,15)(18,16)) 5
((22,12)(22,13)) 6
((22,13)(22,13)) 41
((22,13)(22,12)) 7
((21,12)(16,12)) 6
((14,13)(14,14)) 11
((14,15)(3,10)) 7
((3,10)(3,10)) 9
((3,10)(21,12)) 3
((16,12)(14,13)) 2
((14,15)(22,12)) 3
((22,16)(21,16)) 11
((24,13)(21,16)) 1
((21,16)(22,12)) 2
((22,12)(24,13)) 5
((30,13)(22,16)) 1
((22,16)(20,12)) 3
((34,8)(22,17)) 1
((22,17)(35,9)) 1
((22,17)(24,16)) 1
((24,16)(22,17)) 1
((19,17)(22,16)) 1
((22,16)(22,18)) 1
((10,9)(16,5)) 2
((16,5)(16,5)) 53
((16,5)(10,9)) 5
((10,9)(14,2)) 4
((14,2)(16,5)) 7
((16,5)(14,2)) 3
((6,11)(13,14)) 2
((13,14)(16,15)) 2
((15,15)(6,11)) 2
((16,5)(20,12)) 2
((20,12)(16,5)) 3
((9,14)(8,15)) 3
((8,15)(8,15)) 36
((8,15)(7,18)) 1
((7,18)(8,13)) 2
((18,16)(33,9)) 1
((33,9)(36,8)) 1
((36,8)(35,9)) 4
((35,9)(33,10)) 1
((33,10)(33,10)) 6
((33,10)(34,9)) 2
((34,9)(24,13)) 1
((24,13)(36,9)) 1
((24,3)(24,3)) 29
((24,3)(22,12)) 9
((22,12)(16,15)) 9
((16,15)(22,12)) 7
((22,12)(24,3)) 8
((22,12)(23,4)) 1
((23,4)(23,4)) 4
((23,4)(24,3)) 1
((20,14)(33,14)) 1
((33,14)(33,14)) 14
((33,14)(20,13)) 2
((20,13)(32,16)) 1
((32,16)(32,16)) 7
((32,16)(32,15)) 2
((32,15)(32,15)) 9
((17,13)(17,14)) 5
((18,14)(18,15)) 9
((18,15)(17,12)) 7
((17,13)(18,14)) 2
((24,13)(16,21)) 2
((16,21)(24,13)) 3
((21,17)(14,15)) 21
((14,15)(21,17)) 20
((14,15)(28,13)) 2
((24,13)(21,3)) 1
((21,3)(19,7)) 1
((19,7)(17,11)) 1
((17,11)(18,9)) 1
((18,9)(21,3)) 1
((24,10)(23,11)) 2
((23,11)(24,17)) 1
((26,20)(24,13)) 6
((24,13)(23,11)) 3
((23,11)(24,10)) 2
((23,11)(24,13)) 2
((24,13)(25,20)) 2
((25,20)(24,15)) 1
((24,15)(26,20)) 1
((26,20)(21,17)) 5
((17,2)(18,7)) 7
((18,7)(17,2)) 6
((20,36)(23,37)) 5
((23,37)(23,37)) 15
((23,37)(20,36)) 5
((17,12)(16,9)) 11
((16,9)(21,17)) 3
((22,8)(21,0)) 1
((25,22)(25,23)) 3
((25,23)(20,18)) 3
((20,18)(25,22)) 3
((25,23)(19,17)) 1
((20,18)(36,8)) 1
((35,9)(24,17)) 1
((24,17)(25,23)) 3
((25,22)(21,18)) 1
((21,12)(24,13)) 3
((24,13)(18,16)) 1
((19,17)(34,8)) 5
((34,8)(19,17)) 5
((19,17)(35,9)) 2
((35,9)(34,8)) 3
((20,21)(21,16)) 2
((21,16)(21,21)) 1
((21,21)(20,21)) 1
((20,21)(23,29)) 6
((23,29)(23,29)) 73
((23,29)(20,21)) 6
((23,29)(22,29)) 3
((22,29)(22,29)) 5
((22,29)(15,25)) 1
((16,21)(20,21)) 1
((22,29)(23,29)) 1
((16,12)(24,12)) 2
((21,17)(26,12)) 3
((26,12)(16,12)) 1
((16,13)(21,17)) 1
((26,12)(25,13)) 1
((25,13)(7,18)) 1
((7,18)(26,12)) 2
((14,14)(24,13)) 1
((21,15)(18,5)) 1
((18,5)(17,2)) 1
((17,2)(21,14)) 3
((21,14)(17,2)) 3
((17,2)(17,0)) 1
((17,0)(17,2)) 1
((27,23)(27,23)) 24
((27,23)(24,17)) 3
((20,12)(27,23)) 1
((24,17)(27,23)) 3
((27,23)(27,24)) 3
((27,24)(27,23)) 2
((8,8)(11,9)) 1
((9,12)(6,11)) 1
((10,9)(8,8)) 2
((17,16)(24,19)) 1
((24,19)(17,16)) 1
((24,13)(24,16)) 3
((24,16)(23,18)) 1
((23,18)(22,17)) 2
((21,17)(24,12)) 1
((24,12)(27,8)) 1
((27,8)(27,8)) 9
((27,8)(28,7)) 2
((28,7)(21,17)) 1
((24,15)(24,13)) 3
((24,12)(25,13)) 8
((25,13)(25,12)) 4
((25,12)(26,11)) 2
((26,11)(27,10)) 1
((27,10)(27,9)) 2
((27,9)(27,9)) 20
((27,9)(27,8)) 1
((28,7)(29,5)) 1
((29,5)(32,3)) 4
((18,8)(18,9)) 1
((17,12)(14,14)) 3
((14,15)(29,27)) 1
((29,27)(34,31)) 1
((34,31)(34,31)) 25
((34,31)(35,32)) 2
((35,32)(35,32)) 2
((35,32)(22,17)) 1
((22,17)(34,31)) 2
((34,31)(35,31)) 3
((35,31)(34,31)) 2
((35,31)(21,17)) 1
((21,17)(34,31)) 1
((20,12)(17,8)) 4
((17,8)(18,10)) 1
((19,12)(17,8)) 1
((17,8)(17,12)) 1
((18,17)(19,16)) 4
((36,24)(36,24)) 6
((36,24)(34,27)) 1
((34,27)(38,18)) 1
((38,18)(38,18)) 2
((38,18)(33,19)) 1
((33,19)(33,19)) 16
((33,19)(22,20)) 1
((22,20)(21,18)) 3
((21,17)(25,5)) 1
((25,5)(24,13)) 2
((17,12)(7,18)) 1
((18,14)(18,25)) 2
((18,25)(18,14)) 2
((17,16)(16,24)) 1
((16,24)(16,23)) 1
((16,23)(16,23)) 1
((11,14)(8,13)) 3
((8,13)(20,12)) 2
((26,11)(24,13)) 2
((24,13)(23,14)) 3
((23,14)(18,15)) 1
((18,15)(17,16)) 1
((14,14)(16,12)) 1
((16,12)(27,13)) 1
((27,13)(28,13)) 1
((28,13)(30,13)) 1
((30,13)(22,17)) 2
((17,16)(14,15)) 2
((19,17)(24,12)) 3
((12,14)(13,6)) 1
((13,6)(20,12)) 1
((20,12)(19,15)) 2
((19,15)(21,16)) 1
((16,21)(19,15)) 2
((19,15)(12,5)) 2
((20,36)(19,17)) 9
((19,17)(20,36)) 5
((20,36)(20,35)) 4
((20,35)(20,35)) 4
((20,35)(20,36)) 3
((20,36)(22,31)) 4
((22,31)(37,15)) 1
((37,15)(37,15)) 8
((17,12)(23,12)) 1
((23,12)(9,3)) 1
((9,3)(9,3)) 4
((9,3)(8,4)) 1
((8,4)(8,4)) 2
((8,4)(7,4)) 1
((7,4)(7,4)) 1
((7,4)(6,9)) 1
((6,9)(6,9)) 8
((6,9)(9,3)) 1
((9,3)(20,12)) 1
((20,12)(6,9)) 1
((6,9)(6,8)) 2
((6,8)(6,8)) 3
((19,11)(18,11)) 9
((17,12)(10,2)) 4
((24,31)(24,31)) 22
((24,31)(23,29)) 1
((22,29)(24,31)) 1
((24,31)(24,32)) 5
((24,32)(19,17)) 1
((19,17)(24,32)) 1
((24,32)(16,24)) 3
((16,24)(18,28)) 1
((18,28)(24,32)) 1
((24,32)(16,25)) 1
((16,25)(16,25)) 3
((16,25)(16,24)) 2
((16,24)(24,32)) 2
((4,10)(19,17)) 4
((19,17)(6,11)) 2
((6,11)(19,17)) 1
((19,17)(4,10)) 3
((4,10)(3,10)) 1
((3,10)(21,1)) 1
((21,3)(7,10)) 1
((14,15)(15,14)) 4
((15,14)(14,14)) 5
((21,17)(15,14)) 2
((15,14)(14,15)) 4
((24,8)(19,7)) 1
((19,7)(17,2)) 2
((17,2)(19,13)) 2
((19,13)(17,2)) 1
((17,2)(19,7)) 1
((19,13)(20,8)) 1
((20,8)(17,2)) 1
((7,10)(8,9)) 6
((8,9)(6,11)) 3
((6,11)(7,11)) 2
((7,11)(7,11)) 6
((7,11)(7,10)) 1
((9,11)(10,10)) 1
((10,10)(10,10)) 7
((10,10)(13,9)) 1
((13,9)(12,9)) 2
((12,9)(13,8)) 1
((13,8)(13,6)) 1
((13,6)(12,5)) 3
((11,5)(11,4)) 2
((11,4)(10,3)) 2
((10,3)(10,3)) 33
((10,3)(10,2)) 2
((10,2)(13,6)) 1
((13,6)(10,9)) 2
((4,10)(9,11)) 1
((9,11)(9,13)) 2
((21,17)(28,21)) 1
((28,21)(28,21)) 1
((28,21)(9,13)) 1
((20,14)(20,12)) 10
((18,4)(20,14)) 5
((18,4)(19,9)) 1
((19,9)(20,14)) 1
((20,14)(21,15)) 4
((22,16)(20,14)) 2
((20,14)(19,9)) 3
((19,9)(18,4)) 3
((18,4)(18,8)) 1
((18,8)(21,3)) 3
((21,3)(19,11)) 1
((21,1)(20,16)) 8
((20,16)(21,1)) 6
((20,16)(22,12)) 1
((21,11)(22,11)) 1
((22,9)(21,4)) 1
((21,4)(21,3)) 2
((21,3)(21,2)) 1
((24,18)(20,12)) 1
((20,12)(20,19)) 1
((20,19)(20,19)) 14
((20,19)(20,36)) 1
((20,36)(23,18)) 2
((23,18)(30,10)) 1
((30,10)(30,10)) 3
((30,10)(20,36)) 2
((20,36)(30,10)) 1
((30,10)(24,18)) 1
((24,18)(33,11)) 1
((33,11)(30,10)) 1
((20,14)(19,16)) 2
((19,16)(20,16)) 4
((20,16)(18,16)) 1
((18,16)(19,15)) 3
((19,15)(20,14)) 4
((18,10)(17,9)) 1
((17,9)(17,7)) 1
((17,7)(13,1)) 1
((13,1)(13,1)) 9
((13,1)(20,36)) 1
((13,14)(14,15)) 2
((14,15)(18,12)) 1
((18,12)(18,13)) 4
((18,12)(28,2)) 1
((28,2)(28,2)) 1
((28,2)(24,8)) 1
((25,10)(25,9)) 1
((25,9)(24,10)) 1
((24,13)(25,10)) 6
((25,10)(21,15)) 2
((18,16)(17,0)) 1
((17,0)(18,8)) 4
((14,15)(12,14)) 3
((14,15)(14,14)) 11
((9,13)(9,12)) 3
((9,13)(10,13)) 1
((10,13)(10,13)) 4
((10,13)(9,12)) 1
((22,9)(22,12)) 6
((22,12)(22,9)) 2
((24,13)(24,14)) 4
((24,14)(21,12)) 1
((22,12)(21,11)) 1
((21,11)(21,10)) 1
((16,15)(22,9)) 1
((20,12)(21,10)) 1
((20,11)(40,18)) 1
((40,18)(40,18)) 11
((40,18)(34,19)) 1
((34,19)(34,19)) 19
((34,19)(21,17)) 2
((26,20)(40,18)) 2
((40,18)(21,17)) 3
((21,17)(40,18)) 2
((10,12)(10,12)) 13
((10,12)(20,12)) 2
((20,12)(21,11)) 9
((21,11)(20,11)) 11
((20,11)(21,11)) 9
((21,11)(20,12)) 10
((20,12)(14,13)) 4
((14,13)(10,12)) 2
((10,12)(14,13)) 3
((14,13)(20,12)) 5
((22,9)(18,16)) 5
((21,17)(22,9)) 9
((22,9)(21,7)) 3
((21,7)(21,3)) 1
((35,9)(19,34)) 7
((19,34)(18,35)) 6
((18,35)(35,9)) 7
((35,9)(32,12)) 9
((32,12)(32,12)) 40
((32,12)(35,9)) 5
((19,34)(35,9)) 1
((22,16)(22,13)) 1
((22,13)(20,12)) 2
((24,6)(24,6)) 10
((24,6)(24,13)) 2
((20,12)(24,6)) 1
((24,13)(13,9)) 1
((13,9)(24,6)) 1
((24,6)(27,6)) 1
((27,6)(27,6)) 2
((27,6)(26,6)) 1
((18,11)(19,11)) 6
((29,3)(29,3)) 11
((29,3)(24,8)) 2
((24,8)(17,12)) 2
((17,12)(15,8)) 8
((15,8)(15,7)) 6
((15,7)(15,7)) 42
((15,7)(14,7)) 5
((14,7)(15,8)) 2
((15,8)(17,12)) 5
((17,12)(26,0)) 5
((26,0)(26,0)) 67
((26,0)(17,12)) 4
((17,12)(25,5)) 1
((25,5)(26,0)) 3
((15,7)(17,12)) 1
((26,0)(29,3)) 5
((29,3)(15,7)) 1
((17,12)(29,3)) 1
((24,8)(20,12)) 3
((24,13)(24,10)) 7
((24,10)(25,5)) 1
((24,12)(22,14)) 1
((22,14)(19,15)) 1
((19,15)(17,12)) 2
((17,12)(14,7)) 2
((13,9)(11,9)) 2
((8,13)(28,13)) 1
((28,13)(17,12)) 1
((14,7)(19,15)) 1
((19,15)(22,14)) 1
((22,14)(24,12)) 1
((28,13)(24,13)) 3
((10,8)(10,8)) 60
((10,8)(10,9)) 8
((10,9)(8,10)) 8
((8,10)(9,10)) 6
((9,10)(8,10)) 5
((9,9)(10,8)) 2
((8,10)(10,9)) 1
((10,9)(10,8)) 2
((9,10)(10,9)) 1
((8,10)(10,8)) 2
((21,21)(18,11)) 4
((18,11)(21,21)) 3
((21,21)(21,16)) 3
((24,27)(21,21)) 5
((21,21)(24,27)) 4
((13,14)(12,14)) 5
((12,14)(24,27)) 1
((21,21)(19,16)) 2
((18,17)(19,17)) 3
((19,17)(24,27)) 5
((6,11)(18,16)) 11
((6,12)(18,16)) 1
((6,11)(11,9)) 1
((20,16)(20,15)) 7
((20,15)(20,16)) 11
((20,16)(19,16)) 8
((19,16)(20,15)) 6
((20,16)(21,15)) 1
((21,15)(21,20)) 1
((21,20)(20,16)) 1
((20,16)(5,12)) 1
((5,12)(6,12)) 3
((19,17)(16,19)) 3
((16,19)(19,17)) 2
((18,16)(15,17)) 1
((15,17)(15,19)) 1
((15,19)(17,18)) 1
((17,18)(18,17)) 2
((19,16)(17,19)) 2
((16,15)(6,12)) 1
((6,11)(16,15)) 4
((5,11)(3,13)) 1
((3,13)(3,13)) 2
((3,13)(6,14)) 1
((22,9)(21,17)) 10
((11,14)(24,13)) 1
((15,11)(16,11)) 2
((16,11)(16,11)) 4
((16,11)(17,14)) 3
((17,14)(21,17)) 1
((21,17)(15,11)) 1
((16,11)(16,12)) 1
((16,12)(17,14)) 1
((17,14)(17,16)) 1
((16,37)(15,39)) 3
((15,39)(15,39)) 5
((15,39)(16,38)) 1
((16,38)(16,38)) 20
((16,38)(16,37)) 10
((16,37)(16,38)) 10
((15,39)(18,35)) 1
((18,35)(16,38)) 1
((18,26)(20,12)) 3
((20,12)(18,26)) 5
((18,26)(20,13)) 2
((19,17)(18,26)) 3
((10,3)(12,5)) 6
((12,5)(17,16)) 2
((17,12)(10,3)) 2
((10,3)(17,16)) 1
((17,16)(15,13)) 2
((15,13)(10,2)) 1
((10,2)(10,3)) 1
((12,5)(13,14)) 5
((13,14)(17,16)) 5
((17,16)(20,12)) 7
((20,12)(17,16)) 7
((17,16)(13,14)) 1
((13,14)(10,3)) 1
((10,3)(14,14)) 1
((14,14)(17,16)) 2
((17,16)(10,3)) 3
((15,5)(15,3)) 1
((15,3)(15,3)) 29
((15,3)(20,12)) 1
((17,12)(8,8)) 5
((8,8)(17,12)) 4
((17,12)(22,11)) 1
((22,11)(21,10)) 1
((20,12)(8,8)) 1
((16,37)(20,17)) 1
((19,17)(16,38)) 3
((16,38)(20,17)) 2
((16,38)(19,17)) 1
((15,3)(16,4)) 6
((16,4)(18,9)) 3
((17,9)(18,10)) 2
((18,10)(20,16)) 1
((20,16)(22,20)) 1
((22,19)(18,13)) 1
((18,13)(18,10)) 8
((18,10)(15,3)) 1
((16,4)(20,12)) 5
((17,16)(14,13)) 1
((14,13)(13,6)) 1
((14,2)(15,3)) 1
((15,3)(17,7)) 2
((17,7)(20,12)) 4
((16,13)(20,12)) 1
((20,12)(15,3)) 2
((11,14)(7,15)) 1
((7,15)(13,13)) 1
((13,13)(13,13)) 40
((13,13)(13,14)) 6
((13,14)(13,13)) 7
((13,13)(12,14)) 1
((12,14)(13,13)) 1
((26,19)(25,19)) 1
((25,19)(25,19)) 6
((25,19)(21,17)) 2
((21,17)(25,19)) 1
((25,19)(26,19)) 1
((26,19)(33,19)) 1
((33,19)(34,19)) 3
((34,19)(35,20)) 3
((35,20)(35,20)) 10
((35,20)(34,23)) 3
((34,23)(34,23)) 5
((34,23)(34,22)) 4
((34,22)(34,22)) 6
((34,22)(36,20)) 2
((36,20)(36,20)) 3
((36,20)(35,20)) 2
((35,20)(34,22)) 2
((34,22)(33,19)) 1
((24,7)(24,13)) 3
((24,13)(17,16)) 2
((24,13)(24,7)) 3
((24,7)(24,8)) 2
((24,8)(17,16)) 1
((17,16)(22,7)) 1
((22,7)(22,7)) 1
((10,16)(10,16)) 2
((10,16)(17,12)) 1
((21,15)(13,9)) 1
((13,9)(16,14)) 1
((16,14)(21,15)) 4
((21,15)(12,10)) 1
((12,10)(12,10)) 12
((12,10)(15,13)) 1
((15,13)(21,15)) 1
((21,15)(10,9)) 1
((18,16)(15,16)) 1
((15,16)(14,17)) 1
((28,18)(31,19)) 1
((31,19)(20,20)) 1
((20,20)(20,25)) 6
((20,25)(20,25)) 18
((20,25)(21,17)) 6
((22,17)(31,19)) 2
((31,19)(28,18)) 8
((28,18)(20,20)) 5
((20,25)(31,19)) 2
((28,18)(20,25)) 1
((21,17)(31,19)) 3
((28,18)(25,20)) 2
((25,20)(26,20)) 9
((16,29)(16,29)) 15
((16,29)(18,16)) 3
((18,16)(16,28)) 4
((16,28)(16,29)) 4
((16,29)(19,17)) 1
((16,29)(16,28)) 2
((16,28)(18,16)) 2
((16,29)(18,15)) 1
((18,15)(19,16)) 2
((19,16)(16,28)) 1
((10,9)(20,12)) 4
((20,12)(18,12)) 5
((7,10)(15,15)) 4
((15,15)(27,14)) 4
((27,14)(28,13)) 2
((28,13)(7,10)) 1
((7,10)(7,9)) 7
((7,9)(7,9)) 7
((7,9)(28,13)) 1
((28,13)(27,14)) 2
((27,14)(6,11)) 1
((6,11)(6,10)) 3
((6,10)(7,10)) 2
((27,14)(15,15)) 4
((15,15)(7,10)) 6
((7,9)(27,14)) 2
((27,14)(24,17)) 2
((24,17)(15,15)) 2
((7,9)(6,10)) 1
((6,10)(5,10)) 1
((5,10)(5,10)) 2
((20,12)(19,16)) 3
((19,16)(27,23)) 1
((27,23)(33,25)) 1
((33,25)(33,25)) 3
((33,25)(32,25)) 3
((32,25)(26,20)) 2
((26,20)(20,12)) 2
((27,23)(18,10)) 1
((18,10)(21,17)) 2
((22,17)(24,12)) 1
((13,2)(13,3)) 9
((13,3)(13,3)) 81
((13,3)(10,9)) 6
((20,12)(14,2)) 3
((17,16)(6,11)) 2
((17,16)(17,12)) 1
((17,12)(13,2)) 1
((13,3)(6,11)) 1
((27,25)(18,16)) 2
((6,11)(4,13)) 4
((4,13)(4,13)) 11
((4,13)(21,17)) 2
((21,17)(18,14)) 5
((17,16)(4,13)) 1
((22,17)(18,17)) 1
((18,17)(22,19)) 1
((14,15)(7,15)) 3
((7,15)(8,13)) 4
((15,15)(21,33)) 3
((21,33)(21,34)) 6
((21,34)(22,30)) 2
((22,30)(23,24)) 1
((23,24)(8,13)) 1
((8,13)(14,15)) 11
((21,17)(22,16)) 3
((2,11)(2,11)) 22
((2,11)(4,10)) 4
((6,11)(8,11)) 5
((8,11)(8,11)) 10
((8,11)(6,11)) 4
((4,10)(2,11)) 10
((2,11)(3,11)) 8
((3,11)(2,11)) 1
((2,11)(6,11)) 1
((8,11)(4,10)) 1
((22,16)(23,16)) 2
((24,15)(25,14)) 1
((25,14)(25,13)) 1
((25,13)(26,12)) 1
((27,12)(7,18)) 1
((7,18)(24,13)) 3
((22,20)(21,16)) 1
((21,16)(19,16)) 3
((17,16)(22,20)) 2
((22,20)(37,18)) 1
((37,18)(37,18)) 13
((37,18)(22,20)) 1
((18,7)(17,0)) 3
((17,0)(18,7)) 2
((18,7)(16,9)) 2
((17,0)(16,9)) 1
((20,12)(20,10)) 5
((20,10)(20,10)) 16
((20,10)(20,12)) 3
((26,0)(24,8)) 4
((24,13)(26,0)) 5
((24,8)(22,11)) 1
((22,11)(20,12)) 1
((26,0)(24,13)) 4
((24,13)(15,13)) 1
((15,13)(26,0)) 1
((20,21)(19,18)) 1
((19,18)(20,21)) 1
((20,21)(20,20)) 1
((20,20)(19,14)) 1
((8,13)(17,12)) 1
((17,12)(8,13)) 2
((24,17)(18,3)) 1
((18,3)(17,12)) 1
((15,15)(11,14)) 1
((20,17)(17,12)) 5
((17,12)(22,9)) 3
((22,9)(20,17)) 1
((20,17)(22,19)) 1
((19,17)(18,19)) 3
((19,17)(32,12)) 4
((32,12)(19,17)) 2
((32,12)(28,13)) 1
((28,13)(32,12)) 2
((17,0)(16,0)) 6
((16,0)(16,0)) 7
((16,0)(17,0)) 5
((20,19)(22,18)) 4
((22,18)(20,19)) 3
((20,17)(22,17)) 6
((22,18)(24,17)) 1
((24,17)(29,27)) 3
((29,27)(36,32)) 2
((24,19)(24,17)) 4
((24,17)(22,18)) 1
((23,29)(21,17)) 6
((14,14)(18,18)) 1
((18,18)(20,19)) 1
((20,19)(23,29)) 1
((23,29)(14,14)) 2
((14,14)(21,17)) 3
((21,17)(23,29)) 1
((34,9)(10,15)) 1
((10,15)(10,15)) 26
((10,15)(17,16)) 4
((17,16)(35,9)) 2
((34,9)(17,16)) 1
((17,16)(10,15)) 2
((35,9)(34,10)) 4
((35,9)(17,16)) 1
((17,16)(34,9)) 1
((35,9)(21,17)) 2
((23,9)(23,9)) 20
((23,9)(22,11)) 3
((22,11)(23,9)) 2
((22,11)(22,12)) 2
((22,12)(23,9)) 1
((23,9)(22,12)) 3
((21,12)(23,9)) 1
((21,16)(25,13)) 2
((25,13)(19,16)) 2
((19,16)(25,13)) 1
((20,39)(20,37)) 1
((20,37)(20,37)) 2
((20,37)(20,38)) 1
((20,36)(20,37)) 1
((20,37)(22,20)) 1
((22,20)(20,39)) 1
((20,39)(26,24)) 1
((26,24)(24,21)) 1
((24,21)(24,21)) 2
((24,21)(22,20)) 1
((22,20)(20,38)) 1
((20,38)(22,20)) 1
((22,20)(19,17)) 3
((23,29)(32,28)) 1
((32,28)(22,31)) 3
((22,31)(23,29)) 2
((21,17)(31,28)) 1
((31,28)(31,28)) 20
((31,28)(22,31)) 1
((21,17)(32,28)) 2
((17,13)(16,12)) 2
((21,17)(17,13)) 2
((17,13)(21,17)) 1
((22,8)(21,8)) 5
((21,8)(22,8)) 5
((22,8)(8,13)) 1
((21,8)(21,11)) 1
((21,11)(22,8)) 1
((21,8)(17,12)) 1
((24,12)(20,17)) 2
((12,14)(14,17)) 1
((14,17)(14,18)) 3
((14,18)(15,19)) 2
((15,19)(14,17)) 2
((14,17)(12,14)) 1
((12,14)(13,14)) 3
((13,14)(15,19)) 1
((14,17)(17,19)) 1
((17,19)(14,17)) 1
((10,2)(17,12)) 2
((28,13)(36,8)) 3
((36,8)(28,13)) 1
((20,12)(23,12)) 1
((23,12)(14,15)) 1
((21,17)(31,23)) 1
((26,20)(18,11)) 2
((18,11)(26,20)) 1
((26,20)(31,23)) 1
((18,11)(31,23)) 1
((31,23)(21,17)) 1
((14,15)(24,17)) 1
((27,23)(31,23)) 1
((18,20)(21,16)) 2
((21,16)(17,12)) 3
((17,12)(18,19)) 1
((21,16)(18,19)) 1
((18,19)(17,11)) 1
((19,17)(22,12)) 1
((22,12)(26,0)) 1
((24,13)(21,12)) 1
((21,12)(6,11)) 1
((5,12)(21,17)) 1
((22,17)(26,20)) 4
((14,15)(16,15)) 12
((24,13)(19,16)) 4
((19,16)(13,14)) 1
((16,15)(21,12)) 1
((21,34)(20,36)) 2
((21,17)(20,36)) 2
((38,28)(38,28)) 10
((38,28)(36,32)) 4
((26,20)(20,16)) 3
((20,16)(18,14)) 1
((18,14)(21,17)) 2
((21,17)(37,29)) 8
((37,29)(38,28)) 1
((18,14)(20,16)) 2
((26,20)(36,32)) 2
((36,32)(38,28)) 2
((21,17)(12,13)) 2
((12,13)(11,13)) 1
((11,13)(11,13)) 2
((11,13)(8,11)) 1
((8,11)(7,11)) 3
((7,11)(21,17)) 2
((21,17)(15,16)) 1
((15,16)(8,11)) 1
((12,13)(8,11)) 1
((24,12)(22,17)) 1
((22,20)(24,12)) 1
((21,17)(30,28)) 3
((30,28)(30,28)) 3
((30,28)(20,17)) 2
((30,28)(18,14)) 1
((21,12)(23,6)) 1
((23,6)(23,6)) 6
((23,6)(21,12)) 1
((21,11)(22,9)) 1
((22,9)(21,12)) 1
((18,13)(16,21)) 1
((18,16)(16,15)) 5
((16,15)(14,17)) 1
((14,17)(18,16)) 2
((20,12)(22,13)) 1
((22,13)(21,16)) 2
((21,16)(22,13)) 2
((22,12)(19,13)) 1
((19,13)(21,16)) 1
((16,5)(18,9)) 1
((17,9)(18,9)) 3
((19,17)(16,5)) 1
((20,12)(15,13)) 4
((15,13)(15,12)) 1
((15,12)(15,12)) 2
((15,12)(20,12)) 1
((20,11)(19,13)) 1
((19,13)(22,9)) 1
((22,31)(15,15)) 4
((15,15)(22,31)) 4
((22,31)(20,36)) 3
((8,10)(12,4)) 2
((12,4)(12,4)) 7
((12,4)(8,10)) 1
((12,4)(14,2)) 1
((16,4)(8,10)) 1
((8,10)(11,12)) 1
((11,12)(11,12)) 14
((11,12)(22,20)) 1
((22,20)(22,17)) 1
((16,15)(5,14)) 1
((5,14)(5,14)) 2
((19,14)(21,11)) 3
((21,11)(19,14)) 2
((20,12)(6,11)) 2
((17,16)(19,16)) 3
((22,11)(21,17)) 1
((21,12)(22,11)) 1
((22,11)(7,18)) 1
((20,38)(21,33)) 2
((21,33)(36,32)) 1
((36,32)(21,33)) 2
((20,38)(36,32)) 1
((21,33)(20,38)) 2
((15,25)(14,25)) 1
((14,25)(15,25)) 1
((15,25)(19,17)) 2
((20,12)(14,15)) 9
((15,25)(23,19)) 1
((23,19)(24,19)) 1
((22,19)(21,15)) 1
((21,15)(22,19)) 1
((23,19)(31,22)) 1
((31,22)(31,22)) 1
((14,15)(18,14)) 1
((18,14)(18,16)) 4
((18,16)(18,12)) 2
((18,12)(14,14)) 1
((14,14)(18,15)) 1
((18,15)(8,13)) 1
((8,13)(16,36)) 1
((37,29)(19,16)) 3
((19,16)(37,29)) 2
((21,17)(26,15)) 2
((26,15)(27,10)) 1
((20,12)(14,18)) 1
((14,18)(16,37)) 1
((16,37)(18,16)) 2
((26,20)(25,20)) 8
((21,17)(21,33)) 7
((21,33)(23,29)) 3
((26,20)(22,17)) 3
((23,29)(26,20)) 1
((21,33)(25,20)) 1
((8,8)(16,12)) 2
((16,12)(19,18)) 2
((19,18)(10,9)) 1
((8,8)(19,18)) 2
((19,18)(16,12)) 6
((16,12)(8,8)) 2
((33,29)(14,14)) 1
((14,14)(33,29)) 1
((33,29)(21,16)) 1
((21,16)(31,28)) 1
((31,28)(33,29)) 1
((24,13)(27,9)) 4
((27,9)(28,9)) 1
((28,9)(28,9)) 1
((28,9)(27,9)) 1
((9,13)(17,12)) 1
((17,12)(19,14)) 4
((19,14)(17,12)) 3
((17,12)(10,10)) 4
((10,10)(11,9)) 1
((11,9)(13,9)) 2
((19,14)(14,15)) 1
((8,13)(15,13)) 1
((15,13)(17,12)) 2
((21,16)(26,15)) 1
((26,15)(13,6)) 1
((13,9)(10,9)) 1
((10,9)(34,8)) 1
((34,8)(25,13)) 1
((16,12)(19,19)) 1
((19,19)(19,18)) 1
((19,18)(22,17)) 1
((22,17)(19,18)) 1
((19,18)(19,19)) 1
((19,19)(8,8)) 1
((19,18)(9,8)) 1
((9,8)(8,8)) 2
((21,2)(21,1)) 1
((25,13)(24,12)) 6
((24,12)(20,18)) 1
((20,18)(24,12)) 1
((12,14)(16,15)) 1
((16,15)(22,20)) 1
((14,14)(19,17)) 3
((18,25)(18,20)) 3
((18,20)(18,25)) 1
((18,20)(18,26)) 1
((18,26)(18,25)) 1
((25,16)(22,17)) 3
((22,9)(21,11)) 1
((23,24)(20,14)) 3
((20,14)(23,24)) 2
((20,14)(17,16)) 1
((31,28)(36,32)) 3
((36,32)(31,28)) 2
((36,32)(32,28)) 2
((32,28)(31,28)) 1
((31,28)(32,28)) 1
((17,12)(25,2)) 1
((25,2)(25,2)) 3
((25,2)(17,12)) 1
((19,13)(19,14)) 5
((22,18)(22,19)) 2
((24,19)(24,13)) 2
((24,13)(24,19)) 2
((7,18)(16,15)) 2
((15,19)(22,20)) 1
((22,20)(7,18)) 1
((24,25)(19,13)) 3
((19,14)(18,13)) 6
((19,14)(19,17)) 1
((19,13)(17,12)) 2
((17,12)(19,13)) 1
((19,13)(20,17)) 1
((20,17)(24,25)) 1
((18,13)(24,25)) 1
((24,25)(18,13)) 1
((18,13)(18,17)) 2
((19,16)(25,25)) 1
((25,25)(25,25)) 1
((21,16)(19,17)) 2
((14,15)(21,16)) 1
((19,16)(14,15)) 1
((20,12)(24,12)) 3
((24,12)(20,12)) 1
((20,15)(19,16)) 2
((20,15)(21,16)) 1
((21,16)(20,15)) 1
((20,15)(18,16)) 1
((18,16)(6,9)) 1
((22,20)(17,13)) 1
((17,12)(22,17)) 4
((15,13)(13,11)) 1
((13,11)(11,9)) 1
((11,9)(20,12)) 1
((22,17)(30,13)) 1
((30,13)(28,13)) 1
((24,13)(30,13)) 1
((24,17)(27,30)) 1
((27,30)(24,17)) 4
((25,23)(27,30)) 2
((22,8)(19,13)) 3
((19,13)(21,8)) 1
((19,13)(22,8)) 1
((19,13)(18,14)) 1
((18,14)(21,8)) 1
((20,17)(21,16)) 1
((22,12)(23,6)) 2
((23,6)(23,9)) 1
((21,16)(23,6)) 1
((23,6)(22,12)) 1
((13,13)(21,21)) 1
((21,17)(18,9)) 1
((22,19)(17,12)) 2
((17,12)(22,19)) 3
((22,20)(21,19)) 2
((17,16)(21,11)) 1
((14,15)(13,14)) 2
((13,14)(8,13)) 1
((17,12)(9,8)) 1
((9,8)(11,9)) 1
((9,11)(14,15)) 1
((8,14)(8,14)) 67
((8,14)(6,12)) 4
((13,2)(14,2)) 3
((14,2)(6,11)) 4
((6,12)(8,13)) 1
((8,13)(8,14)) 1
((8,14)(7,14)) 3
((7,14)(7,14)) 20
((7,14)(8,14)) 3
((8,14)(8,15)) 1
((8,15)(7,15)) 1
((7,15)(8,14)) 1
((7,14)(6,12)) 1
((6,11)(13,1)) 1
((13,1)(8,14)) 1
((13,2)(13,1)) 1
((13,1)(13,2)) 1
((6,12)(8,14)) 1
((6,11)(7,14)) 1
((14,15)(8,14)) 1
((15,25)(21,17)) 1
((24,12)(34,11)) 1
((34,11)(34,11)) 1
((34,11)(20,12)) 1
((21,17)(27,15)) 1
((27,15)(27,15)) 1
((27,15)(24,12)) 1
((21,17)(22,11)) 1
((22,11)(20,14)) 1
((21,17)(0,25)) 1
((22,12)(25,10)) 1
((25,10)(25,2)) 1
((25,2)(26,0)) 1
((26,0)(22,12)) 1
((22,12)(22,11)) 1
((22,11)(23,7)) 1
((23,7)(23,4)) 1
((23,4)(22,12)) 1
((24,3)(24,0)) 1
((24,0)(24,0)) 6
((24,0)(24,3)) 1
((24,3)(23,4)) 1
((23,4)(23,7)) 1
((23,7)(22,12)) 2
((22,12)(21,16)) 1
((21,16)(22,11)) 1
((22,11)(24,1)) 1
((24,1)(24,1)) 2
((24,1)(24,0)) 1
((34,8)(20,12)) 3
((21,17)(23,18)) 2
((23,18)(24,13)) 1
((24,14)(22,17)) 1
((22,19)(11,12)) 2
((11,12)(10,13)) 1
((10,13)(11,12)) 1
((11,12)(19,17)) 1
((19,17)(22,19)) 1
((11,12)(22,19)) 1
((19,13)(20,14)) 2
((20,14)(17,25)) 1
((17,25)(17,25)) 9
((17,25)(18,19)) 1
((22,20)(21,21)) 2
((19,10)(19,11)) 3
((19,11)(18,13)) 1
((18,13)(19,11)) 1
((21,33)(21,20)) 6
((37,15)(18,35)) 1
((18,35)(17,35)) 2
((17,35)(17,35)) 2
((17,35)(18,35)) 2
((18,35)(37,15)) 2
((37,15)(36,15)) 1
((36,15)(36,15)) 1
((36,15)(18,35)) 1
((12,5)(15,15)) 1
((18,16)(7,16)) 1
((8,13)(12,12)) 1
((12,12)(12,13)) 1
((12,13)(15,15)) 2
((23,13)(24,13)) 4
((18,22)(18,21)) 3
((18,21)(15,9)) 3
((15,9)(21,16)) 2
((21,16)(18,22)) 1
((21,17)(21,21)) 2
((21,21)(18,22)) 1
((15,9)(18,22)) 1
((18,22)(21,17)) 1
((21,17)(22,15)) 2
((22,15)(22,15)) 4
((22,15)(14,15)) 2
((17,16)(24,15)) 5
((24,15)(17,16)) 4
((20,17)(17,0)) 1
((17,0)(12,5)) 1
((12,5)(17,0)) 1
((21,33)(21,17)) 1
((21,33)(21,3)) 1
((21,3)(21,17)) 2
((11,12)(14,13)) 3
((14,13)(11,12)) 4
((11,12)(10,12)) 3
((10,12)(11,12)) 1
((10,12)(9,12)) 1
((8,13)(10,12)) 1
((16,15)(19,16)) 2
((19,16)(23,17)) 1
((23,17)(23,16)) 1
((23,16)(33,14)) 2
((33,14)(23,16)) 1
((33,14)(17,28)) 1
((26,20)(24,17)) 5
((24,17)(19,17)) 2
((15,15)(17,16)) 3
((27,9)(24,13)) 2
((24,13)(16,12)) 1
((27,9)(16,12)) 1
((16,12)(27,9)) 1
((20,22)(20,22)) 10
((20,22)(20,20)) 1
((20,20)(19,18)) 1
((19,18)(20,14)) 1
((20,14)(19,18)) 1
((19,18)(20,22)) 1
((20,22)(19,18)) 1
((19,18)(20,16)) 2
((20,16)(19,18)) 1
((26,12)(28,13)) 1
((29,13)(31,15)) 1
((31,15)(31,15)) 2
((31,15)(32,16)) 1
((32,16)(26,20)) 1
((26,20)(33,19)) 1
((34,19)(35,19)) 1
((35,19)(35,19)) 1
((35,19)(34,19)) 1
((34,19)(22,17)) 1
((16,12)(21,17)) 1
((16,12)(16,37)) 1
((16,37)(16,12)) 1
((17,0)(19,17)) 2
((21,15)(29,5)) 2
((29,5)(21,15)) 2
((21,15)(16,21)) 1
((20,8)(18,9)) 3
((17,9)(20,8)) 2
((18,10)(18,12)) 2
((20,12)(18,9)) 3
((18,9)(15,9)) 1
((15,9)(10,3)) 1
((10,3)(15,9)) 1
((15,9)(18,9)) 1
((18,9)(19,9)) 2
((12,10)(13,11)) 6
((13,11)(12,10)) 3
((13,11)(13,9)) 2
((21,17)(20,11)) 2
((20,11)(15,1)) 1
((15,1)(15,1)) 1
((15,1)(21,17)) 1
((16,4)(16,5)) 1
((16,5)(17,3)) 1
((17,3)(15,5)) 1
((20,12)(13,9)) 1
((13,9)(16,15)) 1
((16,15)(28,13)) 1
((28,13)(13,9)) 1
((16,12)(28,13)) 2
((17,12)(13,9)) 2
((29,27)(22,37)) 2
((22,37)(22,37)) 18
((22,37)(19,17)) 1
((29,10)(29,10)) 9
((29,10)(28,12)) 1
((28,12)(28,12)) 3
((28,12)(29,10)) 1
((29,10)(27,14)) 1
((27,14)(28,7)) 1
((28,7)(26,11)) 1
((22,14)(18,9)) 1
((18,9)(22,8)) 1
((22,8)(19,11)) 1
((19,11)(17,11)) 1
((17,11)(18,12)) 1
((18,12)(19,13)) 1
((19,13)(6,11)) 1
((6,11)(14,15)) 2
((14,15)(17,9)) 1
((17,9)(14,13)) 1
((14,13)(27,8)) 1
((27,8)(17,8)) 1
((17,0)(17,21)) 1
((17,21)(17,21)) 1
((17,21)(13,21)) 1
((13,21)(18,16)) 1
((19,15)(20,12)) 1
((20,12)(18,8)) 1
((17,0)(21,17)) 1
((21,17)(25,12)) 1
((12,5)(11,14)) 2
((11,14)(10,15)) 3
((10,15)(11,14)) 2
((11,14)(6,11)) 5
((6,11)(12,5)) 2
((12,5)(10,2)) 1
((10,2)(12,5)) 1
((19,17)(20,14)) 2
((20,14)(12,5)) 1
((12,5)(10,15)) 1
((10,15)(17,12)) 1
((17,12)(19,15)) 2
((19,15)(18,17)) 2
((18,17)(19,15)) 1
((12,5)(8,13)) 1
((9,13)(6,11)) 1
((24,13)(22,12)) 4
((24,3)(24,2)) 4
((24,2)(24,2)) 9
((24,2)(24,3)) 2
((24,2)(22,12)) 1
((22,12)(24,2)) 1
((24,3)(24,13)) 1
((24,2)(23,7)) 1
((23,7)(23,9)) 1
((23,9)(23,8)) 1
((23,8)(24,3)) 1
((24,17)(21,21)) 1
((21,21)(24,17)) 1
((24,17)(20,14)) 1
((20,14)(21,20)) 1
((15,15)(15,14)) 5
((13,15)(11,14)) 1
((14,15)(11,14)) 2
((11,14)(10,14)) 4
((10,14)(7,13)) 2
((7,13)(7,13)) 2
((7,13)(12,15)) 1
((17,39)(37,18)) 2
((37,18)(22,31)) 1
((20,36)(17,39)) 1
((37,18)(17,39)) 1
((17,39)(22,31)) 2
((22,31)(17,39)) 1
((22,31)(40,18)) 1
((40,18)(17,39)) 1
((18,16)(21,10)) 2
((21,10)(22,18)) 1
((22,18)(18,16)) 1
((6,12)(17,16)) 1
((19,17)(6,12)) 3
((6,12)(4,10)) 3
((4,10)(6,12)) 1
((6,12)(19,17)) 2
((19,17)(11,9)) 1
((11,9)(10,9)) 5
((10,9)(6,7)) 1
((6,7)(6,12)) 1
((9,9)(19,17)) 1
((4,10)(22,17)) 1
((23,1)(23,1)) 6
((23,1)(21,1)) 2
((20,12)(16,24)) 1
((16,24)(16,28)) 1
((21,1)(23,1)) 3
((21,1)(21,20)) 1
((21,17)(21,1)) 3
((23,1)(23,39)) 1
((23,39)(23,39)) 6
((23,39)(23,37)) 1
((23,37)(24,27)) 1
((24,27)(21,19)) 1
((23,1)(20,12)) 1
((25,12)(25,13)) 3
((24,17)(24,12)) 1
((24,13)(25,13)) 4
((14,2)(17,7)) 1
((17,7)(17,9)) 1
((17,9)(14,2)) 1
((13,2)(10,9)) 1
((11,6)(14,2)) 1
((32,33)(32,33)) 10
((32,33)(36,32)) 2
((36,32)(22,17)) 1
((36,32)(32,33)) 3
((32,33)(22,17)) 1
((32,28)(39,14)) 1
((39,14)(39,14)) 4
((39,14)(32,28)) 1
((32,28)(36,32)) 1
((14,39)(14,39)) 3
((14,39)(15,39)) 1
((15,39)(19,18)) 1
((19,18)(18,14)) 2
((18,14)(19,16)) 1
((14,14)(16,10)) 1
((36,30)(34,19)) 3
((34,19)(37,18)) 1
((37,18)(36,32)) 1
((36,32)(36,30)) 1
((34,19)(36,30)) 1
((34,19)(34,30)) 1
((34,30)(34,30)) 1
((22,37)(20,36)) 3
((20,36)(21,20)) 1
((21,17)(29,27)) 1
((21,20)(20,36)) 1
((20,36)(21,15)) 1
((20,36)(22,37)) 3
((22,37)(21,15)) 1
((24,27)(20,36)) 3
((19,16)(24,13)) 3
((24,13)(13,8)) 1
((13,8)(13,9)) 1
((22,14)(22,15)) 2
((22,15)(22,14)) 2
((22,14)(18,18)) 2
((18,18)(18,16)) 2
((18,16)(22,14)) 2
((22,14)(21,15)) 3
((21,15)(18,16)) 1
((18,16)(18,18)) 1
((18,18)(22,14)) 1
((21,15)(8,8)) 2
((8,8)(22,14)) 1
((26,19)(20,12)) 2
((20,12)(26,19)) 1
((26,19)(30,13)) 1
((30,13)(26,19)) 1
((20,12)(32,9)) 1
((32,9)(33,19)) 1
((24,39)(19,14)) 3
((19,14)(24,39)) 3
((24,39)(14,18)) 1
((14,18)(15,17)) 1
((15,17)(14,18)) 2
((18,15)(16,15)) 1
((16,15)(19,15)) 1
((18,17)(17,15)) 1
((17,15)(19,16)) 1
((33,29)(22,31)) 1
((22,31)(33,29)) 1
((33,29)(27,21)) 1
((27,21)(21,17)) 1
((21,12)(14,2)) 2
((14,2)(18,10)) 1
((18,10)(27,21)) 1
((27,21)(29,27)) 2
((29,27)(32,28)) 1
((32,28)(33,29)) 2
((33,29)(32,28)) 2
((22,31)(35,31)) 1
((35,31)(33,29)) 1
((22,31)(32,28)) 1
((34,27)(15,25)) 4
((15,25)(34,27)) 4
((22,29)(20,34)) 2
((20,34)(20,34)) 4
((20,34)(21,35)) 2
((21,35)(21,35)) 4
((21,35)(18,24)) 1
((18,24)(18,24)) 3
((18,24)(22,29)) 1
((21,35)(20,34)) 1
((20,34)(22,28)) 1
((22,28)(22,28)) 1
((15,8)(16,12)) 1
((16,12)(14,7)) 1
((14,7)(15,6)) 1
((15,6)(15,6)) 1
((15,6)(15,4)) 1
((15,4)(15,4)) 2
((15,4)(14,6)) 1
((14,6)(14,6)) 1
((14,6)(13,6)) 1
((17,12)(15,4)) 1
((15,4)(15,8)) 1
((19,19)(19,20)) 1
((19,20)(21,20)) 2
((21,20)(21,16)) 2
((21,16)(21,20)) 1
((19,20)(19,19)) 1
((16,28)(17,16)) 3
((17,16)(16,28)) 1
((17,16)(17,26)) 1
((15,26)(16,29)) 1
((24,15)(17,12)) 2
((24,13)(14,13)) 2
((14,13)(24,15)) 1
((24,15)(15,18)) 1
((6,11)(11,14)) 3
((6,12)(11,14)) 1
((11,14)(22,18)) 1
((22,12)(23,7)) 1
((33,30)(33,29)) 1
((33,29)(29,27)) 1
((29,27)(24,13)) 1
((16,21)(24,19)) 1
((24,19)(19,18)) 1
((16,21)(16,38)) 2
((16,38)(17,38)) 1
((17,38)(16,37)) 2
((24,39)(24,12)) 1
((23,13)(21,15)) 1
((27,14)(26,15)) 2
((26,15)(26,14)) 3
((26,14)(26,15)) 1
((26,14)(24,15)) 2
((24,17)(27,14)) 1
((21,17)(12,5)) 1
((12,5)(25,15)) 1
((25,15)(25,15)) 6
((25,15)(24,17)) 1
((24,17)(23,18)) 1
((37,18)(32,3)) 1
((32,3)(28,7)) 1
((28,7)(25,13)) 1
((25,13)(27,8)) 1
((27,8)(30,4)) 1
((30,4)(30,4)) 22
((30,4)(24,13)) 1
((24,13)(13,11)) 1
((13,11)(13,14)) 2
((13,14)(12,12)) 1
((12,12)(13,14)) 1
((24,16)(28,13)) 2
((26,15)(29,12)) 1
((21,17)(8,13)) 7
((8,13)(11,10)) 1
((11,10)(11,10)) 12
((11,10)(8,13)) 1
((10,14)(21,17)) 1
((12,15)(9,14)) 1
((29,36)(29,36)) 6
((29,36)(22,19)) 1
((22,19)(21,16)) 2
((19,17)(29,36)) 1
((29,36)(21,19)) 1
((21,19)(22,17)) 1
((22,17)(21,18)) 3
((21,18)(29,36)) 1
((29,36)(22,18)) 1
((22,18)(21,18)) 1
((22,20)(24,34)) 1
((24,34)(24,34)) 1
((24,34)(29,36)) 1
((29,36)(37,15)) 1
((20,21)(20,22)) 1
((20,22)(21,16)) 1
((19,16)(20,21)) 1
((22,16)(20,20)) 1
((20,20)(20,19)) 1
((20,19)(20,18)) 1
((20,18)(21,16)) 5
((19,16)(18,15)) 2
((16,12)(15,15)) 1
((18,8)(19,7)) 1
((28,18)(18,12)) 1
((14,15)(17,16)) 2
((17,16)(27,23)) 1
((27,24)(26,24)) 1
((26,24)(22,31)) 1
((20,36)(22,33)) 1
((22,33)(22,33)) 1
((22,33)(21,33)) 1
((14,13)(12,11)) 2
((12,11)(12,11)) 2
((12,11)(13,11)) 1
((12,11)(13,9)) 1
((14,13)(15,15)) 2
((21,17)(13,9)) 1
((13,9)(15,19)) 1
((15,19)(16,21)) 1
((16,37)(13,14)) 1
((24,13)(19,14)) 1
((19,14)(19,13)) 1
((21,12)(19,13)) 2
((21,19)(21,18)) 1
((17,12)(14,13)) 3
((14,13)(10,2)) 1
((10,2)(14,13)) 1
((14,13)(12,5)) 1
((12,5)(14,13)) 1
((19,12)(17,12)) 1
((18,13)(19,17)) 2
((19,17)(21,15)) 1
((21,15)(22,9)) 1
((19,17)(23,39)) 1
((23,39)(23,38)) 1
((23,38)(23,38)) 1
((23,38)(24,39)) 1
((5,6)(17,12)) 1
((26,24)(16,15)) 1
((26,24)(18,16)) 1
((18,16)(26,24)) 1
((26,24)(27,24)) 1
((27,24)(26,25)) 1
((26,25)(26,25)) 1
((26,25)(26,24)) 1
((26,24)(27,23)) 1
((25,20)(19,15)) 1
((19,15)(20,15)) 1
((20,15)(17,19)) 1
((17,19)(33,19)) 1
((33,19)(25,20)) 1
((25,20)(20,15)) 1
((20,15)(18,15)) 1
((18,15)(15,28)) 1
((15,28)(25,20)) 1
((6,12)(7,7)) 1
((7,7)(7,7)) 5
((7,7)(6,11)) 1
((6,12)(21,17)) 1
((22,20)(6,12)) 1
((21,1)(14,14)) 1
((14,15)(21,1)) 1
((14,15)(20,2)) 1
((21,3)(19,17)) 2
((19,17)(19,34)) 1
((19,34)(19,17)) 2
((19,17)(21,3)) 1
((21,4)(21,1)) 1
((21,4)(22,11)) 1
((22,11)(24,9)) 1
((24,9)(24,9)) 1
((24,9)(24,10)) 1
((24,10)(26,6)) 1
((26,6)(22,9)) 1
((21,7)(21,4)) 1
((20,17)(13,14)) 1
((12,14)(21,12)) 1
((19,13)(21,21)) 1
((21,21)(19,17)) 1
((26,6)(33,8)) 1
((33,8)(33,8)) 1
((33,8)(25,8)) 1
((19,12)(26,6)) 1
((26,6)(25,12)) 1
((25,12)(24,13)) 1
((27,9)(26,6)) 1
((26,6)(22,20)) 1
((22,20)(14,26)) 1
((14,26)(13,21)) 1
((24,14)(18,16)) 1
((18,16)(14,17)) 3
((14,17)(24,14)) 1
((24,14)(24,13)) 1
((24,12)(19,17)) 1
((24,13)(19,17)) 4
((22,8)(21,15)) 1
((21,15)(22,8)) 1
((22,8)(20,12)) 3
((21,8)(20,14)) 1
((20,14)(39,14)) 1
((28,15)(19,23)) 1
((19,23)(19,23)) 10
((19,23)(28,15)) 1
((28,15)(27,13)) 1
((27,13)(28,15)) 1
((28,15)(28,13)) 1
((20,12)(18,17)) 3
((24,13)(17,22)) 1
((17,22)(17,22)) 1
((21,15)(19,7)) 1
((19,7)(19,18)) 1
((21,15)(15,11)) 1
((15,11)(14,10)) 1
((14,10)(14,10)) 4
((14,10)(21,15)) 1
((19,7)(21,15)) 1
((21,15)(20,12)) 1
((23,16)(24,17)) 1
((19,17)(24,17)) 3
((24,17)(23,16)) 2
((23,16)(21,17)) 2
((21,16)(29,9)) 1
((29,9)(29,9)) 3
((29,9)(24,15)) 3
((24,15)(29,9)) 2
((24,12)(27,10)) 2
((27,9)(17,11)) 1
((17,11)(11,2)) 1
((24,0)(22,12)) 1
((18,9)(16,4)) 1
((20,12)(15,7)) 1
((17,0)(19,0)) 1
((19,0)(19,0)) 2
((19,0)(17,0)) 2
((17,0)(15,17)) 1
((15,17)(17,0)) 1
((17,0)(17,1)) 1
((22,1)(21,3)) 1
((22,1)(21,1)) 6
((21,16)(14,15)) 1
((16,15)(21,16)) 1
((21,7)(21,6)) 1
((21,6)(21,1)) 1
((14,2)(17,9)) 1
((18,9)(18,8)) 3
((20,12)(26,20)) 1
((26,20)(38,18)) 1
((38,18)(25,20)) 1
((20,12)(36,32)) 1
((36,32)(29,27)) 1
((29,27)(26,20)) 1
((19,9)(20,8)) 1
((20,8)(22,5)) 1
((22,5)(20,8)) 1
((20,11)(20,17)) 1
((16,12)(8,13)) 1
((18,15)(21,16)) 2
((21,16)(8,13)) 1
((8,13)(21,16)) 1
((21,16)(18,16)) 2
((18,16)(21,15)) 1
((21,15)(8,13)) 1
((19,16)(30,18)) 1
((30,18)(9,15)) 1
((9,15)(9,15)) 3
((22,5)(20,12)) 1
((21,12)(22,5)) 1
((22,5)(24,7)) 1
((24,7)(22,6)) 1
((22,6)(17,12)) 1
((17,12)(21,6)) 1
((21,6)(18,17)) 1
((20,12)(22,6)) 1
((22,12)(20,15)) 1
((20,15)(16,15)) 1
((18,8)(18,7)) 2
((18,7)(17,12)) 1
((18,7)(17,7)) 1
((17,7)(18,7)) 1
((25,22)(24,13)) 1
((24,17)(21,12)) 1
((24,13)(26,8)) 1
((26,8)(26,8)) 2
((26,8)(25,10)) 1
((21,19)(21,3)) 1
((15,25)(17,26)) 1
((17,26)(15,28)) 1
((15,28)(16,28)) 1
((16,28)(16,21)) 2
((19,17)(17,26)) 1
((17,26)(16,29)) 1
((10,9)(12,13)) 3
((12,13)(14,15)) 1
((7,18)(15,15)) 1
((15,15)(10,9)) 5
((18,26)(19,28)) 1
((19,28)(20,12)) 1
((20,11)(16,12)) 1
((16,13)(17,12)) 2
((20,12)(20,16)) 1
((18,12)(22,9)) 1
((24,16)(15,15)) 1
((24,16)(18,17)) 1
((18,17)(20,11)) 1
((28,13)(35,9)) 1
((35,9)(22,17)) 1
((22,17)(14,14)) 1
((14,14)(14,13)) 3
((14,14)(24,17)) 1
((24,17)(25,18)) 1
((25,18)(25,18)) 6
((21,16)(29,10)) 1
((29,10)(21,16)) 1
((20,18)(27,12)) 1
((18,14)(22,17)) 2
((18,14)(22,12)) 1
((22,12)(18,16)) 1
((19,19)(21,20)) 1
((21,20)(20,17)) 1
((20,17)(21,20)) 1
((6,9)(6,10)) 1
((7,10)(8,10)) 1
((10,9)(10,7)) 2
((10,7)(11,6)) 1
((11,6)(12,5)) 1
((12,5)(12,4)) 1
((12,4)(13,4)) 1
((13,4)(13,4)) 2
((13,4)(13,3)) 1
((13,3)(14,2)) 2
((14,2)(13,1)) 1
((13,1)(14,2)) 1
((6,11)(9,8)) 1
((9,8)(19,15)) 1
((19,15)(18,18)) 1
((18,18)(19,15)) 1
((19,15)(9,8)) 1
((21,21)(17,7)) 1
((24,12)(19,16)) 1
((19,11)(19,9)) 2
((19,9)(19,10)) 1
((19,10)(17,1)) 1
((17,1)(16,1)) 2
((16,1)(22,12)) 1
((16,1)(18,12)) 1
((24,14)(22,13)) 1
((22,13)(26,16)) 1
((26,16)(24,19)) 1
((24,19)(22,17)) 6
((6,12)(10,7)) 1
((14,15)(26,20)) 1
((20,12)(21,9)) 1
((14,15)(22,9)) 1
((15,14)(17,12)) 1
((13,9)(22,18)) 1
((10,9)(13,13)) 1
((13,13)(12,13)) 1
((12,13)(19,17)) 2
((19,16)(10,9)) 1
((24,13)(18,35)) 1
((19,17)(24,13)) 3
((24,13)(20,36)) 1
((24,13)(24,27)) 1
((16,21)(13,15)) 3
((13,15)(16,21)) 2
((22,18)(26,20)) 1
((26,20)(18,17)) 1
((20,12)(20,8)) 1
((20,8)(20,12)) 1
((20,13)(20,18)) 1
((20,18)(10,14)) 1
((10,14)(15,15)) 1
((15,15)(20,18)) 1
((12,6)(13,11)) 1
((13,11)(16,14)) 1
((16,14)(16,15)) 2
((11,7)(16,15)) 1
((15,14)(10,9)) 1
((16,15)(10,9)) 1
((10,9)(11,7)) 1
((19,16)(22,19)) 2
((22,20)(14,14)) 1
((14,14)(15,17)) 1
((15,17)(14,17)) 1
((17,12)(6,7)) 4
((6,7)(17,12)) 3
((14,15)(22,17)) 5
((21,33)(20,34)) 1
((20,34)(20,39)) 1
((20,39)(20,36)) 1
((22,31)(20,17)) 1
((20,17)(20,16)) 3
((20,16)(18,10)) 1
((18,10)(19,15)) 1
((19,18)(22,31)) 1
((17,11)(20,12)) 2
((20,12)(17,11)) 1
((17,11)(17,10)) 1
((17,10)(17,12)) 1
((17,12)(21,20)) 2
((21,20)(22,16)) 2
((10,2)(18,13)) 2
((18,13)(10,2)) 2
((10,9)(14,15)) 2
((14,15)(13,15)) 3
((13,15)(18,16)) 1
((10,9)(8,13)) 1
((7,15)(9,8)) 1
((9,8)(10,9)) 2
((10,9)(17,12)) 3
((18,13)(18,14)) 1
((18,17)(14,7)) 1
((14,7)(19,18)) 1
((26,20)(27,21)) 1
((20,17)(20,18)) 1
((19,9)(14,14)) 1
((13,15)(19,10)) 1
((19,10)(20,11)) 1
((20,11)(19,11)) 4
((19,10)(19,9)) 1
((19,9)(21,17)) 5
((22,12)(23,13)) 2
((23,13)(17,12)) 2
((25,23)(21,17)) 2
((25,23)(21,18)) 1
((20,36)(18,16)) 1
((18,16)(12,13)) 1
((12,13)(20,36)) 1
((33,27)(26,20)) 1
((22,17)(34,27)) 1
((33,27)(21,17)) 1
((21,17)(33,27)) 1
((26,1)(26,1)) 7
((26,1)(28,5)) 1
((28,5)(28,5)) 1
((28,5)(20,15)) 1
((20,15)(19,15)) 1
((19,15)(20,16)) 2
((20,16)(24,13)) 1
((24,13)(26,1)) 1
((26,1)(25,5)) 1
((25,5)(26,1)) 1
((20,17)(14,15)) 1
((25,10)(24,13)) 1
((23,12)(23,13)) 1
((6,11)(21,17)) 5
((21,17)(14,17)) 3
((14,18)(21,17)) 1
((21,20)(15,15)) 2
((24,13)(17,0)) 1
((18,12)(24,13)) 1
((18,5)(17,0)) 4
((17,0)(18,5)) 4
((21,17)(18,18)) 1
((18,18)(21,17)) 1
((16,10)(21,17)) 1
((21,17)(16,10)) 1
((17,14)(18,15)) 1
((16,12)(13,9)) 4
((10,9)(12,5)) 2
((12,5)(10,6)) 1
((10,6)(10,6)) 1
((10,6)(12,5)) 1
((12,5)(13,9)) 1
((13,9)(13,14)) 1
((10,9)(15,15)) 1
((15,19)(14,14)) 1
((25,13)(17,12)) 1
((17,12)(27,12)) 1
((27,12)(25,14)) 2
((25,14)(17,12)) 1
((25,13)(27,12)) 1
((25,14)(19,16)) 1
((22,16)(24,13)) 5
((24,13)(25,14)) 1
((25,14)(27,12)) 1
((18,15)(39,14)) 1
((39,14)(18,15)) 1
((18,15)(22,16)) 1
((21,17)(39,14)) 1
((14,14)(17,15)) 1
((17,15)(14,14)) 1
((14,14)(22,3)) 1
((22,3)(22,3)) 2
((22,3)(21,3)) 2
((17,12)(18,14)) 2
((18,14)(19,13)) 1
((21,3)(22,3)) 1
((19,22)(20,22)) 2
((20,22)(18,8)) 2
((19,9)(20,23)) 1
((20,23)(19,21)) 1
((19,21)(19,22)) 1
((21,3)(22,11)) 1
((22,11)(22,10)) 2
((22,10)(22,10)) 2
((22,10)(18,19)) 1
((19,19)(18,19)) 3
((18,20)(19,21)) 3
((19,21)(19,19)) 1
((20,29)(18,16)) 1
((18,16)(18,26)) 1
((20,28)(20,29)) 3
((20,29)(21,17)) 1
((21,17)(20,29)) 1
((20,29)(18,17)) 1
((14,17)(18,8)) 1
((18,8)(21,29)) 1
((21,29)(21,29)) 1
((21,29)(20,29)) 1
((19,17)(28,13)) 3
((24,32)(22,31)) 3
((38,30)(22,18)) 1
((22,18)(38,30)) 1
((37,29)(36,30)) 1
((36,30)(38,29)) 1
((38,29)(38,29)) 3
((38,29)(38,30)) 1
((9,12)(17,19)) 1
((19,16)(9,12)) 1
((19,16)(18,10)) 1
((18,10)(19,9)) 2
((18,15)(18,13)) 2
((19,16)(18,13)) 2
((18,10)(18,16)) 1
((18,10)(19,11)) 1
((19,11)(18,16)) 1
((19,17)(17,11)) 1
((20,12)(22,20)) 1
((22,20)(23,21)) 1
((23,21)(22,20)) 2
((18,16)(20,18)) 1
((25,9)(24,15)) 1
((20,11)(25,9)) 1
((25,9)(17,12)) 1
((17,12)(24,8)) 1
((10,9)(15,13)) 2
((15,13)(17,14)) 1
((17,14)(17,13)) 1
((24,15)(22,12)) 1
((22,12)(22,16)) 1
((22,16)(21,17)) 4
((19,15)(21,17)) 1
((22,9)(8,13)) 1
((21,1)(13,6)) 1
((13,6)(11,9)) 1
((11,9)(10,10)) 1
((10,10)(11,10)) 1
((11,10)(13,6)) 1
((13,6)(21,1)) 1
((19,17)(22,9)) 1
((22,9)(17,12)) 1
((15,15)(20,11)) 1
((4,10)(15,15)) 4
((15,15)(4,10)) 2
((21,17)(35,27)) 1
((35,27)(35,27)) 2
((35,27)(20,12)) 1
((34,27)(19,11)) 1
((19,11)(34,27)) 1
((34,27)(35,27)) 1
((27,24)(26,23)) 2
((26,23)(27,24)) 2
((27,24)(27,25)) 1
((26,23)(21,17)) 1
((21,17)(16,19)) 1
((16,19)(27,24)) 1
((27,24)(36,24)) 1
((36,24)(34,26)) 1
((34,26)(26,23)) 1
((27,24)(29,27)) 1
((29,27)(27,25)) 1
((26,22)(26,22)) 1
((26,22)(25,23)) 1
((25,23)(24,22)) 1
((24,22)(24,22)) 2
((24,22)(24,21)) 1
((24,21)(23,21)) 1
((21,17)(24,22)) 1
((18,24)(19,17)) 1
((19,17)(7,18)) 2
((21,17)(18,20)) 1
((17,13)(22,16)) 3
((22,16)(20,17)) 2
((22,16)(19,15)) 1
((13,8)(17,12)) 1
((17,12)(16,28)) 1
((21,17)(24,25)) 3
((24,25)(21,17)) 1
((24,13)(16,15)) 2
((24,8)(25,5)) 2
((21,17)(23,12)) 1
((23,12)(22,17)) 1
((28,13)(10,9)) 1
((34,6)(24,13)) 1
((24,13)(36,8)) 1
((34,6)(34,7)) 3
((34,7)(35,9)) 2
((34,7)(14,14)) 1
((34,6)(10,9)) 1
((18,5)(24,8)) 1
((20,12)(24,15)) 4
((18,12)(19,18)) 1
((19,18)(21,19)) 1
((21,17)(24,8)) 1
((10,9)(16,12)) 1
((18,15)(10,9)) 1
((8,13)(24,13)) 1
((8,13)(11,14)) 3
((11,14)(17,16)) 1
((20,17)(8,13)) 1
((8,13)(9,14)) 1
((9,14)(8,13)) 1
((14,15)(21,19)) 1
((14,14)(6,11)) 1
((16,15)(22,17)) 1
((25,23)(23,29)) 1
((23,29)(21,33)) 1
((23,29)(26,24)) 1
((26,24)(25,23)) 1
((25,23)(25,22)) 1
((27,10)(24,12)) 1
((24,13)(18,12)) 2
((18,11)(24,13)) 1
((22,19)(24,19)) 1
((24,19)(23,19)) 1
((24,27)(24,32)) 1
((24,32)(15,15)) 1
((19,14)(21,10)) 1
((20,12)(22,31)) 1
((22,31)(24,27)) 1
((22,30)(24,32)) 1
((19,18)(16,38)) 1
((19,18)(20,15)) 1
((20,15)(20,14)) 1
((20,14)(20,15)) 1
((20,15)(16,21)) 1
((19,18)(18,35)) 1
((18,35)(16,37)) 2
((16,38)(19,18)) 2
((17,38)(17,37)) 2
((29,13)(29,15)) 1
((29,15)(29,15)) 1
((29,15)(26,16)) 1
((26,16)(23,17)) 1
((23,17)(22,17)) 2
((30,18)(19,17)) 1
((19,17)(30,18)) 1
((30,18)(22,17)) 1
((18,17)(18,15)) 1
((18,15)(17,15)) 1
((17,15)(17,14)) 1
((18,14)(15,25)) 1
((16,19)(14,14)) 1
((14,14)(16,19)) 1
((16,15)(16,12)) 1
((16,12)(10,9)) 1
((17,15)(22,16)) 1
((22,16)(10,9)) 2
((14,26)(32,3)) 1
((19,17)(14,7)) 1
((14,7)(18,13)) 1
((18,15)(19,17)) 1
((34,8)(32,3)) 1
((32,3)(34,8)) 2
((23,23)(23,24)) 2
((23,24)(17,37)) 1
((19,37)(16,37)) 2
((17,37)(23,24)) 1
((21,17)(25,18)) 1
((25,18)(18,13)) 1
((22,17)(17,7)) 1
((21,12)(24,0)) 2
((24,0)(18,12)) 1
((13,2)(12,5)) 1
((26,6)(24,8)) 1
((21,16)(24,25)) 3
((24,25)(21,16)) 1
((17,14)(19,19)) 1
((19,19)(21,11)) 1
((18,8)(21,16)) 1
((22,31)(16,37)) 3
((17,12)(18,7)) 1
((12,5)(10,7)) 1
((10,7)(12,5)) 1
((11,5)(11,8)) 1
((11,8)(11,8)) 4
((11,8)(12,5)) 1
((21,8)(20,7)) 2
((20,7)(20,7)) 3
((20,7)(21,8)) 1
((21,10)(20,7)) 1
((20,7)(21,10)) 1
((21,8)(17,15)) 1
((17,15)(21,8)) 1
((17,12)(18,11)) 1
((17,12)(20,15)) 1
((20,15)(19,9)) 1
((6,7)(8,8)) 1
((8,8)(6,7)) 3
((18,16)(17,17)) 4
((17,17)(17,17)) 16
((17,17)(18,16)) 3
((17,17)(16,15)) 1
((18,16)(23,24)) 2
((23,24)(18,16)) 1
((18,16)(21,19)) 1
((21,20)(21,21)) 1
((21,21)(23,24)) 1
((23,24)(17,25)) 1
((17,25)(22,24)) 1
((13,9)(13,15)) 1
((13,15)(16,15)) 1
((16,15)(13,15)) 1
((29,5)(24,13)) 1
((24,13)(32,3)) 2
((32,3)(24,12)) 1
((36,24)(20,20)) 1
((20,20)(26,20)) 1
((26,20)(25,18)) 1
((25,18)(26,16)) 1
((26,16)(25,18)) 1
((25,18)(26,20)) 1
((6,10)(6,11)) 2
((6,10)(11,14)) 1
((6,10)(5,11)) 1
((5,11)(5,12)) 2
((18,19)(16,21)) 2
((16,21)(18,10)) 1
((18,10)(17,7)) 2
((16,7)(20,12)) 1
((20,12)(18,19)) 1
((18,16)(19,13)) 1
((19,13)(23,29)) 1
((22,17)(24,19)) 6
((24,19)(26,20)) 1
((26,20)(19,17)) 1
((16,21)(18,25)) 1
((18,25)(19,19)) 2
((19,19)(18,25)) 1
((18,25)(18,19)) 1
((18,19)(18,25)) 1
((37,29)(21,17)) 5
((12,14)(13,15)) 1
((13,15)(13,14)) 1
((12,14)(20,12)) 1
((13,15)(20,12)) 1
((13,15)(8,4)) 1
((24,13)(26,20)) 5
((26,20)(17,16)) 1
((17,16)(20,17)) 2
((16,0)(16,2)) 1
((16,2)(16,2)) 1
((16,2)(16,1)) 1
((16,1)(19,11)) 1
((19,9)(16,1)) 1
((16,1)(17,0)) 1
((16,1)(20,12)) 1
((20,12)(16,1)) 1
((14,2)(24,13)) 4
((24,13)(14,2)) 2
((21,18)(22,17)) 1
((22,17)(25,16)) 4
((21,18)(18,14)) 1
((18,17)(20,18)) 1
((26,16)(21,18)) 2
((21,18)(25,16)) 1
((20,18)(18,17)) 1
((19,16)(22,17)) 1
((17,12)(21,12)) 2
((21,12)(21,17)) 2
((18,12)(21,17)) 1
((17,37)(20,36)) 2
((18,5)(19,17)) 1
((19,17)(18,5)) 1
((22,11)(20,11)) 1
((20,12)(7,18)) 1
((20,14)(21,3)) 2
((21,3)(19,1)) 4
((19,1)(21,1)) 2
((21,16)(22,9)) 3
((21,3)(20,2)) 1
((20,2)(21,16)) 1
((19,2)(21,3)) 1
((11,14)(21,16)) 1
((19,1)(20,1)) 1
((21,0)(16,12)) 1
((21,0)(19,5)) 1
((19,5)(19,5)) 2
((19,5)(21,3)) 1
((21,0)(20,1)) 1
((20,1)(21,0)) 1
((21,3)(21,16)) 4
((22,16)(21,0)) 1
((30,14)(30,14)) 3
((30,14)(24,15)) 2
((24,15)(30,14)) 1
((24,15)(17,14)) 1
((17,14)(24,15)) 1
((24,15)(31,15)) 1
((31,15)(30,14)) 1
((20,25)(26,8)) 1
((26,8)(20,25)) 1
((20,25)(20,26)) 2
((20,26)(20,26)) 5
((20,26)(18,16)) 1
((21,17)(20,26)) 1
((20,26)(20,25)) 1
((20,25)(20,12)) 1
((20,12)(25,8)) 1
((25,8)(20,25)) 1
((21,15)(16,14)) 4
((18,7)(20,12)) 1
((20,12)(7,17)) 1
((14,15)(18,7)) 1
((18,7)(17,19)) 1
((17,19)(15,19)) 1
((15,19)(15,17)) 1
((14,18)(14,14)) 1
((18,6)(18,7)) 1
((6,12)(10,14)) 1
((11,14)(11,15)) 1
((11,15)(11,15)) 4
((11,15)(12,15)) 1
((22,12)(23,11)) 2
((22,10)(22,9)) 1
((22,9)(22,11)) 1
((23,11)(22,12)) 1
((22,9)(24,0)) 1
((24,0)(23,4)) 1
((23,4)(22,11)) 1
((15,15)(19,17)) 4
((18,16)(20,11)) 1
((21,1)(19,2)) 1
((19,2)(21,1)) 1
((22,1)(21,0)) 1
((21,0)(22,1)) 1
((17,11)(24,10)) 1
((24,10)(22,8)) 1
((19,16)(4,10)) 1
((4,10)(2,13)) 1
((2,13)(2,13)) 1
((2,13)(3,12)) 1
((3,12)(3,12)) 1
((3,12)(3,13)) 1
((3,13)(4,13)) 1
((4,13)(6,11)) 3
((9,12)(19,16)) 1
((13,6)(21,16)) 1
((17,36)(22,19)) 1
((22,19)(19,19)) 1
((19,19)(20,19)) 1
((20,19)(23,21)) 1
((23,21)(22,19)) 1
((22,19)(19,34)) 1
((19,34)(29,7)) 1
((29,7)(28,11)) 1
((28,11)(28,11)) 1
((28,11)(17,36)) 1
((17,36)(18,17)) 1
((18,17)(16,21)) 1
((23,18)(22,19)) 1
((21,17)(18,17)) 1
((18,17)(17,12)) 2
((22,19)(15,25)) 1
((15,25)(17,36)) 1
((17,36)(36,27)) 1
((36,27)(36,27)) 4
((36,27)(34,26)) 1
((34,26)(35,24)) 1
((35,24)(35,24)) 1
((35,24)(36,27)) 1
((22,31)(18,35)) 1
((16,37)(18,35)) 1
((23,16)(22,16)) 1
((22,16)(26,14)) 1
((26,14)(23,15)) 2
((26,14)(25,15)) 1
((25,15)(23,16)) 1
((23,11)(18,16)) 1
((24,39)(18,27)) 2
((18,27)(18,27)) 3
((18,27)(24,39)) 1
((18,27)(21,17)) 1
((21,17)(24,39)) 2
((18,6)(18,14)) 1
((20,12)(17,14)) 1
((20,12)(19,14)) 1
((16,21)(16,18)) 1
((16,21)(22,31)) 1
((18,12)(19,12)) 1
((28,13)(14,13)) 1
((37,29)(22,19)) 1
((22,19)(37,29)) 2
((37,29)(22,18)) 2
((22,18)(14,15)) 1
((22,18)(37,29)) 1
((10,3)(21,12)) 2
((21,12)(10,3)) 1
((10,3)(20,12)) 1
((20,12)(10,3)) 1
((12,5)(10,3)) 1
((10,3)(22,12)) 1
((24,13)(10,3)) 1
((9,11)(19,17)) 1
((19,17)(14,13)) 1
((8,13)(14,14)) 1
((9,13)(13,15)) 1
((13,15)(9,11)) 1
((22,12)(18,12)) 1
((21,17)(21,3)) 3
((21,3)(17,0)) 1
((21,15)(20,15)) 2
((20,15)(21,17)) 1
((23,16)(20,14)) 1
((4,10)(1,12)) 1
((9,9)(14,15)) 1
((14,15)(8,9)) 1
((8,9)(8,10)) 1
((9,9)(1,12)) 1
((1,12)(2,11)) 1
((3,11)(6,11)) 2
((9,9)(3,11)) 1
((9,9)(8,10)) 1
((17,15)(18,16)) 2
((18,16)(19,11)) 1
((19,15)(19,12)) 1
((18,7)(19,9)) 1
((19,9)(22,16)) 1
((23,16)(18,15)) 1
((18,15)(24,16)) 1
((24,16)(22,16)) 1
((22,17)(16,15)) 1
((16,15)(36,8)) 1
((36,8)(7,18)) 1
((7,18)(36,9)) 1
((36,9)(36,8)) 3
((19,9)(21,8)) 1
((22,8)(19,9)) 1
((26,20)(23,12)) 1
((23,12)(24,13)) 1
((28,13)(26,20)) 1
((22,18)(24,13)) 1
((27,12)(21,16)) 1
((17,17)(17,18)) 2
((18,17)(17,17)) 1
((17,18)(17,17)) 1
((21,12)(20,9)) 2
((20,9)(21,12)) 2
((20,12)(20,9)) 1
((20,9)(22,9)) 1
((15,14)(15,15)) 1
((14,14)(14,17)) 1
((15,19)(17,19)) 1
((20,17)(24,39)) 1
((22,31)(30,13)) 1
((22,31)(37,22)) 1
((37,22)(37,22)) 1
((37,22)(37,15)) 1
((37,15)(35,9)) 1
((32,12)(30,13)) 1
((11,14)(21,19)) 2
((22,22)(19,11)) 1
((21,17)(22,23)) 1
((19,11)(21,17)) 2
((22,22)(21,17)) 2
((18,13)(17,16)) 1
((21,17)(17,15)) 1
((17,15)(22,17)) 1
((14,2)(4,10)) 1
((20,14)(14,13)) 1
((25,5)(20,12)) 1
((20,14)(15,19)) 1
((13,2)(20,12)) 1
((20,12)(13,2)) 3
((13,2)(22,17)) 1
((21,17)(13,2)) 1
((16,36)(16,28)) 1
((16,28)(19,13)) 1
((19,13)(18,26)) 1
((18,26)(19,17)) 3
((20,12)(23,29)) 1
((14,15)(9,14)) 2
((17,15)(20,12)) 1
((9,14)(19,17)) 1
((19,17)(9,14)) 1
((12,14)(22,17)) 1
((22,17)(10,9)) 2
((24,15)(10,9)) 2
((10,9)(7,10)) 2
((7,10)(6,11)) 1
((6,12)(15,15)) 2
((20,17)(17,16)) 1
((24,25)(18,15)) 1
((18,15)(20,14)) 1
((20,14)(24,25)) 1
((24,25)(20,14)) 1
((28,13)(16,15)) 1
((14,13)(12,12)) 2
((12,12)(13,11)) 1
((13,14)(23,24)) 1
((23,24)(15,15)) 1
((19,27)(19,27)) 5
((19,27)(21,15)) 2
((16,37)(19,27)) 1
((16,37)(16,28)) 1
((16,28)(20,36)) 1
((22,31)(19,28)) 1
((19,28)(19,27)) 1
((19,27)(22,16)) 1
((18,16)(19,27)) 1
((19,27)(18,27)) 1
((19,28)(7,18)) 1
((7,18)(18,25)) 1
((18,25)(19,28)) 1
((11,14)(22,17)) 1
((22,17)(11,13)) 1
((11,13)(11,14)) 1
((11,14)(14,14)) 1
((14,14)(15,13)) 1
((15,13)(11,14)) 1
((11,14)(16,12)) 1
((17,12)(21,8)) 1
((21,8)(22,9)) 1
((22,9)(21,8)) 1
((21,8)(12,17)) 1
((12,17)(12,17)) 1
((12,17)(13,21)) 1
((24,15)(23,13)) 1
((23,13)(24,15)) 1
((24,13)(24,15)) 4
((24,15)(21,12)) 2
((21,12)(24,15)) 1
((23,18)(24,19)) 2
((25,21)(24,20)) 1
((24,20)(24,20)) 1
((24,20)(25,20)) 1
((25,20)(22,19)) 1
((22,19)(25,20)) 1
((25,21)(25,23)) 1
((25,23)(22,20)) 1
((21,19)(25,23)) 1
((25,23)(25,21)) 1
((27,20)(26,20)) 3
((26,20)(18,12)) 2
((15,13)(21,17)) 2
((18,14)(8,8)) 1
((8,8)(14,12)) 1
((22,14)(21,17)) 1
((19,16)(21,15)) 1
((24,10)(20,12)) 2
((20,12)(21,4)) 1
((21,4)(20,13)) 1
((20,13)(24,15)) 2
((24,15)(24,14)) 1
((24,14)(21,17)) 1
((19,17)(32,3)) 1
((32,3)(20,12)) 1
((32,3)(6,11)) 1
((5,11)(8,13)) 1
((19,16)(29,5)) 1
((18,14)(18,12)) 1
((17,12)(25,13)) 1
((19,18)(24,13)) 1
((6,7)(9,8)) 1
((9,8)(17,14)) 1
((17,14)(9,8)) 1
((9,8)(15,15)) 1
((17,12)(8,9)) 1
((16,15)(24,15)) 1
((9,13)(10,15)) 1
((10,15)(7,16)) 1
((7,16)(8,13)) 1
((8,13)(8,12)) 1
((8,12)(8,12)) 2
((8,12)(8,13)) 2
((7,13)(8,13)) 1
((27,14)(35,9)) 1
((35,9)(24,16)) 2
((24,16)(34,9)) 1
((34,10)(35,9)) 2
((25,16)(35,9)) 1
((24,16)(24,13)) 2
((25,20)(25,19)) 2
((21,17)(28,18)) 1
((28,18)(34,19)) 1
((21,17)(34,19)) 1
((34,19)(24,13)) 1
((23,24)(24,19)) 1
((24,39)(16,15)) 1
((24,39)(14,14)) 1
((14,14)(23,37)) 1
((23,37)(21,17)) 1
((15,9)(17,4)) 1
((17,4)(17,4)) 1
((17,4)(27,17)) 1
((27,17)(27,17)) 1
((27,17)(24,10)) 1
((24,10)(23,8)) 1
((23,8)(13,14)) 1
((13,14)(19,6)) 1
((19,6)(19,6)) 2
((19,6)(16,1)) 1
((16,1)(23,8)) 1
((20,14)(17,28)) 2
((17,28)(17,27)) 1
((17,27)(17,27)) 2
((17,27)(15,28)) 1
((15,28)(17,28)) 1
((17,28)(20,33)) 1
((20,33)(20,33)) 1
((20,33)(17,28)) 1
((23,16)(31,13)) 1
((24,13)(22,14)) 1
((24,8)(25,10)) 1
((25,10)(22,14)) 1
((22,12)(16,12)) 2
((14,14)(3,10)) 1
((3,10)(22,12)) 2
((3,10)(14,15)) 1
((14,15)(18,17)) 1
((18,17)(15,15)) 1
((20,12)(20,36)) 2
((21,11)(19,13)) 1
((19,13)(24,13)) 1
((22,17)(19,16)) 1
((22,16)(22,19)) 1
((21,18)(26,24)) 1
((26,24)(22,17)) 1
((22,17)(26,15)) 1
((26,15)(22,17)) 1
((16,5)(13,6)) 1
((8,15)(9,14)) 1
((8,15)(10,14)) 1
((17,12)(18,15)) 3
((17,12)(21,14)) 1
((21,14)(17,12)) 1
((33,9)(21,17)) 1
((22,17)(33,10)) 1
((34,9)(33,10)) 1
((33,10)(33,11)) 1
((16,15)(24,3)) 2
((24,3)(16,15)) 1
((21,12)(24,3)) 1
((33,14)(20,14)) 1
((20,13)(33,14)) 1
((20,13)(20,14)) 1
((20,14)(27,14)) 1
((27,14)(33,14)) 1
((33,14)(20,12)) 1
((20,13)(32,15)) 1
((32,15)(32,16)) 1
((18,15)(19,14)) 1
((16,12)(6,7)) 2
((21,0)(21,17)) 1
((21,17)(21,0)) 1
((21,0)(21,9)) 1
((17,16)(20,18)) 2
((20,18)(23,18)) 2
((23,18)(17,16)) 1
((23,18)(20,12)) 1
((20,14)(23,18)) 1
((23,18)(19,13)) 1
((19,13)(21,17)) 1
((24,13)(28,10)) 1
((28,10)(28,10)) 1
((28,10)(24,13)) 1
((24,13)(38,21)) 1
((38,21)(38,21)) 3
((38,21)(37,21)) 1
((37,21)(37,21)) 5
((14,15)(22,13)) 1
((22,13)(19,17)) 1
((34,8)(18,12)) 1
((18,12)(15,15)) 1
((15,15)(18,12)) 1
((18,12)(34,8)) 1
((34,8)(18,16)) 1
((18,16)(34,8)) 1
((21,17)(17,0)) 1
((17,0)(19,1)) 1
((19,1)(19,0)) 1
((17,0)(22,18)) 1
((25,19)(24,19)) 1
((25,20)(22,17)) 1
((25,20)(21,17)) 2
((18,7)(19,6)) 1
((19,6)(18,8)) 1
((6,14)(22,19)) 1
((22,19)(18,18)) 2
((18,18)(6,14)) 1
((6,14)(6,11)) 1
((6,11)(5,14)) 1
((5,14)(6,11)) 1
((11,14)(18,13)) 1
((18,13)(17,11)) 1
((17,11)(11,14)) 1
((11,14)(18,10)) 1
((16,7)(11,14)) 1
((11,14)(20,12)) 1
((20,12)(11,14)) 1
((20,12)(16,9)) 1
((16,9)(21,16)) 1
((16,9)(20,12)) 1
((21,0)(17,12)) 1
((25,22)(20,18)) 1
((20,18)(25,23)) 1
((25,23)(24,17)) 1
((20,12)(16,21)) 1
((16,21)(20,18)) 1
((20,18)(20,12)) 1
((16,26)(16,26)) 10
((16,26)(17,25)) 2
((17,25)(16,26)) 3
((16,26)(18,26)) 2
((18,26)(17,25)) 2
((34,8)(28,13)) 1
((34,8)(37,21)) 1
((37,21)(38,21)) 1
((21,16)(20,20)) 1
((20,20)(23,29)) 1
((17,12)(14,10)) 1
((14,10)(20,21)) 1
((24,12)(16,13)) 2
((16,13)(24,12)) 2
((20,17)(10,9)) 2
((17,16)(10,9)) 3
((17,9)(10,7)) 1
((10,7)(10,9)) 1
((18,16)(17,19)) 2
((17,19)(18,19)) 1
((26,12)(38,21)) 1
((38,21)(26,12)) 1
((26,12)(21,17)) 1
((26,12)(25,12)) 1
((25,12)(26,12)) 1
((20,12)(27,10)) 1
((27,10)(17,0)) 1
((27,10)(20,12)) 1
((17,0)(27,9)) 1
((27,9)(27,10)) 1
((22,16)(22,8)) 1
((22,8)(22,16)) 2
((21,17)(22,8)) 1
((22,16)(18,14)) 1
((16,12)(18,17)) 2
((16,12)(17,17)) 2
((17,17)(16,12)) 2
((16,12)(4,7)) 1
((4,7)(10,9)) 1
((10,9)(4,7)) 1
((4,10)(7,10)) 1
((7,10)(10,9)) 1
((12,13)(14,14)) 2
((13,14)(16,19)) 1
((16,19)(16,21)) 1
((15,25)(16,37)) 2
((16,37)(19,16)) 1
((19,16)(16,12)) 2
((12,9)(11,9)) 1
((7,10)(4,10)) 1
((4,10)(2,9)) 1
((2,9)(2,9)) 1
((20,12)(20,18)) 2
((20,18)(15,14)) 1
((15,14)(20,11)) 1
((21,11)(14,13)) 1
((10,9)(13,6)) 1
((10,9)(13,9)) 2
((10,9)(9,8)) 1
((8,8)(13,8)) 1
((21,3)(22,17)) 1
((14,17)(21,17)) 1
((17,12)(20,11)) 2
((20,11)(13,15)) 1
((13,15)(10,7)) 1
((10,7)(15,19)) 1
((15,18)(19,13)) 1
((20,12)(21,14)) 1
((21,14)(20,12)) 1
((16,37)(17,37)) 1
((19,18)(19,16)) 1
((19,16)(19,20)) 1
((19,20)(21,17)) 1
((19,16)(18,12)) 1
((18,14)(7,7)) 1
((7,7)(8,8)) 1
((8,8)(7,7)) 1
((7,7)(18,14)) 1
((18,14)(10,9)) 1
((10,9)(21,17)) 1
((21,17)(19,23)) 2
((19,23)(21,17)) 1
((19,23)(33,6)) 1
((33,6)(33,6)) 1
((33,6)(19,23)) 1
((19,23)(18,24)) 1
((14,15)(10,18)) 1
((10,18)(10,18)) 1
((10,18)(14,15)) 1
((12,14)(21,15)) 1
((15,8)(14,14)) 1
((18,16)(19,18)) 1
((19,18)(18,16)) 1
((20,12)(24,10)) 1
((18,14)(20,11)) 1
((8,8)(10,9)) 2
((10,7)(8,8)) 1
((12,5)(12,12)) 1
((12,12)(14,13)) 1
((14,13)(6,11)) 1
((33,5)(33,5)) 3
((33,5)(32,3)) 2
((32,3)(33,5)) 1
((33,5)(35,7)) 1
((35,7)(35,7)) 1
((35,7)(36,8)) 1
((34,6)(33,5)) 1
((14,14)(21,3)) 1
((21,3)(22,9)) 1
((27,21)(22,17)) 3
((22,17)(27,21)) 1
((21,17)(27,21)) 1
((24,17)(26,18)) 1
((26,18)(26,18)) 1
((20,18)(19,17)) 1
((34,31)(14,15)) 1
((35,32)(35,31)) 1
((17,8)(15,15)) 1
((17,16)(6,14)) 1
((6,14)(18,17)) 1
((8,13)(7,18)) 1
((36,8)(21,17)) 2
((21,17)(36,8)) 1
((16,7)(15,7)) 1
((15,7)(16,8)) 1
((16,8)(16,8)) 4
((16,8)(16,7)) 1
((16,7)(16,8)) 2
((16,8)(16,9)) 1
((16,9)(15,7)) 1
((15,7)(16,7)) 1
((24,27)(18,16)) 1
((18,16)(21,33)) 2
((21,20)(18,16)) 3
((21,20)(19,16)) 1
((18,16)(24,27)) 1
((22,16)(26,12)) 1
((26,12)(24,13)) 1
((22,16)(19,17)) 1
((16,37)(18,15)) 1
((19,16)(20,12)) 3
((19,12)(18,15)) 1
((18,15)(19,18)) 1
((16,37)(20,36)) 1
((12,5)(15,26)) 1
((15,26)(14,26)) 1
((14,26)(15,26)) 1
((12,13)(21,3)) 1
((21,3)(18,14)) 1
((18,14)(21,3)) 1
((19,17)(16,4)) 1
((16,4)(13,6)) 1
((16,15)(25,12)) 1
((25,12)(14,14)) 1
((15,15)(23,18)) 1
((24,17)(24,14)) 1
((24,14)(24,12)) 1
((22,17)(24,14)) 1
((24,14)(26,11)) 1
((13,14)(19,17)) 1
((20,16)(17,12)) 1
((12,5)(13,6)) 1
((21,20)(12,5)) 1
((10,9)(26,14)) 1
((26,14)(16,14)) 2
((16,14)(10,9)) 2
((16,14)(26,14)) 1
((10,9)(2,11)) 1
((2,11)(6,7)) 1
((6,7)(10,9)) 1
((10,9)(26,15)) 1
((26,15)(15,15)) 1
((22,19)(14,13)) 1
((14,13)(14,12)) 1
((14,12)(13,12)) 1
((13,12)(13,12)) 1
((13,12)(12,10)) 1
((13,11)(11,5)) 1
((10,2)(6,7)) 1
((6,7)(7,8)) 1
((9,8)(12,9)) 1
((12,9)(10,10)) 1
((10,10)(9,11)) 1
((9,11)(8,12)) 1
((9,12)(9,11)) 1
((9,11)(10,11)) 1
((10,11)(10,11)) 3
((10,11)(13,8)) 1
((13,8)(24,13)) 1
((5,12)(6,11)) 2
((6,11)(4,9)) 1
((4,9)(4,9)) 1
((4,9)(6,11)) 1
((19,17)(20,28)) 1
((20,28)(20,36)) 1
((18,16)(20,36)) 1
((22,31)(20,29)) 1
((20,29)(18,26)) 1
((18,26)(20,17)) 1
((20,16)(20,36)) 1
((20,36)(22,16)) 1
((21,16)(19,37)) 1
((6,8)(9,3)) 1
((9,3)(21,12)) 1
((10,2)(9,3)) 1
((9,3)(6,9)) 1
((6,8)(6,9)) 1
((6,9)(10,2)) 1
((10,2)(16,10)) 1
((24,32)(24,31)) 3
((16,24)(16,25)) 2
((24,32)(15,25)) 1
((15,25)(16,24)) 1
((16,24)(24,31)) 1
((16,25)(24,32)) 1
((22,19)(34,8)) 1
((34,8)(22,19)) 1
((22,19)(21,19)) 1
((21,19)(18,17)) 1
((4,10)(25,17)) 1
((25,17)(25,17)) 3
((25,17)(19,17)) 1
((12,14)(4,10)) 1
((19,17)(5,8)) 1
((5,8)(6,11)) 1
((6,11)(6,14)) 1
((26,15)(25,15)) 1
((25,15)(27,14)) 1
((28,13)(23,18)) 1
((23,18)(16,15)) 1
((16,15)(15,12)) 1
((15,12)(18,12)) 1
((18,12)(25,15)) 1
((25,15)(26,15)) 1
((36,32)(38,29)) 1
((38,29)(37,29)) 2
((37,29)(38,29)) 1
((21,17)(32,25)) 1
((32,25)(21,17)) 2
((21,12)(6,7)) 1
((8,9)(7,10)) 4
((7,11)(8,9)) 1
((7,10)(7,11)) 1
((7,11)(6,11)) 1
((6,11)(8,9)) 1
((9,13)(21,17)) 3
((37,29)(9,11)) 1
((20,14)(18,4)) 2
((20,14)(18,7)) 1
((18,7)(18,4)) 1
((20,14)(18,8)) 1
((20,16)(21,16)) 1
((20,36)(22,17)) 1
((22,17)(24,18)) 1
((24,18)(19,34)) 1
((19,34)(20,36)) 1
((20,36)(20,19)) 1
((20,19)(25,17)) 1
((25,17)(23,18)) 1
((23,18)(20,36)) 2
((20,36)(30,11)) 1
((30,11)(30,11)) 1
((30,11)(25,17)) 1
((25,17)(24,18)) 1
((24,18)(15,22)) 1
((15,22)(15,22)) 1
((15,22)(23,18)) 1
((23,18)(20,21)) 1
((20,21)(20,36)) 1
((20,36)(18,38)) 1
((18,38)(19,37)) 1
((19,37)(14,15)) 1
((15,15)(16,37)) 1
((16,37)(19,37)) 1
((21,1)(24,1)) 1
((24,1)(21,1)) 1
((18,16)(21,16)) 1
((21,16)(20,19)) 1
((20,19)(18,16)) 1
((16,15)(17,12)) 1
((19,13)(24,8)) 3
((24,8)(19,13)) 3
((24,8)(26,6)) 1
((16,28)(19,18)) 1
((19,18)(16,28)) 2
((16,28)(21,10)) 1
((21,10)(14,14)) 1
((14,14)(16,21)) 1
((16,28)(17,27)) 1
((17,27)(16,28)) 1
((21,1)(19,15)) 1
((20,14)(18,16)) 1
((18,16)(14,13)) 1
((21,1)(18,16)) 1
((20,12)(23,17)) 1
((14,13)(37,29)) 1
((16,28)(16,37)) 1
((19,17)(21,10)) 1
((21,10)(20,9)) 1
((20,9)(19,17)) 1
((18,9)(14,2)) 1
((14,2)(18,9)) 1
((20,12)(21,33)) 1
((21,33)(17,39)) 1
((17,39)(21,20)) 1
((13,2)(16,4)) 1
((21,17)(13,1)) 1
((13,1)(23,29)) 1
((23,29)(21,34)) 1
((19,17)(21,16)) 2
((21,16)(18,13)) 1
((18,13)(21,15)) 1
((10,2)(21,17)) 2
((21,17)(10,2)) 2
((25,10)(21,17)) 2
((21,17)(25,10)) 2
((25,10)(15,15)) 2
((25,10)(10,9)) 1
((10,9)(25,10)) 1
((17,39)(18,16)) 2
((18,16)(17,39)) 1
((18,16)(16,37)) 1
((18,16)(20,13)) 1
((20,13)(17,39)) 1
((17,39)(10,9)) 1
((10,9)(17,39)) 1
((17,39)(18,15)) 1
((20,17)(9,13)) 1
((9,13)(14,15)) 1
((17,16)(8,13)) 1
((34,8)(8,13)) 1
((19,27)(18,17)) 1
((24,19)(25,19)) 2
((21,17)(18,13)) 1
((26,29)(26,29)) 9
((26,29)(24,27)) 3
((24,27)(26,29)) 3
((26,29)(20,17)) 1
((20,17)(26,29)) 1
((26,29)(36,24)) 1
((6,12)(14,14)) 1
((14,14)(6,12)) 1
((23,14)(22,14)) 3
((22,14)(26,3)) 2
((26,3)(26,3)) 4
((26,3)(24,12)) 1
((24,12)(23,14)) 1
((22,14)(24,7)) 1
((24,7)(26,2)) 1
((26,2)(26,2)) 1
((26,2)(22,14)) 1
((26,3)(25,2)) 1
((25,2)(24,8)) 1
((22,14)(20,16)) 1
((20,16)(22,31)) 1
((10,10)(17,12)) 1
((10,10)(19,17)) 1
((19,17)(12,13)) 2
((12,13)(10,9)) 2
((10,9)(6,9)) 1
((6,9)(12,13)) 1
((9,13)(14,14)) 1
((9,12)(21,17)) 1
((22,9)(21,10)) 2
((21,10)(22,12)) 1
((21,17)(25,20)) 1
((40,18)(30,18)) 1
((10,12)(12,13)) 2
((12,13)(14,13)) 2
((14,13)(17,12)) 1
((14,13)(13,13)) 2
((13,13)(11,10)) 2
((11,10)(10,11)) 2
((10,11)(9,11)) 1
((9,11)(9,12)) 2
((9,12)(10,12)) 2
((14,13)(16,12)) 1
((16,12)(18,12)) 1
((14,13)(11,10)) 1
((11,10)(21,11)) 1
((18,12)(14,13)) 1
((14,13)(9,11)) 1
((12,12)(10,12)) 1
((10,12)(18,12)) 1
((20,11)(15,13)) 1
((10,11)(9,12)) 1
((20,18)(22,20)) 2
((22,19)(22,9)) 1
((32,12)(18,35)) 1
((32,12)(19,34)) 1
((19,34)(27,30)) 1
((24,17)(32,12)) 1
((32,12)(21,17)) 1
((21,17)(32,12)) 1
((17,18)(20,12)) 1
((18,17)(21,20)) 1
((22,19)(16,12)) 1
((16,12)(23,18)) 1
((23,18)(22,18)) 1
((22,19)(20,11)) 1
((17,12)(12,14)) 1
((13,14)(11,14)) 1
((8,13)(24,16)) 1
((24,16)(24,19)) 1
((25,19)(26,20)) 1
((24,6)(24,8)) 1
((25,5)(24,8)) 1
((17,12)(24,6)) 1
((24,6)(17,12)) 1
((16,9)(24,16)) 1
((24,8)(24,6)) 1
((19,11)(18,10)) 1
((19,9)(19,11)) 1
((19,11)(18,12)) 1
((18,12)(19,11)) 1
((29,3)(17,12)) 1
((15,7)(15,8)) 2
((20,12)(29,3)) 1
((29,3)(26,0)) 4
((26,0)(15,7)) 2
((15,8)(26,0)) 1
((15,7)(24,13)) 1
((13,9)(19,18)) 1
((19,17)(16,15)) 1
((16,15)(19,18)) 1
((6,7)(19,18)) 1
((13,9)(6,7)) 2
((6,7)(24,13)) 1
((6,7)(16,12)) 1
((18,18)(22,17)) 1
((22,17)(8,8)) 1
((6,7)(16,15)) 1
((16,15)(16,14)) 1
((16,14)(12,9)) 1
((12,9)(6,7)) 1
((10,9)(5,10)) 1
((5,10)(10,8)) 1
((9,10)(10,8)) 1
((10,8)(9,10)) 1
((9,9)(6,12)) 1
((5,11)(6,12)) 1
((6,12)(10,9)) 1
((8,10)(11,8)) 1
((11,8)(10,8)) 1
((10,8)(6,12)) 1
((6,12)(10,8)) 1
((10,8)(10,7)) 1
((19,11)(21,21)) 1
((21,12)(18,12)) 1
((18,12)(18,14)) 1
((18,18)(22,19)) 1
((18,18)(20,17)) 1
((22,17)(18,18)) 1
((18,18)(18,19)) 1
((18,19)(15,17)) 1
((15,17)(19,17)) 1
((19,17)(19,19)) 1
((19,19)(20,17)) 1
((20,17)(17,19)) 1
((19,16)(21,21)) 1
((21,10)(20,10)) 1
((20,10)(18,13)) 1
((18,13)(20,10)) 1
((20,17)(6,11)) 1
((6,11)(10,7)) 1
((10,7)(18,10)) 1
((18,16)(6,12)) 1
((20,16)(6,12)) 2
((6,12)(5,12)) 2
((6,12)(20,16)) 2
((15,19)(20,12)) 1
((17,19)(19,17)) 1
((16,19)(15,17)) 1
((5,11)(16,15)) 1
((16,15)(8,13)) 1
((5,12)(16,15)) 1
((6,11)(16,28)) 1
((15,11)(17,14)) 1
((17,14)(16,11)) 1
((17,14)(17,12)) 2
((15,11)(17,12)) 3
((15,11)(11,10)) 1
((11,10)(17,14)) 1
((17,14)(15,15)) 1
((15,13)(16,11)) 1
((15,39)(16,37)) 2
((16,38)(15,39)) 1
((16,21)(18,13)) 1
((18,13)(19,15)) 1
((19,15)(16,21)) 1
((20,13)(19,17)) 1
((18,16)(10,3)) 1
((10,3)(11,2)) 1
((11,2)(10,3)) 2
((17,16)(11,2)) 1
((10,3)(21,17)) 1
((22,19)(19,16)) 1
((19,16)(20,14)) 1
((18,17)(22,20)) 1
((10,9)(21,16)) 1
((18,17)(18,14)) 2
((18,14)(18,17)) 1
((8,8)(14,10)) 1
((14,10)(17,11)) 1
((19,10)(19,5)) 1
((19,5)(20,11)) 1
((14,13)(14,15)) 1
((20,17)(20,14)) 1
((20,14)(16,21)) 1
((27,6)(20,11)) 1
((20,11)(19,17)) 1
((14,12)(13,11)) 2
((13,11)(14,12)) 1
((13,11)(13,8)) 2
((13,11)(18,16)) 1
((15,25)(14,15)) 1
((16,4)(15,3)) 4
((18,9)(15,3)) 2
((15,3)(21,16)) 1
((15,3)(17,16)) 1
((17,7)(18,9)) 1
((13,13)(14,14)) 1
((16,37)(14,39)) 2
((14,39)(16,37)) 1
((34,22)(34,23)) 2
((34,22)(35,20)) 1
((36,20)(34,19)) 1
((24,7)(16,37)) 1
((16,21)(25,10)) 1
((25,10)(24,7)) 1
((18,16)(24,7)) 1
((24,7)(25,10)) 1
((18,17)(19,18)) 1
((19,18)(15,25)) 1
((10,16)(12,15)) 1
((12,15)(15,11)) 1
((16,12)(15,11)) 1
((20,12)(29,11)) 3
((29,11)(20,12)) 2
((21,15)(14,13)) 1
((14,13)(21,15)) 1
((21,15)(14,12)) 1
((14,12)(21,15)) 1
((21,15)(6,7)) 1
((6,7)(21,15)) 1
((21,15)(19,21)) 1
((19,21)(8,8)) 1
((27,8)(18,12)) 1
((18,12)(18,10)) 2
((18,10)(13,2)) 2
((13,2)(18,10)) 1
((18,12)(16,9)) 1
((17,12)(25,10)) 1
((25,10)(13,2)) 1
((13,2)(27,8)) 2
((27,8)(25,10)) 1
((25,10)(18,12)) 1
((27,8)(24,12)) 1
((24,0)(17,12)) 1
((20,15)(19,17)) 1
((17,15)(19,17)) 1
((25,20)(31,19)) 1
((31,19)(20,25)) 1
((15,25)(15,8)) 1
((15,8)(22,17)) 1
((22,17)(16,8)) 1
((16,8)(17,8)) 1
((17,8)(19,11)) 1
((19,11)(16,4)) 1
((16,4)(15,8)) 1
((20,16)(19,15)) 1
((19,15)(13,4)) 1
((13,4)(20,16)) 1
((20,16)(14,2)) 1
((14,2)(13,6)) 1
((13,6)(19,15)) 1
((20,16)(13,6)) 1
((13,6)(14,2)) 1
((14,2)(18,20)) 1
((18,20)(19,17)) 1
((20,16)(12,5)) 1
((12,5)(21,16)) 1
((19,17)(16,29)) 1
((18,16)(16,29)) 1
((16,28)(17,25)) 1
((9,9)(20,12)) 1
((20,12)(14,10)) 1
((14,10)(12,10)) 1
((12,10)(11,9)) 1
((11,9)(9,9)) 1
((10,9)(21,20)) 1
((21,20)(19,22)) 1
((19,22)(21,20)) 1
((21,20)(10,9)) 1
((7,9)(7,10)) 2
((7,10)(28,13)) 1
((27,14)(7,10)) 1
((7,9)(19,34)) 1
((19,34)(18,16)) 1
((18,16)(17,15)) 1
((20,12)(33,25)) 2
((20,12)(17,7)) 1
((22,17)(17,12)) 1
((18,15)(15,17)) 1
((15,17)(15,9)) 1
((22,20)(24,17)) 1
((24,17)(22,20)) 1
((29,27)(27,23)) 1
((27,23)(26,20)) 1
((26,20)(27,23)) 1
((21,16)(22,17)) 1
((18,17)(19,13)) 1
((19,13)(20,15)) 1
((20,15)(24,17)) 1
((24,17)(36,8)) 1
((36,9)(19,16)) 1
((36,8)(18,16)) 1
((18,17)(33,10)) 1
((33,10)(36,8)) 1
((22,17)(14,15)) 1
((10,9)(13,3)) 2
((13,3)(13,2)) 3
((11,9)(17,16)) 1
((17,16)(9,15)) 1
((9,15)(8,16)) 1
((8,16)(8,16)) 1
((8,16)(7,18)) 1
((7,18)(6,12)) 1
((13,2)(10,15)) 1
((6,11)(13,3)) 1
((13,3)(17,16)) 1
((17,16)(21,12)) 1
((13,2)(14,13)) 1
((14,13)(13,2)) 1
((13,2)(13,6)) 1
((13,6)(13,2)) 1
((21,11)(19,10)) 1
((19,10)(22,12)) 1
((21,12)(19,11)) 1
((20,11)(22,16)) 2
((22,16)(21,11)) 1
((22,9)(23,9)) 1
((27,24)(18,16)) 2
((18,16)(27,25)) 1
((19,17)(27,25)) 1
((19,16)(27,25)) 1
((27,24)(17,16)) 1
((15,15)(17,14)) 1
((17,14)(17,15)) 1
((17,15)(21,17)) 1
((6,11)(20,12)) 2
((20,12)(4,13)) 1
((22,17)(21,15)) 1
((37,29)(37,27)) 1
((37,27)(37,27)) 1
((37,27)(37,21)) 1
((37,21)(22,17)) 1
((8,13)(21,33)) 1
((21,34)(14,15)) 2
((13,15)(22,30)) 1
((22,30)(21,33)) 2
((15,15)(21,34)) 1
((22,30)(21,16)) 1
((21,16)(16,21)) 1
((16,21)(16,19)) 1
((13,15)(10,14)) 1
((10,14)(7,15)) 1
((21,34)(7,15)) 1
((15,15)(22,30)) 1
((24,13)(6,11)) 1
((18,15)(17,11)) 1
((17,11)(18,15)) 1
((18,9)(15,15)) 1
((15,15)(18,9)) 1
((7,10)(18,16)) 1
((9,9)(6,9)) 1
((18,14)(32,14)) 1
((32,14)(32,14)) 4
((32,14)(19,17)) 1
((22,17)(32,14)) 1
((32,14)(23,18)) 1
((23,18)(32,12)) 1
((32,12)(32,14)) 1
((32,14)(18,13)) 1
((18,13)(26,14)) 1
((26,14)(32,14)) 1
((24,13)(27,12)) 2
((27,12)(16,15)) 1
((16,15)(7,18)) 1
((7,17)(9,15)) 1
((9,15)(10,15)) 1
((10,15)(11,15)) 1
((11,15)(17,16)) 1
((12,9)(7,18)) 1
((28,13)(24,15)) 1
((21,17)(28,13)) 1
((22,20)(16,15)) 1
((16,15)(20,18)) 1
((19,17)(22,20)) 1
((14,15)(22,20)) 1
((20,10)(17,0)) 2
((21,17)(19,12)) 1
((19,16)(26,0)) 2
((26,0)(20,12)) 1
((26,0)(19,16)) 1
((19,16)(24,12)) 1
((11,9)(20,17)) 1
((16,37)(11,9)) 1
((11,9)(11,6)) 1
((17,37)(20,21)) 1
((20,21)(17,37)) 1
((17,37)(20,22)) 1
((20,22)(20,21)) 1
((20,21)(21,21)) 1
((18,3)(9,13)) 1
((32,12)(18,19)) 2
