(17,5): 0.002
(19,17): 0.037
(21,0): 0.005
(19,18): 0.003
(16,37): 0.01
(24,39): 0.006
(24,17): 0.007
(16,13): 0.002
(29,12): 0.002
(19,16): 0.005
(16,1): 0.003
(11,14): 0.006
(21,17): 0.061
(17,0): 0.02
(20,21): 0.005
(20,38): 0.002
(20,12): 0.048
(26,20): 0.007
(6,11): 0.01
(18,7): 0.006
(20,36): 0.013
(19,13): 0.005
(18,17): 0.003
(15,8): 0.002
(21,20): 0.005
(13,14): 0.006
(17,12): 0.019
(5,6): 0.002
(16,24): 0.001
(11,2): 0.002
(23,8): 0.002
(6,12): 0.004
(20,2): 0.001
(21,5): 0.002
(22,17): 0.02
(19,12): 0.003
(22,16): 0.004
(21,12): 0.004
(20,8): 0.002
(9,12): 0.006
(22,20): 0.007
(24,7): 0.001
(24,13): 0.033
(16,28): 0.007
(20,39): 0.003
(22,9): 0.004
(25,14): 0.001
(18,11): 0.002
(18,38): 0.001
(20,13): 0.001
(11,7): 0.002
(15,15): 0.011
(23,16): 0.002
(21,33): 0.008
(18,21): 0.001
(23,12): 0.001
(21,3): 0.012
(5,8): 0.001
(14,7): 0.001
(20,9): 0.001
(6,7): 0.006
(36,32): 0.002
(9,10): 0.001
(19,10): 0.001
(33,27): 0.002
(31,19): 0.002
(13,11): 0.002
(26,11): 0.003
(16,12): 0.006
(17,11): 0.003
(18,14): 0.005
(10,9): 0.012
(32,3): 0.005
(20,23): 0.001
(20,29): 0.002
(21,1): 0.008
(29,8): 0.001
(38,30): 0.002
(18,10): 0.001
(23,13): 0.001
(33,24): 0.001
(20,18): 0.002
(8,13): 0.007
(18,19): 0.003
(27,24): 0.002
(14,2): 0.005
(34,7): 0.002
(21,19): 0.007
(14,14): 0.003
(25,23): 0.001
(8,8): 0.009
(7,18): 0.007
(17,19): 0.003
(22,30): 0.002
(17,16): 0.009
(16,19): 0.003
(14,26): 0.001
(23,23): 0.001
(12,5): 0.007
(26,6): 0.003
(24,25): 0.002
(14,13): 0.004
(21,8): 0.004
(29,7): 0.001
(14,15): 0.008
(9,17): 0.001
(14,18): 0.002
(26,16): 0.001
(19,37): 0.003
(18,5): 0.002
(23,11): 0.002
(22,1): 0.001
(27,14): 0.002
(21,7): 0.002
(23,21): 0.001
(18,6): 0.001
(16,21): 0.002
(28,14): 0.002
(9,11): 0.003
(22,12): 0.007
(13,9): 0.003
(9,8): 0.003
(18,12): 0.006
(36,9): 0.002
(8,18): 0.001
(0,25): 0.002
(30,13): 0.003
(21,15): 0.004
(22,23): 0.002
(17,15): 0.003
(6,10): 0.001
(13,2): 0.004
(22,31): 0.004
(12,12): 0.001
(9,14): 0.002
(19,28): 0.002
(22,19): 0.005
(25,20): 0.003
(18,13): 0.002
(35,9): 0.002
(15,26): 0.001
(31,13): 0.002
(3,10): 0.002
(22,18): 0.003
(16,5): 0.002
(24,3): 0.002
(32,15): 0.002
(18,15): 0.002
(28,13): 0.003
(17,2): 0.004
(16,9): 0.002
(21,18): 0.002
(34,8): 0.003
(24,12): 0.006
(26,12): 0.002
(27,23): 0.002
(34,31): 0.001
(16,23): 0.001
(37,15): 0.003
(6,8): 0.001
(10,2): 0.003
(24,32): 0.002
(7,10): 0.001
(9,13): 0.005
(18,4): 0.002
(24,8): 0.004
(25,10): 0.003
(20,14): 0.004
(21,10): 0.001
(40,18): 0.001
(32,12): 0.003
(26,0): 0.003
(10,8): 0.001
(11,9): 0.001
(6,14): 0.002
(16,38): 0.001
(18,26): 0.001
(10,3): 0.002
(15,3): 0.002
(13,13): 0.002
(35,20): 0.001
(22,7): 0.001
(15,11): 0.002
(14,17): 0.004
(21,16): 0.005
(5,10): 0.001
(4,13): 0.002
(3,11): 0.002
(24,14): 0.001
(19,14): 0.002
(16,0): 0.001
(24,27): 0.003
(34,9): 0.002
(23,9): 0.001
(25,13): 0.003
(32,28): 0.003
(17,14): 0.001
(31,23): 0.001
(7,11): 0.001
(18,16): 0.008
(5,14): 0.001
(16,15): 0.003
(31,22): 0.001
(37,29): 0.004
(26,15): 0.002
(33,29): 0.003
(27,9): 0.002
(18,20): 0.002
(21,11): 0.002
(24,19): 0.001
(25,25): 0.001
(6,9): 0.002
(23,17): 0.001
(15,13): 0.001
(23,6): 0.001
(18,9): 0.002
(8,14): 0.001
(24,0): 0.001
(21,21): 0.002
(19,11): 0.002
(24,15): 0.003
(10,12): 0.001
(17,28): 0.001
(19,9): 0.001
(15,5): 0.001
(17,8): 0.002
(25,12): 0.001
(24,2): 0.001
(17,39): 0.001
(4,10): 0.003
(32,33): 0.001
(34,30): 0.001
(22,37): 0.001
(33,19): 0.001
(34,27): 0.001
(22,28): 0.001
(19,19): 0.002
(16,29): 0.002
(15,19): 0.002
(19,7): 0.001
(13,21): 0.002
(39,14): 0.002
(17,22): 0.001
(29,5): 0.001
(15,7): 0.001
(9,15): 0.001
(22,6): 0.001
(20,16): 0.001
(25,18): 0.001
(27,12): 0.003
(13,15): 0.001
(20,17): 0.003
(19,15): 0.002
(26,1): 0.001
(16,10): 0.002
(19,21): 0.001
(35,27): 0.001
(24,22): 0.001
(24,10): 0.002
(25,22): 0.002
(7,8): 0.001
(17,37): 0.002
(30,18): 0.001
(15,25): 0.001
(23,24): 0.001
(20,7): 0.001
(22,24): 0.001
(5,12): 0.001
(8,4): 0.001
(20,10): 0.002
(25,16): 0.001
(19,1): 0.001
(30,14): 0.001
(20,26): 0.001
(16,14): 0.001
(12,15): 0.001
(22,8): 0.001
(36,27): 0.001
(18,35): 0.001
(5,11): 0.001
(36,8): 0.002
(17,18): 0.001
(23,29): 0.001
(18,27): 0.001
(8,9): 0.002
(10,15): 0.001
(30,4): 0.001
(22,14): 0.001
(13,6): 0.001
(10,14): 0.003
(33,11): 0.001
(23,18): 0.001
(37,21): 0.001
(18,8): 0.001
(17,25): 0.002
(38,21): 0.001
(4,7): 0.001
(2,9): 0.001
(13,8): 0.001
(18,24): 0.001
(24,16): 0.001
(26,18): 0.001
(35,31): 0.001
(16,8): 0.001
(20,35): 0.001
(20,11): 0.002
(21,34): 0.002
(25,19): 0.001
(36,24): 0.001
(10,10): 0.001
(24,6): 0.001
(29,3): 0.001
(10,7): 0.001
(15,17): 0.001
(14,39): 0.001
(34,23): 0.001
(34,6): 0.001
(29,11): 0.001
(32,14): 0.001
(11,6): 0.001
