((7,3)(7,3)) 0.7699757869249395
((7,3)(4,2)) 0.004842615012106538
((7,3)(5,3)) 0.024213075060532687
((7,3)(9,3)) 0.009685230024213076
((7,3)(8,2)) 0.024213075060532687
((7,3)(4,3)) 0.009685230024213076
((7,3)(5,4)) 0.031476997578692496
((7,3)(1,2)) 0.004842615012106538
((7,3)(5,9)) 0.002421307506053269
((7,3)(3,3)) 0.007263922518159807
((7,3)(6,4)) 0.01694915254237288
((7,3)(6,3)) 0.06053268765133172
((7,3)(8,0)) 0.002421307506053269
((7,3)(4,4)) 0.012106537530266344
((7,3)(8,3)) 0.004842615012106538
((7,3)(9,2)) 0.002421307506053269
((7,3)(4,5)) 0.002421307506053269
((7,3)(6,9)) 0.002421307506053269
((7,3)(5,7)) 0.002421307506053269
((7,3)(7,2)) 0.002421307506053269
((7,3)(5,5)) 0.002421307506053269
((4,2)(4,2)) 0.7235294117647059
((4,2)(7,3)) 0.0029411764705882353
((4,2)(4,3)) 0.07794117647058824
((4,2)(5,3)) 0.07058823529411765
((4,2)(6,2)) 0.0014705882352941176
((4,2)(5,4)) 0.01911764705882353
((4,2)(2,2)) 0.0014705882352941176
((4,2)(3,2)) 0.0029411764705882353
((4,2)(4,1)) 0.027941176470588237
((4,2)(3,1)) 0.0029411764705882353
((4,2)(3,0)) 0.013235294117647059
((4,2)(3,3)) 0.0014705882352941176
((4,2)(5,5)) 0.004411764705882353
((4,2)(4,4)) 0.008823529411764706
((4,2)(5,0)) 0.0014705882352941176
((4,2)(5,2)) 0.013235294117647059
((4,2)(6,5)) 0.0058823529411764705
((4,2)(2,3)) 0.0014705882352941176
((4,2)(4,0)) 0.0058823529411764705
((4,2)(1,2)) 0.0014705882352941176
((4,2)(7,1)) 0.0014705882352941176
((4,2)(8,6)) 0.0014705882352941176
((4,2)(6,3)) 0.004411764705882353
((4,2)(5,1)) 0.0014705882352941176
((4,2)(6,4)) 0.0014705882352941176
((4,2)(7,2)) 0.0014705882352941176
((3,3)(3,3)) 0.76690888764673
((3,3)(4,4)) 0.027948574622694244
((3,3)(1,4)) 0.003912800447177194
((3,3)(5,4)) 0.02627166014533259
((3,3)(0,2)) 0.002794857462269424
((3,3)(2,3)) 0.026830631637786474
((3,3)(5,5)) 0.007825600894354388
((3,3)(4,3)) 0.039686975964225824
((3,3)(2,2)) 0.014533258803801007
((3,3)(2,4)) 0.0005589714924538849
((3,3)(1,2)) 0.005589714924538848
((3,3)(3,4)) 0.01732811626607043
((3,3)(6,4)) 0.003353828954723309
((3,3)(8,7)) 0.0005589714924538849
((3,3)(3,1)) 0.004471771939631079
((3,3)(5,3)) 0.019005030743432086
((3,3)(6,1)) 0.0005589714924538849
((3,3)(7,0)) 0.0005589714924538849
((3,3)(1,3)) 0.002794857462269424
((3,3)(2,0)) 0.0011179429849077697
((3,3)(3,2)) 0.011179429849077696
((3,3)(6,3)) 0.003912800447177194
((3,3)(5,6)) 0.0005589714924538849
((3,3)(4,9)) 0.0016769144773616546
((3,3)(5,9)) 0.0011179429849077697
((3,3)(7,3)) 0.0016769144773616546
((3,3)(5,7)) 0.0011179429849077697
((3,3)(8,0)) 0.0005589714924538849
((3,3)(4,7)) 0.0005589714924538849
((3,3)(4,5)) 0.0022358859698155395
((3,3)(8,2)) 0.0005589714924538849
((3,3)(4,0)) 0.0005589714924538849
((3,3)(6,5)) 0.0005589714924538849
((3,3)(5,0)) 0.0005589714924538849
((3,3)(4,2)) 0.0005589714924538849
((4,4)(4,4)) 0.768334475668266
((4,4)(4,3)) 0.02878684030157642
((4,4)(5,4)) 0.06751199451679232
((4,4)(7,1)) 0.0003427004797806717
((4,4)(6,3)) 0.007882111034955449
((4,4)(3,6)) 0.0017135023989033585
((4,4)(4,1)) 0.00205620287868403
((4,4)(2,3)) 0.005140507196710075
((4,4)(4,9)) 0.0065113091158327625
((4,4)(7,3)) 0.002398903358464702
((4,4)(8,2)) 0.00205620287868403
((4,4)(5,5)) 0.006854009595613434
((4,4)(3,2)) 0.0006854009595613434
((4,4)(3,3)) 0.013365318711446196
((4,4)(4,5)) 0.0065113091158327625
((4,4)(1,3)) 0.00205620287868403
((4,4)(5,3)) 0.01644962302947224
((4,4)(6,7)) 0.0003427004797806717
((4,4)(5,9)) 0.0027416038382453737
((4,4)(1,4)) 0.003427004797806717
((4,4)(1,2)) 0.004455106237148732
((4,4)(3,4)) 0.01782042494859493
((4,4)(2,2)) 0.004797806716929404
((4,4)(9,8)) 0.0003427004797806717
((4,4)(5,2)) 0.004455106237148732
((4,4)(3,9)) 0.0003427004797806717
((4,4)(6,2)) 0.0013708019191226869
((4,4)(4,7)) 0.002398903358464702
((4,4)(5,0)) 0.0017135023989033585
((4,4)(3,0)) 0.001028101439342015
((4,4)(6,5)) 0.00205620287868403
((4,4)(5,6)) 0.0006854009595613434
((4,4)(6,4)) 0.0017135023989033585
((4,4)(5,8)) 0.001028101439342015
((4,4)(7,6)) 0.0003427004797806717
((4,4)(5,7)) 0.0027416038382453737
((4,4)(6,6)) 0.001028101439342015
((4,4)(3,1)) 0.001028101439342015
((4,4)(4,2)) 0.001028101439342015
((4,4)(4,6)) 0.0027416038382453737
((4,4)(3,5)) 0.0003427004797806717
((4,4)(2,4)) 0.0003427004797806717
((4,4)(5,1)) 0.0003427004797806717
((4,4)(6,8)) 0.0003427004797806717
((4,4)(4,8)) 0.0003427004797806717
((4,3)(4,3)) 0.781269641734758
((4,3)(5,3)) 0.036769327467001886
((4,3)(4,2)) 0.016656191074795726
((4,3)(3,3)) 0.02294154619736015
((4,3)(4,4)) 0.0295411690760528
((4,3)(6,3)) 0.016027655562539284
((4,3)(3,2)) 0.010685103708359522
((4,3)(7,3)) 0.0018856065367693275
((4,3)(6,0)) 0.0006285355122564425
((4,3)(8,3)) 0.0006285355122564425
((4,3)(4,5)) 0.0015713387806411063
((4,3)(5,4)) 0.026084223758642364
((4,3)(2,3)) 0.0031426775612822125
((4,3)(5,5)) 0.0028284098051539913
((4,3)(3,1)) 0.0034569453174104338
((4,3)(2,2)) 0.007228158390949088
((4,3)(1,1)) 0.005342551854179761
((4,3)(2,4)) 0.00031426775612822125
((4,3)(4,1)) 0.0028284098051539913
((4,3)(4,6)) 0.0015713387806411063
((4,3)(6,4)) 0.0015713387806411063
((4,3)(6,1)) 0.00031426775612822125
((4,3)(7,0)) 0.0009428032683846638
((4,3)(2,0)) 0.0009428032683846638
((4,3)(3,4)) 0.00251414204902577
((4,3)(1,2)) 0.0015713387806411063
((4,3)(7,4)) 0.0009428032683846638
((4,3)(5,1)) 0.0009428032683846638
((4,3)(3,0)) 0.0009428032683846638
((4,3)(4,0)) 0.0015713387806411063
((4,3)(5,2)) 0.006599622878692646
((4,3)(5,9)) 0.0009428032683846638
((4,3)(1,4)) 0.0006285355122564425
((4,3)(7,1)) 0.0006285355122564425
((4,3)(9,3)) 0.0006285355122564425
((4,3)(9,4)) 0.00031426775612822125
((4,3)(7,7)) 0.00031426775612822125
((4,3)(8,2)) 0.00031426775612822125
((4,3)(6,9)) 0.0006285355122564425
((4,3)(5,0)) 0.001257071024512885
((4,3)(7,5)) 0.00031426775612822125
((4,3)(6,2)) 0.001257071024512885
((4,3)(2,1)) 0.00031426775612822125
((4,3)(9,6)) 0.00031426775612822125
((4,3)(6,5)) 0.0009428032683846638
((4,3)(6,6)) 0.0006285355122564425
((4,3)(4,8)) 0.00031426775612822125
((5,3)(5,3)) 0.7697680916457111
((5,3)(4,3)) 0.03129365744621403
((5,3)(5,2)) 0.029617211511595416
((5,3)(4,7)) 0.0005588153115395362
((5,3)(4,5)) 0.0016764459346186086
((5,3)(5,4)) 0.038558256496227995
((5,3)(5,6)) 0.0019558535903883767
((5,3)(6,3)) 0.0262643196423582
((5,3)(4,4)) 0.0131321598211791
((5,3)(6,0)) 0.00586756077116513
((5,3)(8,3)) 0.0005588153115395362
((5,3)(4,8)) 0.0005588153115395362
((5,3)(4,0)) 0.006426376082704666
((5,3)(2,3)) 0.0005588153115395362
((5,3)(4,2)) 0.010896898575020955
((5,3)(5,0)) 0.004749930148086058
((5,3)(3,3)) 0.010617490919251188
((5,3)(4,1)) 0.006426376082704666
((5,3)(7,1)) 0.0013970382788488405
((5,3)(6,2)) 0.0036322995250069852
((5,3)(1,4)) 0.0002794076557697681
((5,3)(7,3)) 0.003352891869237217
((5,3)(2,1)) 0.0016764459346186086
((5,3)(5,1)) 0.0044705224923162895
((5,3)(4,9)) 0.0008382229673093043
((5,3)(3,0)) 0.0008382229673093043
((5,3)(7,2)) 0.0022352612461581448
((5,3)(2,2)) 0.0022352612461581448
((5,3)(3,1)) 0.0011176306230790724
((5,3)(3,2)) 0.0002794076557697681
((5,3)(6,4)) 0.003352891869237217
((5,3)(3,4)) 0.002514668901927913
((5,3)(6,6)) 0.0008382229673093043
((5,3)(3,6)) 0.0005588153115395362
((5,3)(8,2)) 0.0013970382788488405
((5,3)(8,1)) 0.0002794076557697681
((5,3)(5,7)) 0.0002794076557697681
((5,3)(5,9)) 0.0011176306230790724
((5,3)(8,4)) 0.0002794076557697681
((5,3)(7,6)) 0.0005588153115395362
((5,3)(4,6)) 0.0002794076557697681
((5,3)(6,9)) 0.0016764459346186086
((5,3)(2,0)) 0.0008382229673093043
((5,3)(1,1)) 0.0002794076557697681
((5,3)(6,5)) 0.0005588153115395362
((5,3)(9,7)) 0.0002794076557697681
((5,3)(5,8)) 0.0002794076557697681
((5,3)(5,5)) 0.0008382229673093043
((5,3)(8,6)) 0.0002794076557697681
((5,3)(7,0)) 0.0002794076557697681
((5,3)(9,8)) 0.0002794076557697681
((5,3)(1,2)) 0.0002794076557697681
((5,3)(6,1)) 0.0002794076557697681
((5,3)(9,3)) 0.0005588153115395362
((8,4)(8,4)) 0.7678571428571429
((8,4)(5,4)) 0.026785714285714284
((8,4)(4,3)) 0.008928571428571428
((8,4)(8,3)) 0.008928571428571428
((8,4)(8,5)) 0.017857142857142856
((8,4)(9,4)) 0.03571428571428571
((8,4)(6,5)) 0.05357142857142857
((8,4)(6,3)) 0.008928571428571428
((8,4)(7,6)) 0.008928571428571428
((8,4)(9,7)) 0.008928571428571428
((8,4)(9,8)) 0.017857142857142856
((8,4)(10,4)) 0.008928571428571428
((8,4)(4,4)) 0.017857142857142856
((8,4)(7,2)) 0.008928571428571428
((5,4)(5,4)) 0.8621776504297994
((5,4)(8,4)) 0.0007163323782234957
((5,4)(4,4)) 0.027650429799426935
((5,4)(6,4)) 0.006733524355300859
((5,4)(5,6)) 0.0014326647564469914
((5,4)(5,7)) 0.0017191977077363897
((5,4)(6,3)) 0.009169054441260744
((5,4)(5,3)) 0.01790830945558739
((5,4)(3,3)) 0.009312320916905445
((5,4)(4,3)) 0.011461318051575931
((5,4)(9,8)) 0.0027220630372492838
((5,4)(4,9)) 0.001146131805157593
((5,4)(6,5)) 0.00501432664756447
((5,4)(8,2)) 0.0015759312320916905
((5,4)(4,2)) 0.0020057306590257878
((5,4)(5,5)) 0.007306590257879656
((5,4)(2,3)) 0.002292263610315186
((5,4)(1,1)) 0.0004297994269340974
((5,4)(6,2)) 0.0004297994269340974
((5,4)(6,6)) 0.0020057306590257878
((5,4)(8,5)) 0.00014326647564469913
((5,4)(7,6)) 0.0012893982808022922
((5,4)(8,7)) 0.00028653295128939826
((5,4)(9,3)) 0.0004297994269340974
((5,4)(5,9)) 0.0012893982808022922
((5,4)(9,7)) 0.0007163323782234957
((5,4)(2,2)) 0.0007163323782234957
((5,4)(5,2)) 0.0032951289398280804
((5,4)(9,5)) 0.00014326647564469913
((5,4)(10,4)) 0.0004297994269340974
((5,4)(8,3)) 0.0010028653295128939
((5,4)(1,3)) 0.0005730659025787965
((5,4)(1,2)) 0.001146131805157593
((5,4)(7,3)) 0.0020057306590257878
((5,4)(6,1)) 0.00028653295128939826
((5,4)(7,4)) 0.0008595988538681948
((5,4)(8,6)) 0.0007163323782234957
((5,4)(4,5)) 0.0012893982808022922
((5,4)(5,0)) 0.0005730659025787965
((5,4)(7,0)) 0.00014326647564469913
((5,4)(3,4)) 0.0018624641833810888
((5,4)(7,2)) 0.00014326647564469913
((5,4)(7,5)) 0.0008595988538681948
((5,4)(5,8)) 0.0014326647564469914
((5,4)(5,1)) 0.0010028653295128939
((5,4)(7,7)) 0.00028653295128939826
((5,4)(2,0)) 0.00014326647564469913
((5,4)(4,0)) 0.0008595988538681948
((5,4)(3,2)) 0.00028653295128939826
((5,4)(3,1)) 0.0008595988538681948
((5,4)(8,8)) 0.00028653295128939826
((5,4)(9,6)) 0.00014326647564469913
((5,4)(7,9)) 0.00028653295128939826
((5,4)(6,9)) 0.00014326647564469913
((5,4)(4,8)) 0.00014326647564469913
((5,4)(1,4)) 0.00014326647564469913
((5,4)(4,6)) 0.00014326647564469913
((5,4)(2,1)) 0.00014326647564469913
((5,4)(9,2)) 0.00014326647564469913
((5,4)(3,0)) 0.00014326647564469913
((1,4)(1,4)) 0.7918552036199095
((1,4)(3,3)) 0.03167420814479638
((1,4)(4,7)) 0.004524886877828055
((1,4)(5,4)) 0.013574660633484163
((1,4)(6,3)) 0.00904977375565611
((1,4)(4,4)) 0.04524886877828054
((1,4)(5,3)) 0.004524886877828055
((1,4)(1,2)) 0.004524886877828055
((1,4)(4,1)) 0.004524886877828055
((1,4)(2,3)) 0.01809954751131222
((1,4)(2,4)) 0.027149321266968326
((1,4)(4,3)) 0.01809954751131222
((1,4)(5,9)) 0.004524886877828055
((1,4)(4,9)) 0.004524886877828055
((1,4)(1,3)) 0.004524886877828055
((1,4)(4,6)) 0.004524886877828055
((1,4)(7,5)) 0.004524886877828055
((1,4)(5,5)) 0.004524886877828055
((5,6)(5,6)) 0.625
((5,6)(5,4)) 0.14583333333333334
((5,6)(4,4)) 0.020833333333333332
((5,6)(5,8)) 0.020833333333333332
((5,6)(2,3)) 0.010416666666666666
((5,6)(5,7)) 0.03125
((5,6)(5,5)) 0.03125
((5,6)(5,3)) 0.03125
((5,6)(6,3)) 0.010416666666666666
((5,6)(6,6)) 0.020833333333333332
((5,6)(4,3)) 0.010416666666666666
((5,6)(5,9)) 0.010416666666666666
((5,6)(3,3)) 0.010416666666666666
((5,6)(4,5)) 0.010416666666666666
((5,6)(10,4)) 0.010416666666666666
((6,4)(6,4)) 0.7482710926694329
((6,4)(5,4)) 0.06224066390041494
((6,4)(6,3)) 0.0636237897648686
((6,4)(6,5)) 0.034578146611341634
((6,4)(8,7)) 0.0013831258644536654
((6,4)(5,3)) 0.016597510373443983
((6,4)(4,3)) 0.006915629322268326
((6,4)(4,4)) 0.016597510373443983
((6,4)(8,3)) 0.0013831258644536654
((6,4)(7,7)) 0.0013831258644536654
((6,4)(7,6)) 0.004149377593360996
((6,4)(7,3)) 0.015214384508990318
((6,4)(7,4)) 0.008298755186721992
((6,4)(6,6)) 0.0013831258644536654
((6,4)(5,5)) 0.0013831258644536654
((6,4)(9,5)) 0.0013831258644536654
((6,4)(3,3)) 0.0027662517289073307
((6,4)(8,2)) 0.0013831258644536654
((6,4)(9,8)) 0.0027662517289073307
((6,4)(6,9)) 0.0027662517289073307
((6,4)(4,2)) 0.0013831258644536654
((6,4)(5,2)) 0.004149377593360996
((5,7)(5,7)) 0.7768052516411379
((5,7)(5,4)) 0.037199124726477024
((5,7)(4,7)) 0.00437636761487965
((5,7)(4,9)) 0.0175054704595186
((5,7)(5,5)) 0.01312910284463895
((5,7)(4,8)) 0.015317286652078774
((5,7)(6,6)) 0.0087527352297593
((5,7)(5,8)) 0.019693654266958426
((5,7)(5,9)) 0.030634573304157548
((5,7)(3,0)) 0.002188183807439825
((5,7)(4,6)) 0.002188183807439825
((5,7)(8,7)) 0.019693654266958426
((5,7)(3,3)) 0.0087527352297593
((5,7)(6,5)) 0.00437636761487965
((5,7)(9,6)) 0.002188183807439825
((5,7)(4,4)) 0.010940919037199124
((5,7)(4,5)) 0.0087527352297593
((5,7)(9,4)) 0.002188183807439825
((5,7)(10,4)) 0.002188183807439825
((5,7)(6,7)) 0.002188183807439825
((5,7)(5,3)) 0.00437636761487965
((5,7)(5,2)) 0.002188183807439825
((5,7)(8,2)) 0.002188183807439825
((5,7)(6,9)) 0.002188183807439825
((7,1)(7,1)) 0.7323943661971831
((7,1)(4,4)) 0.028169014084507043
((7,1)(6,2)) 0.04225352112676056
((7,1)(6,3)) 0.07042253521126761
((7,1)(8,0)) 0.014084507042253521
((7,1)(7,2)) 0.014084507042253521
((7,1)(4,3)) 0.028169014084507043
((7,1)(5,3)) 0.056338028169014086
((7,1)(4,5)) 0.014084507042253521
((6,2)(6,2)) 0.7006802721088435
((6,2)(6,1)) 0.05442176870748299
((6,2)(6,3)) 0.1360544217687075
((6,2)(5,2)) 0.006802721088435374
((6,2)(4,2)) 0.01020408163265306
((6,2)(5,4)) 0.006802721088435374
((6,2)(6,0)) 0.017006802721088437
((6,2)(5,3)) 0.017006802721088437
((6,2)(4,4)) 0.017006802721088437
((6,2)(4,3)) 0.017006802721088437
((6,2)(4,8)) 0.003401360544217687
((6,2)(2,2)) 0.003401360544217687
((6,2)(1,4)) 0.003401360544217687
((6,2)(6,5)) 0.003401360544217687
((6,2)(7,1)) 0.003401360544217687
((6,1)(6,1)) 0.6239316239316239
((6,1)(7,1)) 0.008547008547008548
((6,1)(5,2)) 0.017094017094017096
((6,1)(6,3)) 0.08547008547008547
((6,1)(4,9)) 0.008547008547008548
((6,1)(4,3)) 0.02564102564102564
((6,1)(3,3)) 0.008547008547008548
((6,1)(5,3)) 0.03418803418803419
((6,1)(6,2)) 0.05128205128205128
((6,1)(3,2)) 0.008547008547008548
((6,1)(4,5)) 0.008547008547008548
((6,1)(5,4)) 0.008547008547008548
((6,1)(5,1)) 0.017094017094017096
((6,1)(7,0)) 0.02564102564102564
((6,1)(4,1)) 0.008547008547008548
((6,1)(8,1)) 0.008547008547008548
((6,1)(6,0)) 0.03418803418803419
((6,1)(6,5)) 0.008547008547008548
((6,1)(4,4)) 0.008547008547008548
((5,2)(5,2)) 0.7848222862632085
((5,2)(6,1)) 0.0019212295869356388
((5,2)(4,3)) 0.024015369836695485
((5,2)(6,5)) 0.0019212295869356388
((5,2)(5,3)) 0.09990393852065321
((5,2)(5,4)) 0.022094140249759846
((5,2)(4,1)) 0.002881844380403458
((5,2)(6,6)) 0.0009606147934678194
((5,2)(5,0)) 0.0067243035542747355
((5,2)(5,1)) 0.005763688760806916
((5,2)(6,2)) 0.0038424591738712775
((5,2)(3,4)) 0.002881844380403458
((5,2)(4,2)) 0.009606147934678195
((5,2)(6,3)) 0.012487992315081652
((5,2)(4,4)) 0.011527377521613832
((5,2)(2,3)) 0.0009606147934678194
((5,2)(5,8)) 0.0009606147934678194
((5,2)(8,6)) 0.0009606147934678194
((5,2)(6,0)) 0.0009606147934678194
((5,2)(3,0)) 0.0009606147934678194
((5,2)(6,4)) 0.0009606147934678194
((5,2)(9,8)) 0.0009606147934678194
((5,2)(4,5)) 0.0019212295869356388
((2,4)(2,4)) 0.6818181818181818
((2,4)(1,4)) 0.13636363636363635
((2,4)(4,3)) 0.022727272727272728
((2,4)(3,2)) 0.022727272727272728
((2,4)(3,3)) 0.09090909090909091
((2,4)(9,2)) 0.022727272727272728
((2,4)(5,7)) 0.022727272727272728
((4,7)(4,7)) 0.7459016393442623
((4,7)(5,3)) 0.040983606557377046
((4,7)(4,9)) 0.01639344262295082
((4,7)(6,8)) 0.01639344262295082
((4,7)(4,4)) 0.04918032786885246
((4,7)(4,5)) 0.00819672131147541
((4,7)(4,6)) 0.03278688524590164
((4,7)(4,3)) 0.01639344262295082
((4,7)(3,4)) 0.00819672131147541
((4,7)(3,3)) 0.02459016393442623
((4,7)(3,7)) 0.00819672131147541
((4,7)(3,6)) 0.02459016393442623
((4,7)(5,7)) 0.00819672131147541
((4,5)(4,5)) 0.7081081081081081
((4,5)(4,7)) 0.013513513513513514
((4,5)(4,9)) 0.024324324324324326
((4,5)(6,3)) 0.02702702702702703
((4,5)(5,4)) 0.016216216216216217
((4,5)(5,3)) 0.024324324324324326
((4,5)(4,4)) 0.051351351351351354
((4,5)(4,3)) 0.008108108108108109
((4,5)(3,5)) 0.002702702702702703
((4,5)(5,5)) 0.008108108108108109
((4,5)(3,4)) 0.03513513513513514
((4,5)(3,6)) 0.016216216216216217
((4,5)(5,7)) 0.008108108108108109
((4,5)(4,6)) 0.013513513513513514
((4,5)(3,2)) 0.005405405405405406
((4,5)(6,7)) 0.002702702702702703
((4,5)(3,3)) 0.013513513513513514
((4,5)(8,6)) 0.002702702702702703
((4,5)(6,2)) 0.005405405405405406
((4,5)(5,2)) 0.008108108108108109
((4,5)(7,1)) 0.002702702702702703
((4,5)(2,2)) 0.002702702702702703
((6,3)(6,3)) 0.7990472065829364
((6,3)(5,3)) 0.0411433521004764
((6,3)(4,5)) 0.0034647033347769596
((6,3)(5,4)) 0.0346470333477696
((6,3)(4,3)) 0.02208748375920312
((6,3)(6,2)) 0.015591165006496318
((6,3)(6,4)) 0.018189692507579038
((6,3)(5,2)) 0.004763967085318319
((6,3)(8,0)) 0.00129926375054136
((6,3)(4,4)) 0.013858813339107838
((6,3)(3,4)) 0.0030316154179298397
((6,3)(6,0)) 0.00563014291901256
((6,3)(7,3)) 0.01039411000433088
((6,3)(8,2)) 0.0021654395842356
((6,3)(7,2)) 0.0021654395842356
((6,3)(3,3)) 0.0021654395842356
((6,3)(1,2)) 0.0008661758336942399
((6,3)(4,1)) 0.00043308791684711995
((6,3)(8,3)) 0.00129926375054136
((6,3)(9,3)) 0.00043308791684711995
((6,3)(6,5)) 0.0021654395842356
((6,3)(4,9)) 0.00043308791684711995
((6,3)(5,9)) 0.00043308791684711995
((6,3)(9,2)) 0.00043308791684711995
((6,3)(6,1)) 0.0030316154179298397
((6,3)(8,4)) 0.0008661758336942399
((6,3)(7,1)) 0.0008661758336942399
((6,3)(9,4)) 0.00043308791684711995
((6,3)(2,2)) 0.0008661758336942399
((6,3)(4,2)) 0.0008661758336942399
((6,3)(7,6)) 0.00043308791684711995
((6,3)(5,0)) 0.00129926375054136
((6,3)(3,0)) 0.00043308791684711995
((6,3)(5,1)) 0.00043308791684711995
((6,3)(9,7)) 0.0008661758336942399
((6,3)(6,6)) 0.00043308791684711995
((6,3)(3,1)) 0.00043308791684711995
((6,3)(2,1)) 0.00043308791684711995
((6,3)(5,5)) 0.00043308791684711995
((6,3)(3,6)) 0.00043308791684711995
((6,3)(3,2)) 0.0008661758336942399
((6,3)(9,8)) 0.00043308791684711995
((0,2)(0,2)) 0.6538461538461539
((0,2)(5,3)) 0.11538461538461539
((0,2)(1,2)) 0.19230769230769232
((0,2)(4,4)) 0.038461538461538464
((3,6)(3,6)) 0.8447488584474886
((3,6)(4,9)) 0.0136986301369863
((3,6)(4,1)) 0.0045662100456621
((3,6)(6,8)) 0.0045662100456621
((3,6)(4,3)) 0.0091324200913242
((3,6)(4,5)) 0.0136986301369863
((3,6)(5,3)) 0.0091324200913242
((3,6)(4,4)) 0.0045662100456621
((3,6)(1,2)) 0.0045662100456621
((3,6)(4,6)) 0.0365296803652968
((3,6)(8,6)) 0.0091324200913242
((3,6)(8,8)) 0.0045662100456621
((3,6)(3,7)) 0.0045662100456621
((3,6)(6,3)) 0.0091324200913242
((3,6)(3,4)) 0.0045662100456621
((3,6)(4,7)) 0.0045662100456621
((3,6)(5,4)) 0.0091324200913242
((3,6)(1,4)) 0.0045662100456621
((3,6)(3,2)) 0.0045662100456621
((4,9)(4,9)) 0.8400900900900901
((4,9)(7,3)) 0.0022522522522522522
((4,9)(4,4)) 0.04954954954954955
((4,9)(5,3)) 0.0045045045045045045
((4,9)(4,3)) 0.01126126126126126
((4,9)(5,9)) 0.009009009009009009
((4,9)(5,7)) 0.013513513513513514
((4,9)(2,2)) 0.0045045045045045045
((4,9)(5,4)) 0.015765765765765764
((4,9)(3,9)) 0.0045045045045045045
((4,9)(4,5)) 0.018018018018018018
((4,9)(4,7)) 0.0022522522522522522
((4,9)(6,0)) 0.0022522522522522522
((4,9)(7,6)) 0.0022522522522522522
((4,9)(9,5)) 0.0022522522522522522
((4,9)(3,6)) 0.0022522522522522522
((4,9)(4,1)) 0.0022522522522522522
((4,9)(4,8)) 0.006756756756756757
((4,9)(9,4)) 0.0022522522522522522
((4,9)(8,2)) 0.0022522522522522522
((4,9)(5,8)) 0.0022522522522522522
((5,5)(5,5)) 0.7571884984025559
((5,5)(5,4)) 0.0670926517571885
((5,5)(4,3)) 0.019169329073482427
((5,5)(5,7)) 0.01597444089456869
((5,5)(6,6)) 0.012779552715654952
((5,5)(6,4)) 0.003194888178913738
((5,5)(5,9)) 0.007987220447284345
((5,5)(4,2)) 0.004792332268370607
((5,5)(4,4)) 0.03035143769968051
((5,5)(7,4)) 0.009584664536741214
((5,5)(5,6)) 0.007987220447284345
((5,5)(3,4)) 0.003194888178913738
((5,5)(4,5)) 0.006389776357827476
((5,5)(3,2)) 0.003194888178913738
((5,5)(8,1)) 0.001597444089456869
((5,5)(6,5)) 0.007987220447284345
((5,5)(7,3)) 0.001597444089456869
((5,5)(5,3)) 0.007987220447284345
((5,5)(3,3)) 0.01437699680511182
((5,5)(5,8)) 0.006389776357827476
((5,5)(4,0)) 0.001597444089456869
((5,5)(6,3)) 0.003194888178913738
((5,5)(6,2)) 0.001597444089456869
((5,5)(5,2)) 0.003194888178913738
((5,5)(9,4)) 0.001597444089456869
((2,3)(2,3)) 0.8141711229946524
((2,3)(3,3)) 0.05213903743315508
((2,3)(1,3)) 0.02540106951871658
((2,3)(4,3)) 0.0106951871657754
((2,3)(2,2)) 0.020053475935828877
((2,3)(4,4)) 0.020053475935828877
((2,3)(5,4)) 0.020053475935828877
((2,3)(9,4)) 0.001336898395721925
((2,3)(1,2)) 0.0106951871657754
((2,3)(3,1)) 0.001336898395721925
((2,3)(3,2)) 0.00267379679144385
((2,3)(1,4)) 0.0066844919786096255
((2,3)(4,5)) 0.001336898395721925
((2,3)(4,0)) 0.001336898395721925
((2,3)(8,2)) 0.001336898395721925
((2,3)(5,3)) 0.0053475935828877
((2,3)(7,3)) 0.001336898395721925
((2,3)(4,9)) 0.001336898395721925
((2,3)(2,4)) 0.001336898395721925
((2,3)(4,2)) 0.001336898395721925
((2,2)(2,2)) 0.7885952712100139
((2,2)(4,1)) 0.005563282336578581
((2,2)(4,4)) 0.02086230876216968
((2,2)(3,2)) 0.005563282336578581
((2,2)(4,3)) 0.031988873435326845
((2,2)(2,3)) 0.011126564673157162
((2,2)(3,3)) 0.02364394993045897
((2,2)(0,4)) 0.0013908205841446453
((2,2)(1,1)) 0.006954102920723227
((2,2)(3,1)) 0.008344923504867872
((2,2)(6,3)) 0.005563282336578581
((2,2)(2,1)) 0.016689847009735744
((2,2)(1,2)) 0.031988873435326845
((2,2)(4,9)) 0.0013908205841446453
((2,2)(1,4)) 0.0013908205841446453
((2,2)(5,4)) 0.008344923504867872
((2,2)(3,0)) 0.005563282336578581
((2,2)(5,3)) 0.011126564673157162
((2,2)(0,2)) 0.0013908205841446453
((2,2)(4,6)) 0.0013908205841446453
((2,2)(1,3)) 0.0027816411682892906
((2,2)(3,4)) 0.0013908205841446453
((2,2)(4,0)) 0.0013908205841446453
((2,2)(6,5)) 0.0027816411682892906
((2,2)(4,5)) 0.0013908205841446453
((2,2)(5,5)) 0.0013908205841446453
((4,1)(4,1)) 0.7880184331797235
((4,1)(3,0)) 0.027649769585253458
((4,1)(2,2)) 0.002304147465437788
((4,1)(3,3)) 0.004608294930875576
((4,1)(4,4)) 0.01152073732718894
((4,1)(4,0)) 0.02304147465437788
((4,1)(5,3)) 0.0576036866359447
((4,1)(4,3)) 0.013824884792626729
((4,1)(3,1)) 0.016129032258064516
((4,1)(4,2)) 0.04377880184331797
((4,1)(6,3)) 0.002304147465437788
((4,1)(6,1)) 0.002304147465437788
((4,1)(3,4)) 0.004608294930875576
((4,1)(1,4)) 0.002304147465437788
((3,0)(3,0)) 0.8604651162790697
((3,0)(2,2)) 0.020930232558139535
((3,0)(4,1)) 0.030232558139534883
((3,0)(4,2)) 0.013953488372093023
((3,0)(5,9)) 0.002325581395348837
((3,0)(4,3)) 0.009302325581395349
((3,0)(6,2)) 0.002325581395348837
((3,0)(3,1)) 0.030232558139534883
((3,0)(3,3)) 0.002325581395348837
((3,0)(1,2)) 0.011627906976744186
((3,0)(5,3)) 0.004651162790697674
((3,0)(1,3)) 0.002325581395348837
((3,0)(3,2)) 0.002325581395348837
((3,0)(5,2)) 0.004651162790697674
((3,0)(4,4)) 0.002325581395348837
((1,3)(1,3)) 0.7289377289377289
((1,3)(2,3)) 0.08058608058608059
((1,3)(1,2)) 0.13186813186813187
((1,3)(2,1)) 0.007326007326007326
((1,3)(2,2)) 0.007326007326007326
((1,3)(5,4)) 0.01098901098901099
((1,3)(4,4)) 0.01098901098901099
((1,3)(1,4)) 0.007326007326007326
((1,3)(3,3)) 0.003663003663003663
((1,3)(4,3)) 0.003663003663003663
((1,3)(0,2)) 0.003663003663003663
((1,3)(4,0)) 0.003663003663003663
((3,2)(3,2)) 0.7201166180758017
((3,2)(4,3)) 0.07871720116618076
((3,2)(4,2)) 0.01749271137026239
((3,2)(2,0)) 0.0058309037900874635
((3,2)(4,1)) 0.0029154518950437317
((3,2)(3,1)) 0.023323615160349854
((3,2)(4,4)) 0.0029154518950437317
((3,2)(5,4)) 0.02040816326530612
((3,2)(3,3)) 0.05830903790087463
((3,2)(2,4)) 0.0029154518950437317
((3,2)(1,1)) 0.0058309037900874635
((3,2)(2,3)) 0.0029154518950437317
((3,2)(5,0)) 0.0058309037900874635
((3,2)(2,2)) 0.0058309037900874635
((3,2)(1,2)) 0.0058309037900874635
((3,2)(5,1)) 0.0029154518950437317
((3,2)(5,9)) 0.0029154518950437317
((3,2)(5,3)) 0.011661807580174927
((3,2)(4,5)) 0.0029154518950437317
((3,2)(8,2)) 0.0029154518950437317
((3,2)(3,4)) 0.0058309037900874635
((3,2)(4,0)) 0.0029154518950437317
((3,2)(3,7)) 0.0029154518950437317
((3,2)(6,3)) 0.0029154518950437317
((3,2)(5,5)) 0.0029154518950437317
((8,2)(8,2)) 0.7617328519855595
((8,2)(9,2)) 0.02527075812274368
((8,2)(4,5)) 0.0036101083032490976
((8,2)(5,4)) 0.02888086642599278
((8,2)(4,4)) 0.036101083032490974
((8,2)(7,3)) 0.02888086642599278
((8,2)(2,3)) 0.007220216606498195
((8,2)(8,3)) 0.021660649819494584
((8,2)(4,8)) 0.010830324909747292
((8,2)(4,3)) 0.0036101083032490976
((8,2)(7,2)) 0.010830324909747292
((8,2)(8,0)) 0.0036101083032490976
((8,2)(5,3)) 0.010830324909747292
((8,2)(5,7)) 0.0036101083032490976
((8,2)(9,3)) 0.010830324909747292
((8,2)(6,3)) 0.0036101083032490976
((8,2)(6,5)) 0.0036101083032490976
((8,2)(3,3)) 0.0036101083032490976
((8,2)(3,2)) 0.0036101083032490976
((8,2)(8,1)) 0.007220216606498195
((8,2)(3,4)) 0.0036101083032490976
((8,2)(9,4)) 0.007220216606498195
((9,2)(9,2)) 0.7692307692307693
((9,2)(6,4)) 0.038461538461538464
((9,2)(8,2)) 0.07692307692307693
((9,2)(5,4)) 0.038461538461538464
((9,2)(8,3)) 0.019230769230769232
((9,2)(7,3)) 0.038461538461538464
((9,2)(3,4)) 0.019230769230769232
((9,3)(9,3)) 0.7457627118644068
((9,3)(9,2)) 0.01694915254237288
((9,3)(9,4)) 0.03389830508474576
((9,3)(8,2)) 0.03389830508474576
((9,3)(4,3)) 0.01694915254237288
((9,3)(4,8)) 0.05084745762711865
((9,3)(5,4)) 0.01694915254237288
((9,3)(7,3)) 0.01694915254237288
((9,3)(6,3)) 0.03389830508474576
((9,3)(8,6)) 0.01694915254237288
((9,3)(5,3)) 0.01694915254237288
((6,0)(6,0)) 0.773109243697479
((6,0)(5,3)) 0.08403361344537816
((6,0)(5,1)) 0.008403361344537815
((6,0)(6,3)) 0.05042016806722689
((6,0)(6,2)) 0.012605042016806723
((6,0)(6,1)) 0.025210084033613446
((6,0)(7,0)) 0.008403361344537815
((6,0)(4,4)) 0.004201680672268907
((6,0)(5,2)) 0.012605042016806723
((6,0)(4,5)) 0.004201680672268907
((6,0)(3,3)) 0.004201680672268907
((6,0)(5,4)) 0.004201680672268907
((6,0)(5,0)) 0.004201680672268907
((6,0)(4,3)) 0.004201680672268907
((8,3)(8,3)) 0.7117117117117117
((8,3)(5,3)) 0.036036036036036036
((8,3)(8,4)) 0.009009009009009009
((8,3)(7,3)) 0.036036036036036036
((8,3)(9,3)) 0.009009009009009009
((8,3)(4,8)) 0.009009009009009009
((8,3)(8,2)) 0.05405405405405406
((8,3)(5,4)) 0.05405405405405406
((8,3)(6,4)) 0.018018018018018018
((8,3)(4,3)) 0.018018018018018018
((8,3)(9,2)) 0.009009009009009009
((8,3)(8,1)) 0.009009009009009009
((8,3)(8,6)) 0.009009009009009009
((8,3)(6,3)) 0.018018018018018018
((4,8)(4,8)) 0.6979166666666666
((4,8)(5,7)) 0.08333333333333333
((4,8)(8,2)) 0.041666666666666664
((4,8)(5,9)) 0.010416666666666666
((4,8)(4,9)) 0.03125
((4,8)(9,3)) 0.020833333333333332
((4,8)(3,6)) 0.020833333333333332
((4,8)(5,8)) 0.020833333333333332
((4,8)(6,2)) 0.010416666666666666
((4,8)(6,3)) 0.010416666666666666
((4,8)(6,5)) 0.010416666666666666
((4,8)(4,3)) 0.010416666666666666
((4,8)(8,7)) 0.010416666666666666
((4,8)(4,6)) 0.010416666666666666
((4,8)(4,4)) 0.010416666666666666
((1,1)(1,1)) 0.7910447761194029
((1,1)(4,3)) 0.09701492537313433
((1,1)(2,2)) 0.022388059701492536
((1,1)(1,3)) 0.007462686567164179
((1,1)(1,2)) 0.014925373134328358
((1,1)(4,9)) 0.007462686567164179
((1,1)(3,2)) 0.014925373134328358
((1,1)(3,3)) 0.007462686567164179
((1,1)(2,1)) 0.014925373134328358
((1,1)(5,4)) 0.007462686567164179
((1,1)(5,3)) 0.007462686567164179
((1,1)(9,8)) 0.007462686567164179
((4,0)(4,0)) 0.8855534709193246
((4,0)(4,2)) 0.013133208255159476
((4,0)(5,3)) 0.04690431519699812
((4,0)(4,9)) 0.001876172607879925
((4,0)(2,1)) 0.00375234521575985
((4,0)(4,4)) 0.005628517823639775
((4,0)(5,4)) 0.009380863039399626
((4,0)(4,1)) 0.013133208255159476
((4,0)(1,3)) 0.001876172607879925
((4,0)(5,0)) 0.00375234521575985
((4,0)(3,1)) 0.00375234521575985
((4,0)(6,3)) 0.001876172607879925
((4,0)(3,3)) 0.00375234521575985
((4,0)(3,4)) 0.001876172607879925
((4,0)(5,5)) 0.001876172607879925
((4,0)(4,3)) 0.001876172607879925
((6,5)(6,5)) 0.7023809523809523
((6,5)(6,4)) 0.0496031746031746
((6,5)(5,4)) 0.08333333333333333
((6,5)(5,7)) 0.005952380952380952
((6,5)(9,8)) 0.00992063492063492
((6,5)(10,4)) 0.003968253968253968
((6,5)(6,6)) 0.01984126984126984
((6,5)(5,5)) 0.021825396825396824
((6,5)(5,8)) 0.001984126984126984
((6,5)(7,5)) 0.011904761904761904
((6,5)(4,2)) 0.005952380952380952
((6,5)(9,7)) 0.005952380952380952
((6,5)(7,7)) 0.001984126984126984
((6,5)(6,3)) 0.011904761904761904
((6,5)(9,4)) 0.007936507936507936
((6,5)(1,4)) 0.005952380952380952
((6,5)(8,4)) 0.011904761904761904
((6,5)(8,2)) 0.001984126984126984
((6,5)(5,9)) 0.005952380952380952
((6,5)(5,3)) 0.003968253968253968
((6,5)(3,4)) 0.001984126984126984
((6,5)(4,4)) 0.00992063492063492
((6,5)(4,5)) 0.001984126984126984
((6,5)(4,3)) 0.007936507936507936
((6,5)(2,2)) 0.001984126984126984
((6,5)(5,2)) 0.001984126984126984
((9,8)(9,8)) 0.6717948717948717
((9,8)(5,4)) 0.06153846153846154
((9,8)(8,8)) 0.07179487179487179
((9,8)(8,7)) 0.010256410256410256
((9,8)(6,4)) 0.035897435897435895
((9,8)(5,9)) 0.005128205128205128
((9,8)(6,5)) 0.03076923076923077
((9,8)(9,7)) 0.046153846153846156
((9,8)(5,8)) 0.015384615384615385
((9,8)(7,7)) 0.020512820512820513
((9,8)(8,4)) 0.005128205128205128
((9,8)(7,6)) 0.010256410256410256
((9,8)(5,3)) 0.005128205128205128
((9,8)(7,4)) 0.005128205128205128
((9,8)(4,3)) 0.005128205128205128
((8,8)(8,8)) 0.711864406779661
((8,8)(9,8)) 0.23728813559322035
((8,8)(5,8)) 0.01694915254237288
((8,8)(5,5)) 0.01694915254237288
((8,8)(8,6)) 0.01694915254237288
((8,7)(8,7)) 0.9039735099337748
((8,7)(5,4)) 0.009933774834437087
((8,7)(3,3)) 0.0033112582781456954
((8,7)(9,8)) 0.006622516556291391
((8,7)(8,6)) 0.0033112582781456954
((8,7)(6,4)) 0.006622516556291391
((8,7)(7,7)) 0.009933774834437087
((8,7)(5,7)) 0.023178807947019868
((8,7)(9,7)) 0.006622516556291391
((8,7)(5,8)) 0.0033112582781456954
((8,7)(6,6)) 0.0033112582781456954
((8,7)(9,6)) 0.0033112582781456954
((8,7)(8,8)) 0.0033112582781456954
((8,7)(7,6)) 0.006622516556291391
((8,7)(6,5)) 0.0033112582781456954
((8,7)(4,8)) 0.0033112582781456954
((5,9)(5,9)) 0.8579654510556622
((5,9)(4,3)) 0.0019193857965451055
((5,9)(5,4)) 0.03262955854126679
((5,9)(4,4)) 0.01727447216890595
((5,9)(5,8)) 0.01727447216890595
((5,9)(5,7)) 0.019193857965451054
((5,9)(5,3)) 0.01727447216890595
((5,9)(4,9)) 0.011516314779270634
((5,9)(6,5)) 0.007677543186180422
((5,9)(4,8)) 0.005758157389635317
((5,9)(9,8)) 0.0019193857965451055
((5,9)(6,3)) 0.0019193857965451055
((5,9)(5,6)) 0.0019193857965451055
((5,9)(5,5)) 0.0019193857965451055
((5,9)(6,4)) 0.0019193857965451055
((5,9)(4,5)) 0.0019193857965451055
((4,6)(4,6)) 0.7341040462427746
((4,6)(4,3)) 0.03468208092485549
((4,6)(5,2)) 0.005780346820809248
((4,6)(4,7)) 0.03468208092485549
((4,6)(6,8)) 0.017341040462427744
((4,6)(3,4)) 0.017341040462427744
((4,6)(4,9)) 0.005780346820809248
((4,6)(4,5)) 0.03468208092485549
((4,6)(3,6)) 0.04046242774566474
((4,6)(5,4)) 0.023121387283236993
((4,6)(5,7)) 0.005780346820809248
((4,6)(6,5)) 0.005780346820809248
((4,6)(4,4)) 0.011560693641618497
((4,6)(2,4)) 0.005780346820809248
((4,6)(5,3)) 0.005780346820809248
((4,6)(8,6)) 0.005780346820809248
((4,6)(3,5)) 0.005780346820809248
((4,6)(7,5)) 0.005780346820809248
((5,0)(5,0)) 0.8278688524590164
((5,0)(5,4)) 0.01639344262295082
((5,0)(6,3)) 0.00819672131147541
((5,0)(5,3)) 0.03551912568306011
((5,0)(2,0)) 0.00273224043715847
((5,0)(5,2)) 0.02185792349726776
((5,0)(6,0)) 0.01092896174863388
((5,0)(5,7)) 0.00273224043715847
((5,0)(4,2)) 0.00546448087431694
((5,0)(3,3)) 0.00819672131147541
((5,0)(5,1)) 0.02185792349726776
((5,0)(4,3)) 0.01912568306010929
((5,0)(1,4)) 0.00273224043715847
((5,0)(3,2)) 0.00273224043715847
((5,0)(4,4)) 0.00273224043715847
((5,0)(3,1)) 0.00273224043715847
((5,0)(8,0)) 0.00819672131147541
((3,1)(3,1)) 0.7654986522911051
((3,1)(4,4)) 0.005390835579514825
((3,1)(5,4)) 0.01078167115902965
((3,1)(4,3)) 0.03773584905660377
((3,1)(5,3)) 0.005390835579514825
((3,1)(3,3)) 0.026954177897574125
((3,1)(2,0)) 0.013477088948787063
((3,1)(4,1)) 0.016172506738544475
((3,1)(4,2)) 0.008086253369272238
((3,1)(2,2)) 0.02425876010781671
((3,1)(3,2)) 0.026954177897574125
((3,1)(3,0)) 0.03234501347708895
((3,1)(2,1)) 0.01078167115902965
((3,1)(1,2)) 0.0026954177897574125
((3,1)(4,0)) 0.0026954177897574125
((3,1)(2,3)) 0.005390835579514825
((3,1)(5,2)) 0.0026954177897574125
((3,1)(5,0)) 0.0026954177897574125
((1,2)(1,2)) 0.7518796992481203
((1,2)(1,3)) 0.06390977443609022
((1,2)(5,4)) 0.03195488721804511
((1,2)(2,1)) 0.005639097744360902
((1,2)(2,0)) 0.0018796992481203006
((1,2)(4,4)) 0.022556390977443608
((1,2)(3,3)) 0.016917293233082706
((1,2)(2,2)) 0.041353383458646614
((1,2)(1,1)) 0.0018796992481203006
((1,2)(4,3)) 0.009398496240601503
((1,2)(2,3)) 0.016917293233082706
((1,2)(6,3)) 0.007518796992481203
((1,2)(0,2)) 0.007518796992481203
((1,2)(5,5)) 0.0037593984962406013
((1,2)(5,0)) 0.0018796992481203006
((1,2)(3,0)) 0.009398496240601503
((1,2)(6,4)) 0.0018796992481203006
((1,2)(8,7)) 0.0018796992481203006
((1,2)(5,3)) 0.0018796992481203006
((0,4)(0,4)) 0.5
((0,4)(2,2)) 0.5
((6,6)(6,6)) 0.7312775330396476
((6,6)(5,5)) 0.01762114537444934
((6,6)(6,5)) 0.04405286343612335
((6,6)(4,4)) 0.030837004405286344
((6,6)(5,4)) 0.03524229074889868
((6,6)(6,7)) 0.022026431718061675
((6,6)(5,3)) 0.022026431718061675
((6,6)(5,7)) 0.022026431718061675
((6,6)(6,4)) 0.00881057268722467
((6,6)(4,3)) 0.02643171806167401
((6,6)(5,8)) 0.004405286343612335
((6,6)(5,9)) 0.00881057268722467
((6,6)(7,4)) 0.004405286343612335
((6,6)(8,5)) 0.004405286343612335
((6,6)(7,8)) 0.004405286343612335
((6,6)(5,1)) 0.004405286343612335
((6,6)(5,6)) 0.004405286343612335
((6,6)(4,5)) 0.004405286343612335
((6,7)(6,7)) 0.675
((6,7)(5,5)) 0.025
((6,7)(4,6)) 0.025
((6,7)(6,8)) 0.125
((6,7)(6,6)) 0.075
((6,7)(7,8)) 0.025
((6,7)(5,7)) 0.025
((6,7)(5,4)) 0.025
((3,4)(3,4)) 0.8074792243767313
((3,4)(5,4)) 0.02631578947368421
((3,4)(5,3)) 0.0110803324099723
((3,4)(4,4)) 0.04986149584487535
((3,4)(4,2)) 0.002770083102493075
((3,4)(3,3)) 0.0332409972299169
((3,4)(4,3)) 0.0110803324099723
((3,4)(5,7)) 0.0013850415512465374
((3,4)(3,5)) 0.002770083102493075
((3,4)(3,0)) 0.0013850415512465374
((3,4)(4,5)) 0.015235457063711912
((3,4)(3,2)) 0.0013850415512465374
((3,4)(5,5)) 0.002770083102493075
((3,4)(6,9)) 0.0013850415512465374
((3,4)(6,3)) 0.006925207756232687
((3,4)(5,2)) 0.002770083102493075
((3,4)(1,4)) 0.004155124653739612
((3,4)(4,6)) 0.002770083102493075
((3,4)(4,0)) 0.0013850415512465374
((3,4)(1,2)) 0.002770083102493075
((3,4)(2,4)) 0.0013850415512465374
((3,4)(8,2)) 0.0013850415512465374
((3,4)(5,9)) 0.0013850415512465374
((3,4)(8,4)) 0.0013850415512465374
((3,4)(3,6)) 0.0013850415512465374
((3,4)(5,1)) 0.0013850415512465374
((3,4)(4,1)) 0.0013850415512465374
((3,4)(2,3)) 0.0013850415512465374
((8,5)(8,5)) 0.8431372549019608
((8,5)(6,4)) 0.0196078431372549
((8,5)(9,5)) 0.058823529411764705
((8,5)(8,4)) 0.0392156862745098
((8,5)(6,6)) 0.0196078431372549
((8,5)(5,4)) 0.0196078431372549
((5,8)(5,8)) 0.7985074626865671
((5,8)(5,7)) 0.06343283582089553
((5,8)(5,9)) 0.04477611940298507
((5,8)(5,4)) 0.018656716417910446
((5,8)(3,3)) 0.0037313432835820895
((5,8)(9,8)) 0.0037313432835820895
((5,8)(6,6)) 0.007462686567164179
((5,8)(6,5)) 0.0037313432835820895
((5,8)(4,4)) 0.007462686567164179
((5,8)(5,5)) 0.022388059701492536
((5,8)(8,8)) 0.0037313432835820895
((5,8)(4,8)) 0.011194029850746268
((5,8)(4,9)) 0.0037313432835820895
((5,8)(6,8)) 0.0037313432835820895
((5,8)(4,5)) 0.0037313432835820895
((7,6)(7,6)) 0.6842105263157895
((7,6)(8,7)) 0.05263157894736842
((7,6)(4,4)) 0.013157894736842105
((7,6)(5,4)) 0.10526315789473684
((7,6)(6,4)) 0.02631578947368421
((7,6)(7,8)) 0.039473684210526314
((7,6)(6,5)) 0.05263157894736842
((7,6)(5,3)) 0.013157894736842105
((7,6)(7,7)) 0.013157894736842105
((2,0)(2,0)) 0.7926829268292683
((2,0)(3,1)) 0.07317073170731707
((2,0)(1,2)) 0.024390243902439025
((2,0)(1,1)) 0.024390243902439025
((2,0)(2,1)) 0.024390243902439025
((2,0)(4,3)) 0.012195121951219513
((2,0)(4,1)) 0.012195121951219513
((2,0)(5,4)) 0.024390243902439025
((2,0)(5,3)) 0.012195121951219513
((9,4)(9,4)) 0.7272727272727273
((9,4)(8,6)) 0.012987012987012988
((9,4)(8,2)) 0.012987012987012988
((9,4)(6,4)) 0.025974025974025976
((9,4)(4,3)) 0.025974025974025976
((9,4)(5,4)) 0.03896103896103896
((9,4)(9,5)) 0.012987012987012988
((9,4)(5,6)) 0.012987012987012988
((9,4)(8,7)) 0.012987012987012988
((9,4)(6,5)) 0.05194805194805195
((9,4)(7,3)) 0.012987012987012988
((9,4)(9,2)) 0.012987012987012988
((9,4)(8,0)) 0.012987012987012988
((9,4)(8,4)) 0.012987012987012988
((9,4)(5,5)) 0.012987012987012988
((8,6)(8,6)) 0.7411764705882353
((8,6)(6,6)) 0.011764705882352941
((8,6)(5,4)) 0.011764705882352941
((8,6)(9,6)) 0.011764705882352941
((8,6)(9,7)) 0.011764705882352941
((8,6)(8,7)) 0.023529411764705882
((8,6)(7,7)) 0.023529411764705882
((8,6)(8,3)) 0.011764705882352941
((8,6)(3,6)) 0.023529411764705882
((8,6)(5,9)) 0.011764705882352941
((8,6)(7,6)) 0.011764705882352941
((8,6)(7,3)) 0.011764705882352941
((8,6)(6,3)) 0.011764705882352941
((8,6)(7,5)) 0.011764705882352941
((8,6)(5,7)) 0.011764705882352941
((8,6)(6,5)) 0.058823529411764705
((8,0)(8,0)) 0.803030303030303
((8,0)(7,1)) 0.030303030303030304
((8,0)(8,3)) 0.015151515151515152
((8,0)(4,4)) 0.015151515151515152
((8,0)(6,3)) 0.045454545454545456
((8,0)(7,3)) 0.030303030303030304
((8,0)(9,4)) 0.015151515151515152
((8,0)(5,0)) 0.045454545454545456
((2,1)(2,1)) 0.7647058823529411
((2,1)(2,2)) 0.0457516339869281
((2,1)(3,3)) 0.006535947712418301
((2,1)(2,0)) 0.0196078431372549
((2,1)(3,1)) 0.032679738562091505
((2,1)(5,3)) 0.0196078431372549
((2,1)(4,3)) 0.032679738562091505
((2,1)(4,0)) 0.006535947712418301
((2,1)(1,1)) 0.0196078431372549
((2,1)(3,0)) 0.013071895424836602
((2,1)(1,3)) 0.013071895424836602
((2,1)(1,2)) 0.006535947712418301
((2,1)(6,3)) 0.006535947712418301
((2,1)(2,3)) 0.006535947712418301
((2,1)(5,4)) 0.006535947712418301
((6,8)(6,8)) 0.7575757575757576
((6,8)(3,6)) 0.045454545454545456
((6,8)(4,6)) 0.06060606060606061
((6,8)(6,7)) 0.09090909090909091
((6,8)(5,7)) 0.015151515151515152
((6,8)(5,8)) 0.015151515151515152
((6,8)(5,4)) 0.015151515151515152
((9,7)(9,7)) 0.7326732673267327
((9,7)(5,4)) 0.0594059405940594
((9,7)(9,8)) 0.07920792079207921
((9,7)(8,6)) 0.0297029702970297
((9,7)(4,4)) 0.009900990099009901
((9,7)(6,5)) 0.019801980198019802
((9,7)(8,4)) 0.009900990099009901
((9,7)(8,7)) 0.0297029702970297
((9,7)(6,4)) 0.009900990099009901
((9,7)(6,3)) 0.019801980198019802
((5,1)(5,1)) 0.8153846153846154
((5,1)(5,3)) 0.08076923076923077
((5,1)(5,0)) 0.026923076923076925
((5,1)(5,2)) 0.03076923076923077
((5,1)(5,4)) 0.011538461538461539
((5,1)(6,4)) 0.0038461538461538464
((5,1)(6,0)) 0.011538461538461539
((5,1)(6,5)) 0.0038461538461538464
((5,1)(4,4)) 0.0038461538461538464
((5,1)(4,3)) 0.0038461538461538464
((5,1)(5,5)) 0.0038461538461538464
((5,1)(4,1)) 0.0038461538461538464
((7,2)(7,2)) 0.6619718309859155
((7,2)(6,3)) 0.1267605633802817
((7,2)(5,3)) 0.11267605633802817
((7,2)(5,4)) 0.014084507042253521
((7,2)(8,2)) 0.04225352112676056
((7,2)(8,1)) 0.014084507042253521
((7,2)(7,3)) 0.028169014084507043
((7,0)(7,0)) 0.6086956521739131
((7,0)(6,1)) 0.17391304347826086
((7,0)(6,0)) 0.13043478260869565
((7,0)(5,4)) 0.043478260869565216
((7,0)(7,1)) 0.043478260869565216
((9,5)(9,5)) 0.5882352941176471
((9,5)(5,4)) 0.058823529411764705
((9,5)(8,5)) 0.17647058823529413
((9,5)(9,6)) 0.058823529411764705
((9,5)(5,7)) 0.058823529411764705
((9,5)(6,4)) 0.058823529411764705
((10,4)(10,4)) 0.6666666666666666
((10,4)(5,4)) 0.16666666666666666
((10,4)(9,5)) 0.041666666666666664
((10,4)(9,8)) 0.041666666666666664
((10,4)(5,3)) 0.041666666666666664
((10,4)(9,4)) 0.041666666666666664
((3,9)(3,9)) 0.7692307692307693
((3,9)(4,9)) 0.15384615384615385
((3,9)(3,4)) 0.07692307692307693
((7,4)(7,4)) 0.6621621621621622
((7,4)(4,4)) 0.04054054054054054
((7,4)(5,6)) 0.02702702702702703
((7,4)(5,5)) 0.0945945945945946
((7,4)(5,4)) 0.05405405405405406
((7,4)(8,4)) 0.013513513513513514
((7,4)(7,3)) 0.013513513513513514
((7,4)(6,5)) 0.05405405405405406
((7,4)(6,4)) 0.013513513513513514
((7,4)(2,4)) 0.013513513513513514
((7,4)(4,3)) 0.013513513513513514
((3,5)(3,5)) 0.625
((3,5)(2,4)) 0.125
((3,5)(3,4)) 0.0625
((3,5)(4,5)) 0.125
((3,5)(4,6)) 0.0625
((8,1)(8,1)) 0.5384615384615384
((8,1)(4,6)) 0.07692307692307693
((8,1)(6,1)) 0.07692307692307693
((8,1)(8,3)) 0.07692307692307693
((8,1)(8,2)) 0.15384615384615385
((8,1)(8,0)) 0.07692307692307693
((7,5)(7,5)) 0.6
((7,5)(4,2)) 0.05
((7,5)(6,5)) 0.125
((7,5)(5,4)) 0.075
((7,5)(7,4)) 0.05
((7,5)(4,9)) 0.025
((7,5)(3,4)) 0.025
((7,5)(8,4)) 0.025
((7,5)(4,3)) 0.025
((9,6)(9,6)) 0.5714285714285714
((9,6)(8,7)) 0.07142857142857142
((9,6)(4,5)) 0.07142857142857142
((9,6)(8,6)) 0.14285714285714285
((9,6)(9,7)) 0.07142857142857142
((9,6)(8,4)) 0.07142857142857142
((7,7)(7,7)) 0.7794117647058824
((7,7)(5,4)) 0.058823529411764705
((7,7)(9,8)) 0.058823529411764705
((7,7)(8,7)) 0.04411764705882353
((7,7)(8,6)) 0.029411764705882353
((7,7)(6,7)) 0.014705882352941176
((7,7)(4,3)) 0.014705882352941176
((7,8)(7,8)) 0.75
((7,8)(7,6)) 0.1
((7,8)(5,7)) 0.05
((7,8)(6,5)) 0.1
((3,7)(3,7)) 0.8571428571428571
((3,7)(4,7)) 0.14285714285714285
((6,9)(6,9)) 0.7058823529411765
((6,9)(4,3)) 0.058823529411764705
((6,9)(5,3)) 0.0784313725490196
((6,9)(6,3)) 0.0196078431372549
((6,9)(5,9)) 0.0196078431372549
((6,9)(7,9)) 0.0196078431372549
((6,9)(5,7)) 0.0392156862745098
((6,9)(3,3)) 0.0196078431372549
((6,9)(5,8)) 0.0196078431372549
((6,9)(6,4)) 0.0196078431372549
((7,9)(7,9)) 0.6
((7,9)(5,4)) 0.3
((7,9)(6,6)) 0.1
