((7,3)(7,3)) 318
((7,3)(4,2)) 2
((4,2)(4,2)) 492
((4,2)(7,3)) 2
((3,3)(3,3)) 1372
((3,3)(4,4)) 50
((4,4)(4,4)) 2242
((4,4)(4,3)) 84
((4,3)(4,3)) 2486
((4,3)(5,3)) 117
((5,3)(5,3)) 2755
((5,3)(4,3)) 112
((4,3)(4,2)) 53
((4,2)(4,3)) 53
((8,4)(8,4)) 86
((8,4)(5,4)) 3
((5,4)(5,4)) 6018
((5,4)(8,4)) 5
((8,4)(4,3)) 1
((4,3)(3,3)) 73
((3,3)(1,4)) 7
((1,4)(1,4)) 175
((1,4)(3,3)) 7
((3,3)(5,4)) 47
((5,4)(4,4)) 193
((4,4)(5,4)) 197
((5,6)(5,6)) 60
((5,6)(5,4)) 14
((5,4)(6,4)) 47
((6,4)(6,4)) 541
((6,4)(5,4)) 45
((5,4)(5,6)) 10
((5,4)(5,7)) 12
((5,7)(5,7)) 355
((5,7)(5,4)) 17
((7,1)(7,1)) 52
((7,1)(4,4)) 2
((4,4)(7,1)) 1
((7,1)(6,2)) 3
((6,2)(6,2)) 206
((6,2)(6,1)) 16
((6,1)(6,1)) 73
((6,1)(7,1)) 1
((4,3)(4,4)) 94
((5,3)(5,2)) 106
((5,2)(5,2)) 817
((5,2)(6,1)) 2
((6,1)(5,2)) 2
((5,2)(4,3)) 25
((2,4)(2,4)) 30
((2,4)(1,4)) 6
((1,4)(4,7)) 1
((4,7)(4,7)) 91
((4,7)(5,3)) 5
((5,3)(4,7)) 2
((5,3)(4,5)) 6
((4,5)(4,5)) 262
((4,5)(4,7)) 5
((5,3)(5,4)) 138
((6,3)(6,3)) 1845
((6,3)(5,3)) 95
((5,3)(5,6)) 7
((5,6)(4,4)) 2
((4,4)(6,3)) 23
((5,3)(6,3)) 94
((3,3)(0,2)) 5
((0,2)(0,2)) 17
((0,2)(5,3)) 3
((5,3)(4,4)) 47
((4,4)(3,6)) 5
((3,6)(3,6)) 185
((3,6)(4,9)) 3
((4,9)(4,9)) 373
((4,9)(7,3)) 1
((7,3)(5,3)) 10
((5,4)(6,3)) 64
((6,3)(4,5)) 8
((4,5)(4,9)) 9
((4,9)(4,4)) 22
((6,3)(5,4)) 80
((5,4)(5,3)) 125
((5,5)(5,5)) 474
((5,5)(5,4)) 42
((5,4)(3,3)) 65
((3,3)(2,3)) 48
((2,3)(2,3)) 609
((2,3)(3,3)) 39
((3,3)(5,5)) 14
((2,2)(2,2)) 567
((2,2)(4,1)) 4
((4,1)(4,1)) 342
((4,1)(3,0)) 12
((3,0)(3,0)) 370
((3,0)(2,2)) 9
((4,1)(2,2)) 1
((4,1)(3,3)) 2
((4,4)(4,1)) 6
((3,0)(4,1)) 13
((4,1)(4,4)) 5
((3,6)(4,1)) 1
((2,3)(1,3)) 19
((1,3)(1,3)) 199
((1,3)(2,3)) 22
((4,3)(6,3)) 51
((6,3)(4,3)) 51
((4,3)(3,2)) 34
((3,2)(3,2)) 247
((3,2)(4,3)) 27
((5,4)(4,3)) 80
((8,2)(8,2)) 211
((8,2)(9,2)) 7
((9,2)(9,2)) 40
((9,2)(6,4)) 2
((4,3)(7,3)) 6
((7,3)(9,3)) 4
((9,3)(9,3)) 44
((9,3)(9,2)) 1
((6,0)(6,0)) 184
((6,0)(5,3)) 20
((5,3)(6,0)) 21
((4,3)(6,0)) 2
((8,3)(8,3)) 79
((8,3)(5,3)) 4
((5,3)(8,3)) 2
((4,3)(8,3)) 2
((8,3)(8,4)) 1
((8,4)(8,3)) 1
((8,3)(7,3)) 4
((5,3)(4,8)) 2
((4,8)(4,8)) 67
((4,8)(5,7)) 8
((5,7)(4,7)) 2
((4,7)(4,9)) 2
((4,9)(5,3)) 2
((4,5)(6,3)) 10
((4,3)(4,5)) 5
((3,3)(4,3)) 71
((1,1)(1,1)) 106
((4,0)(4,0)) 472
((4,0)(4,2)) 7
((4,2)(5,3)) 48
((5,3)(4,0)) 23
((4,0)(5,3)) 25
((5,2)(6,5)) 2
((6,5)(6,5)) 354
((6,5)(6,4)) 25
((6,4)(6,3)) 46
((6,3)(6,2)) 36
((6,2)(6,3)) 40
((6,3)(6,4)) 42
((6,4)(6,5)) 25
((6,2)(5,2)) 2
((6,2)(4,2)) 3
((4,2)(6,2)) 1
((4,2)(5,4)) 13
((4,3)(5,4)) 83
((9,8)(9,8)) 131
((9,8)(5,4)) 12
((5,4)(9,8)) 19
((9,8)(8,8)) 14
((8,8)(8,8)) 42
((8,8)(9,8)) 14
((9,8)(8,7)) 2
((8,7)(8,7)) 273
((2,3)(4,3)) 8
((4,3)(2,3)) 10
((5,3)(2,3)) 2
((2,3)(2,2)) 15
((2,2)(4,4)) 15
((4,4)(2,3)) 15
((2,3)(4,4)) 15
((4,4)(4,9)) 19
((4,9)(4,3)) 5
((5,4)(4,9)) 8
((4,9)(5,9)) 4
((5,9)(5,9)) 447
((5,9)(4,3)) 1
((6,5)(5,4)) 42
((5,4)(6,5)) 35
((6,5)(5,7)) 3
((5,7)(4,9)) 8
((4,9)(5,7)) 6
((4,5)(5,4)) 6
((5,4)(8,2)) 11
((8,2)(4,5)) 1
((5,3)(4,2)) 39
((4,2)(2,2)) 1
((2,2)(3,2)) 4
((3,2)(4,2)) 6
((4,2)(3,2)) 2
((4,3)(5,5)) 9
((5,5)(4,3)) 12
((4,6)(4,6)) 127
((4,4)(7,3)) 7
((7,3)(8,2)) 10
((8,2)(5,4)) 8
((4,4)(8,2)) 6
((8,2)(4,4)) 10
((5,3)(5,0)) 17
((5,0)(5,0)) 303
((5,0)(5,4)) 6
((5,4)(4,2)) 14
((5,5)(5,7)) 10
((5,4)(5,5)) 51
((4,4)(5,5)) 20
((5,7)(5,5)) 6
((4,4)(3,2)) 2
((4,4)(3,3)) 39
((5,7)(4,8)) 7
((6,3)(5,2)) 11
((9,8)(6,4)) 7
((5,4)(2,3)) 16
((4,3)(3,1)) 11
((3,1)(3,1)) 284
((3,1)(4,4)) 2
((4,4)(4,5)) 19
((4,4)(1,3)) 6
((1,3)(1,2)) 36
((1,2)(1,2)) 400
((1,2)(1,3)) 34
((5,0)(6,3)) 3
((4,4)(5,3)) 48
((3,1)(5,4)) 4
((3,1)(4,3)) 14
((3,1)(5,3)) 2
((2,2)(4,3)) 23
((4,3)(2,2)) 23
((2,2)(2,3)) 8
((3,3)(2,2)) 26
((2,2)(3,3)) 17
((2,2)(0,4)) 1
((0,4)(0,4)) 1
((0,4)(2,2)) 1
((1,1)(4,3)) 13
((4,3)(1,1)) 17
((2,2)(1,1)) 5
((5,4)(1,1)) 3
((4,0)(4,9)) 1
((3,3)(2,4)) 1
((2,4)(4,3)) 1
((4,3)(2,4)) 1
((3,3)(1,2)) 10
((1,2)(5,4)) 17
((5,4)(6,2)) 3
((6,2)(5,4)) 2
((5,7)(6,6)) 4
((6,6)(6,6)) 166
((6,6)(5,5)) 4
((5,5)(6,6)) 8
((6,6)(6,5)) 10
((1,1)(2,2)) 3
((5,4)(6,6)) 14
((6,6)(4,4)) 7
((4,4)(6,7)) 1
((6,7)(6,7)) 27
((6,7)(5,5)) 1
((4,4)(5,9)) 8
((5,9)(5,4)) 17
((5,3)(3,3)) 38
((3,3)(3,4)) 31
((3,4)(3,4)) 583
((5,4)(8,5)) 1
((8,5)(8,5)) 43
((8,5)(6,4)) 1
((5,3)(4,1)) 23
((4,1)(4,0)) 10
((5,2)(5,3)) 104
((4,1)(5,3)) 25
((5,7)(5,8)) 9
((5,8)(5,8)) 214
((5,8)(5,7)) 17
((3,3)(6,4)) 6
((6,4)(8,7)) 1
((8,7)(5,4)) 3
((5,4)(7,6)) 9
((7,6)(7,6)) 52
((7,6)(8,7)) 4
((8,7)(3,3)) 1
((3,3)(8,7)) 1
((5,4)(8,7)) 2
((3,1)(3,3)) 10
((3,3)(3,1)) 8
((3,1)(2,0)) 5
((2,0)(2,0)) 65
((2,0)(3,1)) 6
((4,2)(4,1)) 19
((4,1)(4,3)) 6
((4,3)(4,1)) 9
((4,1)(3,1)) 7
((3,1)(4,1)) 6
((3,1)(4,2)) 3
((4,2)(3,1)) 2
((6,1)(6,3)) 10
((5,4)(9,3)) 3
((9,3)(9,4)) 2
((9,4)(9,4)) 56
((9,4)(8,6)) 1
((8,6)(8,6)) 63
((8,6)(6,6)) 1
((6,6)(5,4)) 8
((4,6)(4,3)) 6
((4,3)(4,6)) 5
((4,6)(5,2)) 1
((7,1)(6,3)) 5
((6,3)(8,0)) 3
((8,0)(8,0)) 53
((8,0)(7,1)) 2
((7,1)(8,0)) 1
((8,0)(8,3)) 1
((8,3)(9,3)) 1
((1,4)(5,4)) 3
((2,2)(3,1)) 6
((3,1)(2,2)) 9
((2,2)(6,3)) 4
((1,4)(6,3)) 2
((6,3)(4,4)) 32
((4,4)(1,4)) 10
((5,9)(4,4)) 9
((5,9)(5,8)) 9
((5,8)(5,9)) 12
((5,4)(5,9)) 9
((5,9)(5,7)) 10
((5,7)(5,9)) 14
((2,1)(2,1)) 117
((2,1)(2,2)) 7
((2,2)(2,1)) 12
((2,1)(3,3)) 1
((1,2)(2,1)) 3
((3,2)(2,0)) 2
((2,0)(1,2)) 2
((1,2)(2,0)) 1
((2,0)(1,1)) 2
((1,1)(1,3)) 1
((2,1)(2,0)) 3
((1,1)(1,2)) 2
((1,3)(2,1)) 2
((6,8)(6,8)) 50
((6,8)(3,6)) 3
((3,6)(6,8)) 1
((6,8)(4,6)) 4
((4,6)(4,7)) 6
((4,7)(6,8)) 2
((6,8)(6,7)) 6
((6,7)(4,6)) 1
((6,7)(6,8)) 5
((4,6)(6,8)) 3
((4,4)(1,2)) 13
((1,2)(4,4)) 12
((1,2)(3,3)) 9
((5,4)(9,7)) 5
((9,7)(9,7)) 74
((9,7)(5,4)) 6
((6,1)(4,9)) 1
((6,5)(9,8)) 5
((1,2)(2,2)) 22
((2,2)(1,2)) 23
((5,4)(2,2)) 5
((3,3)(5,3)) 34
((6,0)(5,1)) 2
((5,1)(5,1)) 212
((5,1)(5,3)) 21
((5,3)(7,1)) 5
((7,1)(7,2)) 1
((7,2)(7,2)) 47
((7,2)(6,3)) 9
((5,5)(6,4)) 2
((6,4)(5,3)) 12
((2,3)(5,4)) 15
((1,4)(4,4)) 10
((7,6)(4,4)) 1
((4,4)(3,4)) 52
((3,4)(5,4)) 19
((6,4)(4,3)) 5
((5,3)(6,2)) 13
((6,1)(4,3)) 3
((8,2)(7,3)) 8
((7,3)(4,3)) 4
((1,1)(4,9)) 1
((1,2)(1,1)) 1
((4,3)(6,4)) 5
((3,0)(4,2)) 6
((4,2)(3,0)) 9
((3,0)(5,9)) 1
((5,8)(5,4)) 5
((5,7)(3,0)) 1
((5,5)(5,9)) 5
((3,3)(6,1)) 1
((6,1)(3,3)) 1
((3,3)(7,0)) 1
((7,0)(7,0)) 14
((7,0)(6,1)) 4
((6,3)(3,4)) 7
((2,3)(9,4)) 1
((9,4)(8,2)) 1
((8,2)(2,3)) 2
((5,4)(5,2)) 23
((5,2)(5,4)) 23
((6,6)(6,7)) 5
((6,7)(6,6)) 3
((3,3)(1,3)) 5
((6,2)(6,0)) 5
((6,0)(6,3)) 12
((4,4)(2,2)) 14
((4,9)(2,2)) 2
((2,2)(4,9)) 1
((5,4)(9,5)) 1
((9,5)(9,5)) 10
((9,5)(5,4)) 1
((5,4)(10,4)) 3
((10,4)(10,4)) 16
((10,4)(5,4)) 4
((6,5)(10,4)) 2
((5,3)(1,4)) 1
((1,4)(5,3)) 1
((8,3)(4,8)) 1
((4,8)(8,2)) 4
((8,2)(8,3)) 6
((8,3)(8,2)) 6
((8,2)(4,8)) 3
((8,3)(5,4)) 6
((5,4)(8,3)) 7
((5,2)(4,1)) 3
((4,1)(4,2)) 19
((3,1)(3,2)) 10
((3,2)(4,1)) 1
((6,1)(5,3)) 4
((6,1)(6,2)) 6
((6,2)(5,3)) 5
((4,2)(3,3)) 1
((4,3)(6,1)) 1
((6,1)(3,2)) 1
((3,2)(3,1)) 8
((4,3)(7,0)) 3
((7,0)(6,0)) 3
((6,0)(6,2)) 3
((6,2)(4,4)) 5
((6,0)(6,1)) 6
((6,1)(4,5)) 1
((6,3)(6,0)) 13
((6,0)(7,0)) 2
((6,4)(4,4)) 12
((6,5)(6,6)) 10
((5,3)(7,3)) 12
((6,3)(7,3)) 24
((2,3)(1,2)) 8
((1,3)(2,2)) 2
((2,1)(3,1)) 5
((2,2)(1,4)) 1
((1,4)(1,2)) 1
((2,1)(5,3)) 3
((5,3)(2,1)) 6
((2,1)(4,3)) 5
((4,3)(2,0)) 3
((2,0)(2,1)) 2
((2,1)(4,0)) 1
((4,0)(2,1)) 2
((4,3)(3,4)) 8
((3,4)(5,3)) 8
((5,3)(5,1)) 16
((5,0)(5,3)) 13
((2,0)(4,3)) 1
((4,2)(5,5)) 3
((5,5)(4,2)) 3
((4,0)(4,4)) 3
((4,9)(5,4)) 7
((5,5)(4,4)) 19
((6,6)(5,3)) 5
((5,2)(6,6)) 1
((6,6)(5,7)) 5
((5,4)(1,3)) 4
((1,3)(5,4)) 3
((4,5)(5,3)) 9
((5,2)(5,0)) 7
((3,4)(4,4)) 36
((4,5)(4,4)) 19
((3,4)(4,2)) 2
((5,4)(1,2)) 8
((1,2)(4,3)) 5
((4,3)(1,2)) 5
((1,3)(4,4)) 3
((3,2)(4,4)) 1
((5,4)(7,3)) 14
((4,4)(9,8)) 1
((4,9)(3,9)) 2
((3,9)(3,9)) 10
((3,9)(4,9)) 2
((4,9)(4,5)) 8
((4,5)(4,3)) 3
((3,3)(2,0)) 2
((4,4)(5,2)) 13
((5,2)(5,1)) 6
((5,1)(5,0)) 7
((5,0)(2,0)) 1
((2,3)(3,1)) 1
((4,4)(3,9)) 1
((5,3)(4,9)) 3
((1,4)(4,1)) 1
((3,3)(3,2)) 20
((3,2)(5,4)) 7
((3,2)(3,3)) 20
((4,3)(7,4)) 3
((7,4)(7,4)) 49
((7,4)(4,4)) 3
((7,1)(4,3)) 2
((6,3)(8,2)) 5
((8,2)(4,3)) 1
((5,3)(3,0)) 3
((5,4)(6,1)) 2
((6,1)(5,4)) 1
((4,2)(4,4)) 6
((8,4)(8,5)) 2
((8,5)(9,5)) 3
((9,5)(8,5)) 3
((8,5)(8,4)) 2
((4,4)(6,2)) 4
((6,1)(5,1)) 2
((5,1)(5,2)) 8
((4,3)(5,1)) 3
((3,2)(2,4)) 1
((2,4)(3,2)) 1
((3,2)(1,1)) 2
((1,1)(3,2)) 2
((3,2)(2,3)) 1
((2,3)(3,2)) 2
((3,0)(4,3)) 4
((3,2)(5,0)) 2
((5,0)(5,2)) 8
((5,2)(6,2)) 4
((6,2)(4,3)) 5
((5,3)(7,2)) 8
((7,2)(5,3)) 8
((6,3)(7,2)) 5
((5,2)(3,4)) 3
((3,4)(3,3)) 24
((4,3)(3,0)) 3
((3,0)(6,2)) 1
((4,3)(4,0)) 5
((7,3)(5,4)) 13
((1,2)(2,3)) 9
((2,2)(5,4)) 6
((2,2)(3,0)) 4
((7,4)(5,6)) 2
((5,4)(7,4)) 6
((7,4)(5,5)) 7
((5,5)(7,4)) 6
((5,5)(5,6)) 5
((7,4)(5,4)) 4
((4,7)(4,4)) 6
((4,4)(4,7)) 7
((2,2)(5,3)) 8
((5,2)(4,2)) 10
((3,2)(2,2)) 2
((5,3)(2,2)) 8
((3,3)(6,3)) 7
((6,3)(3,3)) 5
((6,3)(1,2)) 2
((1,2)(6,3)) 4
((7,3)(1,2)) 2
((5,4)(8,6)) 5
((8,6)(5,4)) 1
((4,4)(5,0)) 5
((3,4)(4,3)) 8
((7,6)(5,4)) 8
((4,1)(6,3)) 1
((6,3)(4,1)) 1
((4,4)(3,0)) 3
((3,0)(3,1)) 13
((3,1)(3,0)) 12
((5,4)(4,5)) 9
((5,4)(5,0)) 4
((3,2)(1,2)) 2
((6,6)(6,4)) 2
((4,4)(6,5)) 6
((2,3)(1,4)) 5
((1,4)(2,3)) 4
((2,3)(4,5)) 1
((4,5)(3,5)) 1
((3,5)(3,5)) 10
((3,5)(2,4)) 2
((5,4)(7,0)) 1
((7,0)(5,4)) 1
((5,4)(3,4)) 13
((7,3)(5,9)) 1
((5,9)(5,3)) 9
((3,3)(5,6)) 1
((5,6)(5,8)) 2
((5,8)(3,3)) 1
((4,4)(5,6)) 2
((5,6)(2,3)) 1
((0,2)(1,2)) 5
((1,2)(0,2)) 4
((2,2)(0,2)) 1
((2,1)(1,1)) 3
((1,1)(3,3)) 1
((1,1)(2,1)) 2
((6,3)(8,3)) 3
((8,3)(6,4)) 2
((6,4)(8,3)) 1
((8,3)(4,3)) 2
((1,2)(5,5)) 2
((5,5)(3,4)) 2
((4,7)(4,5)) 1
((4,7)(4,6)) 4
((4,6)(3,4)) 3
((3,4)(5,7)) 1
((4,0)(5,4)) 5
((4,0)(4,1)) 7
((6,0)(4,4)) 1
((5,3)(3,1)) 4
((3,1)(2,1)) 4
((5,5)(4,5)) 4
((4,5)(5,5)) 3
((4,0)(1,3)) 1
((2,3)(4,0)) 1
((3,3)(4,9)) 3
((7,2)(5,4)) 1
((5,4)(7,2)) 1
((7,2)(8,2)) 3
((8,2)(7,2)) 3
((7,2)(8,1)) 1
((8,1)(8,1)) 7
((5,0)(6,0)) 4
((6,0)(5,2)) 3
((5,2)(6,3)) 13
((5,2)(4,4)) 12
((4,1)(6,1)) 1
((6,1)(7,0)) 3
((3,2)(5,1)) 1
((5,0)(5,7)) 1
((5,9)(4,9)) 6
((5,6)(5,7)) 3
((2,3)(8,2)) 1
((6,3)(9,3)) 1
((9,3)(8,2)) 2
((5,9)(6,5)) 4
((6,5)(5,5)) 11
((5,5)(3,2)) 2
((3,2)(5,9)) 1
((4,3)(5,2)) 21
((4,9)(4,7)) 1
((2,2)(4,6)) 1
((4,6)(4,9)) 1
((4,2)(5,0)) 1
((5,0)(4,2)) 2
((4,2)(5,2)) 9
((2,3)(5,3)) 4
((5,2)(2,3)) 1
((8,0)(4,4)) 1
((5,3)(3,2)) 1
((3,2)(5,3)) 4
((5,7)(4,6)) 1
((4,6)(4,5)) 6
((6,5)(5,8)) 1
((9,2)(8,2)) 4
((9,2)(5,4)) 2
((6,1)(4,1)) 1
((1,2)(5,0)) 1
((5,0)(3,3)) 3
((7,5)(7,5)) 24
((7,5)(4,2)) 2
((4,2)(6,5)) 4
((6,5)(7,5)) 6
((7,5)(6,5)) 5
((6,5)(4,2)) 3
((7,5)(5,4)) 3
((5,4)(7,5)) 6
((8,0)(6,3)) 3
((6,3)(6,5)) 5
((5,4)(5,8)) 10
((5,7)(8,7)) 9
((8,7)(9,8)) 2
((9,8)(5,9)) 1
((3,3)(5,9)) 2
((4,3)(5,9)) 3
((5,1)(5,4)) 3
((5,4)(5,1)) 7
((5,1)(6,4)) 1
((5,3)(6,4)) 12
((5,9)(4,8)) 3
((4,8)(5,9)) 1
((9,7)(9,8)) 8
((9,8)(6,5)) 6
((6,5)(9,7)) 3
((9,8)(9,7)) 9
((9,7)(8,6)) 3
((8,6)(9,6)) 1
((9,6)(9,6)) 8
((9,6)(8,7)) 1
((6,5)(7,7)) 1
((7,7)(7,7)) 53
((7,7)(5,4)) 4
((4,4)(6,4)) 5
((6,4)(7,7)) 1
((5,4)(7,7)) 2
((7,3)(3,3)) 3
((2,3)(7,3)) 1
((7,3)(6,4)) 7
((3,6)(4,3)) 2
((4,5)(3,4)) 13
((3,3)(7,3)) 3
((3,0)(3,3)) 1
((4,0)(5,0)) 2
((5,3)(3,4)) 9
((7,8)(7,8)) 15
((7,8)(7,6)) 2
((7,6)(6,4)) 2
((6,4)(7,6)) 3
((7,6)(7,8)) 3
((4,2)(2,3)) 1
((5,7)(3,3)) 4
((3,3)(5,7)) 2
((5,5)(8,1)) 1
((8,1)(4,6)) 1
((5,6)(5,5)) 3
((5,5)(6,5)) 5
((6,4)(7,3)) 11
((8,7)(8,6)) 1
((8,6)(9,7)) 1
((8,6)(8,7)) 2
((5,4)(2,0)) 1
((2,2)(1,3)) 2
((3,1)(1,2)) 1
((7,3)(6,3)) 25
((6,5)(6,3)) 6
((5,8)(9,8)) 1
((9,8)(5,8)) 3
((5,9)(9,8)) 1
((4,2)(4,0)) 4
((5,4)(4,0)) 6
((8,3)(9,2)) 1
((9,2)(8,3)) 1
((5,5)(7,3)) 1
((4,3)(1,4)) 2
((6,4)(7,4)) 6
((7,4)(8,4)) 1
((8,4)(9,4)) 4
((9,4)(6,4)) 2
((6,5)(9,4)) 4
((7,4)(7,3)) 1
((1,4)(2,4)) 6
((2,4)(3,3)) 4
((1,4)(4,3)) 4
((4,3)(7,1)) 2
((5,5)(5,3)) 5
((5,3)(6,6)) 3
((5,2)(5,8)) 1
((5,8)(6,6)) 2
((3,4)(3,5)) 2
((4,8)(4,9)) 3
((9,7)(4,4)) 1
((6,3)(4,9)) 1
((6,5)(1,4)) 3
((4,4)(5,8)) 3
((5,7)(6,5)) 2
((5,8)(6,5)) 1
((5,8)(4,4)) 2
((8,7)(6,4)) 2
((4,4)(7,6)) 1
((2,2)(3,4)) 1
((5,3)(3,6)) 2
((3,6)(4,5)) 3
((3,6)(5,3)) 2
((4,5)(3,6)) 6
((8,2)(8,0)) 1
((8,0)(7,3)) 2
((7,3)(8,0)) 1
((9,4)(4,3)) 2
((4,3)(9,3)) 2
((9,3)(4,3)) 1
((4,3)(9,4)) 1
((5,7)(9,6)) 1
((9,6)(4,5)) 1
((4,5)(5,7)) 3
((5,7)(4,4)) 5
((4,4)(5,7)) 8
((5,7)(4,5)) 4
((5,6)(5,3)) 3
((5,6)(6,3)) 1
((4,1)(3,4)) 2
((3,4)(3,0)) 1
((7,7)(9,8)) 4
((9,8)(7,7)) 4
((7,7)(8,7)) 3
((8,7)(7,7)) 3
((7,7)(8,6)) 2
((8,6)(7,7)) 2
((8,6)(8,3)) 1
((8,3)(8,1)) 1
((8,1)(6,1)) 1
((6,1)(8,1)) 1
((8,1)(8,3)) 1
((8,3)(8,6)) 1
((4,9)(6,0)) 1
((4,7)(4,3)) 2
((6,6)(4,3)) 6
((7,1)(5,3)) 4
((4,4)(6,6)) 3
((5,5)(3,3)) 9
((7,3)(4,4)) 5
((4,4)(3,1)) 3
((1,2)(3,0)) 5
((3,0)(1,2)) 5
((4,7)(3,4)) 1
((8,3)(6,3)) 2
((9,4)(5,4)) 3
((5,1)(6,0)) 3
((4,2)(1,2)) 1
((8,2)(5,3)) 3
((5,3)(8,2)) 5
((7,8)(5,7)) 1
((4,9)(7,6)) 1
((5,3)(8,1)) 1
((8,1)(8,2)) 2
((8,2)(5,7)) 1
((4,9)(9,5)) 1
((5,3)(5,7)) 1
((5,9)(6,3)) 1
((6,3)(5,9)) 1
((3,3)(8,0)) 1
((4,7)(3,3)) 3
((3,3)(4,7)) 1
((3,3)(4,5)) 4
((4,5)(4,6)) 5
((4,7)(3,7)) 1
((3,7)(3,7)) 6
((5,8)(5,5)) 6
((5,5)(5,8)) 4
((5,6)(6,6)) 2
((6,6)(5,8)) 1
((5,8)(8,8)) 1
((8,8)(5,8)) 1
((9,3)(4,8)) 3
((4,8)(9,3)) 2
((4,8)(3,6)) 2
((3,6)(4,4)) 1
((9,3)(5,4)) 1
((3,3)(8,2)) 1
((8,2)(9,3)) 3
((5,3)(5,9)) 4
((4,9)(3,6)) 1
((3,6)(1,2)) 1
((1,3)(1,4)) 2
((4,5)(3,2)) 2
((5,4)(3,2)) 2
((3,2)(4,5)) 1
((3,1)(4,0)) 1
((4,0)(3,1)) 2
((3,1)(2,3)) 2
((5,6)(4,3)) 1
((1,3)(3,3)) 1
((6,3)(9,2)) 1
((8,2)(6,3)) 1
((6,1)(6,0)) 4
((6,3)(6,1)) 7
((4,4)(4,2)) 3
((3,4)(4,5)) 11
((8,4)(6,5)) 6
((6,3)(8,4)) 2
((6,5)(8,4)) 6
((8,4)(6,3)) 1
((8,4)(7,6)) 1
((7,6)(6,5)) 4
((5,3)(8,4)) 1
((3,4)(3,2)) 1
((6,3)(7,1)) 2
((2,3)(4,9)) 1
((4,9)(4,1)) 1
((6,0)(4,5)) 1
((4,2)(7,1)) 1
((5,3)(7,6)) 2
((5,2)(8,6)) 1
((3,0)(5,3)) 2
((7,5)(7,4)) 2
((6,3)(9,4)) 1
((9,4)(9,5)) 1
((9,5)(9,6)) 1
((9,6)(8,6)) 2
((7,7)(6,7)) 1
((6,8)(5,7)) 1
((4,9)(4,8)) 3
((4,7)(3,6)) 3
((3,6)(4,6)) 8
((7,2)(7,3)) 2
((6,3)(2,2)) 2
((3,4)(5,5)) 2
((1,1)(5,4)) 1
((5,7)(9,4)) 1
((9,4)(5,6)) 1
((5,6)(5,9)) 1
((5,7)(10,4)) 1
((10,4)(9,5)) 1
((9,5)(5,7)) 1
((4,9)(9,4)) 1
((9,4)(8,7)) 1
((8,7)(5,7)) 7
((5,9)(5,6)) 1
((5,6)(3,3)) 1
((5,0)(5,1)) 8
((5,3)(4,6)) 1
((5,4)(3,1)) 6
((6,3)(4,2)) 2
((7,3)(8,3)) 2
((1,4)(5,9)) 1
((0,2)(4,4)) 1
((4,8)(5,8)) 2
((6,4)(6,6)) 1
((5,4)(8,8)) 2
((8,8)(5,5)) 1
((4,3)(7,7)) 1
((8,4)(9,7)) 1
((9,7)(6,5)) 2
((9,8)(8,4)) 1
((8,4)(9,8)) 2
((9,7)(8,4)) 1
((10,4)(9,8)) 1
((8,7)(9,7)) 2
((8,4)(10,4)) 1
((10,4)(5,3)) 1
((4,0)(6,3)) 1
((6,3)(7,6)) 1
((8,2)(6,5)) 1
((6,5)(8,2)) 1
((8,2)(3,3)) 1
((4,3)(8,2)) 1
((6,9)(6,9)) 36
((6,9)(4,3)) 3
((4,3)(6,9)) 2
((6,9)(5,3)) 4
((5,3)(6,9)) 6
((3,4)(6,9)) 1
((8,7)(5,8)) 1
((8,7)(6,6)) 1
((6,6)(5,9)) 2
((8,7)(9,6)) 1
((9,6)(9,7)) 1
((9,7)(8,7)) 3
((3,6)(8,6)) 2
((8,6)(3,6)) 2
((3,6)(8,8)) 1
((8,8)(8,6)) 1
((5,4)(9,6)) 1
((8,6)(5,9)) 1
((3,6)(3,7)) 1
((6,3)(5,0)) 3
((5,0)(4,3)) 7
((4,3)(5,0)) 4
((4,9)(8,2)) 1
((6,9)(6,3)) 1
((6,9)(5,9)) 1
((5,2)(6,0)) 1
((4,3)(7,5)) 1
((4,2)(8,6)) 1
((8,6)(7,6)) 1
((6,2)(4,8)) 1
((4,8)(6,2)) 1
((9,4)(6,5)) 4
((7,3)(9,2)) 1
((9,2)(7,3)) 2
((3,6)(6,3)) 2
((3,4)(6,3)) 5
((7,9)(7,9)) 6
((7,9)(5,4)) 3
((5,4)(7,9)) 2
((5,4)(6,9)) 1
((6,9)(7,9)) 1
((7,9)(6,6)) 1
((4,0)(3,3)) 2
((3,3)(4,0)) 1
((6,5)(5,9)) 3
((6,6)(7,4)) 1
((7,4)(6,5)) 4
((7,4)(6,4)) 1
((8,2)(3,2)) 1
((3,2)(8,2)) 1
((4,3)(6,2)) 4
((2,0)(4,1)) 1
((7,4)(2,4)) 1
((9,3)(7,3)) 1
((6,0)(3,3)) 1
((4,3)(2,1)) 1
((5,8)(4,8)) 3
((4,9)(5,8)) 1
((5,8)(4,9)) 1
((3,2)(3,4)) 2
((3,4)(5,2)) 2
((3,6)(3,4)) 1
((3,4)(1,4)) 3
((1,4)(4,9)) 1
((5,9)(5,5)) 1
((5,4)(4,8)) 1
((4,8)(6,3)) 1
((3,1)(5,2)) 1
((5,2)(3,0)) 1
((5,3)(2,0)) 3
((2,0)(5,4)) 2
((1,1)(5,3)) 1
((5,3)(1,1)) 1
((3,9)(3,4)) 1
((4,6)(3,6)) 7
((3,6)(4,7)) 1
((4,7)(5,7)) 1
((4,6)(5,4)) 4
((6,4)(5,5)) 1
((7,5)(4,9)) 1
((6,6)(8,5)) 1
((8,5)(6,6)) 1
((4,2)(6,3)) 3
((6,3)(3,0)) 1
((6,6)(7,8)) 1
((7,8)(6,5)) 2
((6,7)(7,8)) 1
((8,2)(8,1)) 2
((8,1)(8,0)) 1
((6,5)(5,3)) 2
((4,3)(9,6)) 1
((9,6)(8,4)) 1
((3,3)(6,5)) 1
((4,5)(6,7)) 1
((6,7)(5,7)) 1
((4,5)(3,3)) 5
((3,3)(5,0)) 1
((5,0)(1,4)) 1
((3,4)(4,6)) 2
((7,3)(4,5)) 1
((4,5)(8,6)) 1
((8,6)(7,3)) 1
((4,0)(3,4)) 1
((3,4)(4,0)) 1
((5,3)(6,5)) 2
((4,4)(4,6)) 8
((5,1)(6,5)) 1
((6,3)(5,1)) 1
((6,6)(5,1)) 1
((5,4)(1,4)) 1
((2,1)(3,0)) 2
((6,4)(9,5)) 1
((9,5)(6,4)) 1
((6,4)(3,3)) 2
((3,4)(1,2)) 2
((1,3)(4,3)) 1
((6,0)(5,4)) 1
((5,3)(9,7)) 1
((9,7)(6,4)) 1
((1,1)(9,8)) 1
((9,8)(7,6)) 2
((4,6)(5,7)) 1
((5,7)(6,7)) 1
((6,7)(5,4)) 1
((5,9)(6,4)) 1
((6,0)(5,0)) 1
((9,3)(6,3)) 2
((2,3)(2,4)) 1
((9,7)(6,3)) 2
((6,3)(9,7)) 2
((8,6)(6,3)) 1
((5,5)(4,0)) 1
((4,0)(5,5)) 1
((5,7)(5,3)) 2
((5,3)(5,8)) 1
((5,7)(5,2)) 1
((6,5)(3,4)) 1
((5,3)(5,5)) 3
((4,3)(6,5)) 3
((6,5)(4,4)) 5
((6,3)(6,6)) 1
((5,1)(4,4)) 1
((5,4)(4,6)) 1
((1,2)(6,4)) 1
((8,7)(8,8)) 1
((8,5)(5,4)) 1
((4,3)(6,6)) 2
((5,3)(8,6)) 1
((8,6)(7,5)) 1
((7,5)(3,4)) 1
((4,4)(3,5)) 1
((3,5)(3,4)) 1
((5,2)(6,4)) 1
((9,2)(3,4)) 1
((3,4)(2,4)) 1
((2,4)(9,2)) 1
((5,9)(4,5)) 1
((7,3)(6,9)) 1
((6,9)(5,7)) 2
((5,7)(8,2)) 1
((7,3)(5,7)) 1
((5,7)(6,9)) 1
((4,3)(4,8)) 1
((4,8)(6,5)) 1
((6,5)(4,5)) 1
((6,5)(4,3)) 4
((2,2)(4,0)) 1
((5,8)(6,8)) 1
((6,8)(5,8)) 1
((4,0)(4,3)) 1
((2,2)(6,5)) 2
((6,5)(2,2)) 1
((6,4)(8,2)) 1
((5,0)(3,2)) 1
((3,2)(4,0)) 1
((4,4)(2,4)) 1
((2,4)(5,7)) 1
((4,6)(6,5)) 1
((3,3)(4,2)) 1
((6,3)(3,1)) 1
((1,4)(1,3)) 1
((1,3)(0,2)) 1
((2,1)(1,3)) 2
((2,1)(1,2)) 1
((3,0)(1,3)) 1
((1,2)(8,7)) 1
((8,7)(7,6)) 2
((7,0)(7,1)) 1
((5,3)(7,0)) 1
((2,1)(6,3)) 1
((6,3)(2,1)) 1
((4,4)(5,1)) 1
((4,6)(4,4)) 2
((4,6)(2,4)) 1
((1,4)(4,6)) 1
((6,1)(6,5)) 1
((4,6)(5,3)) 1
((3,0)(3,2)) 1
((1,3)(4,0)) 1
((6,0)(4,3)) 1
((8,2)(3,4)) 1
((3,4)(8,2)) 1
((4,2)(5,1)) 1
((5,1)(4,3)) 1
((5,1)(5,5)) 1
((2,3)(4,2)) 1
((6,2)(2,2)) 1
((3,0)(5,2)) 2
((5,6)(4,5)) 1
((7,6)(5,3)) 1
((3,4)(5,9)) 1
((1,4)(7,5)) 1
((7,5)(8,4)) 1
((9,4)(7,3)) 1
((2,1)(2,3)) 1
((3,5)(4,5)) 2
((6,2)(1,4)) 1
((7,4)(4,3)) 1
((4,5)(6,2)) 2
((8,7)(6,5)) 1
((9,8)(5,3)) 1
((7,7)(4,3)) 1
((7,6)(7,7)) 1
((8,4)(4,4)) 2
((3,4)(8,4)) 1
((7,5)(4,3)) 1
((7,3)(7,2)) 1
((9,4)(9,2)) 1
((8,2)(9,4)) 2
((5,3)(9,8)) 1
((5,8)(4,5)) 1
((6,2)(6,5)) 1
((5,5)(6,3)) 2
((4,1)(1,4)) 1
((10,4)(9,4)) 1
((9,4)(8,0)) 1
((8,0)(9,4)) 1
((5,6)(10,4)) 1
((4,8)(4,3)) 1
((9,8)(7,4)) 1
((6,5)(5,2)) 1
((5,2)(9,8)) 1
((6,4)(9,8)) 2
((4,4)(6,8)) 1
((6,8)(5,4)) 1
((6,3)(5,5)) 1
((5,5)(6,2)) 1
((9,4)(8,4)) 1
((8,4)(7,2)) 1
((6,9)(3,3)) 1
((8,7)(4,8)) 1
((4,8)(8,7)) 1
((6,4)(6,9)) 2
((6,9)(5,8)) 1
((3,6)(5,4)) 2
((1,2)(5,3)) 1
((5,3)(1,2)) 1
((6,6)(5,6)) 1
((5,3)(6,1)) 1
((4,5)(5,2)) 3
((5,2)(4,5)) 2
((6,4)(4,2)) 1
((4,2)(6,4)) 1
((7,1)(4,5)) 1
((4,5)(7,1)) 1
((6,3)(3,6)) 1
((2,0)(5,3)) 1
((4,6)(8,6)) 1
((8,6)(5,7)) 1
((4,8)(4,6)) 1
((4,6)(3,5)) 1
((3,5)(4,6)) 1
((1,4)(5,5)) 1
((3,4)(3,6)) 1
((3,6)(1,4)) 1
((5,0)(4,4)) 1
((5,0)(3,1)) 1
((3,1)(5,0)) 1
((5,5)(5,2)) 2
((6,9)(6,4)) 1
((5,1)(4,1)) 1
((3,4)(5,1)) 1
((3,7)(4,7)) 1
((3,6)(3,2)) 1
((3,2)(3,7)) 1
((6,4)(5,2)) 3
((7,3)(5,5)) 1
((4,4)(4,8)) 1
((4,8)(4,4)) 1
((2,2)(4,5)) 1
((4,5)(2,2)) 1
((5,4)(2,1)) 1
((2,1)(5,4)) 1
((6,1)(4,4)) 1
((6,3)(3,2)) 2
((3,4)(4,1)) 1
((6,2)(7,1)) 1
((6,3)(9,8)) 1
((9,8)(4,3)) 1
((6,6)(4,5)) 1
((8,6)(6,5)) 5
((5,3)(9,3)) 2
((9,3)(8,6)) 1
((3,2)(6,3)) 1
((3,4)(2,3)) 1
((4,6)(7,5)) 1
((5,5)(9,4)) 1
((9,4)(5,5)) 1
((5,4)(9,2)) 1
((4,2)(7,2)) 1
((3,0)(4,4)) 1
((5,4)(3,0)) 1
((3,2)(5,5)) 1
((2,2)(5,5)) 1
((8,0)(5,0)) 3
((5,0)(8,0)) 3
((9,3)(5,3)) 1
