(7,3): 0.014
(3,3): 0.057
(8,4): 0.006
(5,6): 0.006
(7,1): 0.005
(5,4): 0.12
(5,3): 0.101
(2,4): 0.002
(6,3): 0.063
(5,5): 0.018
(2,2): 0.024
(2,3): 0.021
(4,4): 0.07
(4,3): 0.074
(8,2): 0.005
(6,0): 0.009
(8,3): 0.007
(1,1): 0.004
(4,0): 0.023
(5,2): 0.029
(9,8): 0.005
(6,5): 0.012
(4,5): 0.012
(4,6): 0.01
(5,7): 0.008
(5,0): 0.012
(3,1): 0.014
(4,9): 0.009
(4,8): 0.001
(4,2): 0.028
(6,1): 0.007
(6,4): 0.019
(1,4): 0.016
(5,9): 0.016
(2,1): 0.005
(3,2): 0.013
(6,8): 0.003
(1,2): 0.015
(4,1): 0.011
(6,2): 0.012
(6,6): 0.008
(3,4): 0.006
(3,0): 0.008
(7,2): 0.004
(7,4): 0.004
(4,7): 0.006
(7,6): 0.003
(0,2): 0.002
(1,3): 0.007
(5,8): 0.009
(9,2): 0.002
(7,5): 0.002
(8,0): 0.003
(5,1): 0.008
(9,7): 0.007
(7,8): 0.002
(8,7): 0.006
(9,4): 0.002
(7,7): 0.002
(9,3): 0.002
(8,8): 0.001
(6,9): 0.004
(3,6): 0.004
(7,9): 0.001
(3,9): 0.001
(7,0): 0.001
(8,5): 0.002
(10,4): 0.002
(2,0): 0.002
(3,5): 0.001
(3,7): 0.001
(8,6): 0.001
