(7,3): 0.023
(5,3): 0.093
(5,4): 0.134
(7,1): 0.003
(4,3): 0.06
(5,2): 0.027
(4,4): 0.078
(0,2): 0.004
(5,5): 0.022
(4,1): 0.018
(2,3): 0.026
(9,2): 0.004
(6,0): 0.012
(6,3): 0.059
(3,3): 0.035
(1,1): 0.01
(4,0): 0.019
(8,7): 0.008
(5,7): 0.015
(4,2): 0.022
(4,6): 0.009
(8,2): 0.007
(6,4): 0.017
(4,5): 0.01
(1,2): 0.014
(2,2): 0.027
(2,4): 0.004
(3,4): 0.022
(6,5): 0.014
(2,0): 0.006
(9,3): 0.005
(1,4): 0.015
(5,9): 0.019
(2,1): 0.005
(6,7): 0.002
(4,9): 0.014
(9,8): 0.005
(5,0): 0.008
(6,1): 0.005
(1,3): 0.009
(8,3): 0.003
(7,0): 0.003
(5,1): 0.01
(3,0): 0.006
(8,4): 0.004
(3,2): 0.009
(7,2): 0.001
(6,2): 0.006
(4,7): 0.002
(7,6): 0.004
(8,1): 0.001
(7,5): 0.002
(7,8): 0.002
(5,8): 0.006
(7,7): 0.002
(6,6): 0.005
(3,1): 0.011
(9,5): 0.001
(3,7): 0.003
(8,6): 0.003
(7,4): 0.004
(8,8): 0.003
(9,7): 0.005
(6,9): 0.003
(4,8): 0.002
(3,9): 0.001
(3,6): 0.003
(10,4): 0.002
(8,5): 0.001
(9,4): 0.001
(8,0): 0.002
