(4,2): 0.025
(1,4): 0.017
(5,4): 0.124
(3,3): 0.074
(4,4): 0.087
(9,7): 0.015
(4,1): 0.013
(6,3): 0.048
(4,3): 0.112
(6,4): 0.013
(5,3): 0.117
(7,6): 0.003
(3,2): 0.024
(6,5): 0.009
(6,9): 0.004
(4,8): 0.003
(8,4): 0.004
(7,8): 0.001
(2,2): 0.028
(2,3): 0.018
(4,0): 0.024
(2,1): 0.014
(6,6): 0.009
(5,2): 0.034
(7,3): 0.008
(5,9): 0.015
(9,5): 0.002
(4,9): 0.007
(5,5): 0.009
(9,2): 0.001
(7,4): 0.001
(3,4): 0.006
(6,2): 0.009
(1,2): 0.005
(8,8): 0.004
(4,5): 0.005
(5,8): 0.008
(3,1): 0.012
(9,8): 0.005
(1,1): 0.005
(5,7): 0.014
(3,6): 0.005
(5,0): 0.012
(8,7): 0.004
(5,1): 0.004
(8,0): 0.005
(2,0): 0.001
(4,7): 0.003
(7,7): 0.002
(8,2): 0.005
(8,5): 0.001
(7,5): 0.004
(6,8): 0.001
(3,0): 0.005
(8,3): 0.002
(5,6): 0.003
(1,3): 0.002
(8,6): 0.001
(10,4): 0.001
(6,0): 0.002
(9,4): 0.001
