(5,4): 0.162
(6,3): 0.051
(9,6): 0.003
(6,8): 0.003
(5,9): 0.013
(8,0): 0.008
(5,2): 0.024
(3,3): 0.055
(5,3): 0.09
(7,3): 0.011
(4,1): 0.016
(4,4): 0.084
(3,2): 0.011
(4,0): 0.022
(6,0): 0.004
(8,2): 0.008
(4,2): 0.018
(4,3): 0.087
(5,7): 0.018
(2,2): 0.023
(5,0): 0.015
(5,1): 0.014
(7,4): 0.004
(4,9): 0.011
(3,1): 0.009
(6,5): 0.014
(6,4): 0.022
(1,2): 0.01
(4,5): 0.005
(2,3): 0.032
(0,3): 0.002
(9,7): 0.005
(1,1): 0.004
(5,5): 0.021
(3,4): 0.016
(3,0): 0.015
(6,2): 0.008
(6,6): 0.01
(8,4): 0.002
(8,7): 0.003
(9,8): 0.006
(3,6): 0.012
(5,8): 0.005
(4,6): 0.002
(4,7): 0.004
(6,9): 0.002
(1,4): 0.006
(1,3): 0.005
(0,2): 0.001
(9,2): 0.001
(2,0): 0.003
(8,6): 0.004
(4,8): 0.002
(7,1): 0.001
(7,7): 0.002
(2,1): 0.003
(9,3): 0.002
(5,6): 0.001
(7,2): 0.002
(6,1): 0.002
(9,4): 0.001
