(13,9): 0.043
(4,8): 0.007
(14,12): 0.027
(7,6): 0.016
(18,10): 0.011
(15,12): 0.014
(6,6): 0.008
(9,4): 0.01
(9,11): 0.007
(12,7): 0.002
(15,8): 0.003
(29,10): 0.003
(26,6): 0.001
(16,17): 0.001
(13,12): 0.014
(26,14): 0.002
(16,14): 0.004
(16,11): 0.009
(18,12): 0.008
(4,9): 0.005
(20,9): 0.009
(18,9): 0.035
(15,15): 0.007
(14,14): 0.008
(12,0): 0.008
(13,10): 0.01
(12,11): 0.008
(26,17): 0.001
(22,4): 0.004
(16,13): 0.059
(5,13): 0.004
(11,11): 0.019
(7,11): 0.001
(15,11): 0.006
(20,10): 0.006
(24,2): 0.004
(13,4): 0.005
(16,15): 0.004
(13,14): 0.002
(14,1): 0.002
(7,2): 0.001
(23,21): 0.003
(21,14): 0.003
(16,7): 0.008
(6,9): 0.003
(10,1): 0.007
(14,7): 0.009
(15,13): 0.014
(13,11): 0.006
(12,9): 0.015
(6,10): 0.009
(16,6): 0.006
(15,14): 0.003
(11,10): 0.006
(13,0): 0.005
(12,28): 0.008
(19,7): 0.002
(15,9): 0.047
(15,16): 0.01
(16,1): 0.009
(18,19): 0.002
(14,10): 0.004
(28,21): 0.002
(5,9): 0.003
(11,12): 0.003
(27,24): 0.004
(13,18): 0.002
(19,11): 0.008
(13,5): 0.007
(15,28): 0.003
(18,29): 0.003
(14,15): 0.001
(17,7): 0.002
(21,13): 0.003
(18,11): 0.007
(15,27): 0.008
(17,12): 0.001
(24,14): 0.005
(16,5): 0.006
(16,8): 0.002
(18,2): 0.003
(15,1): 0.002
(16,2): 0.007
(19,2): 0.001
(14,13): 0.012
(21,27): 0.002
(24,9): 0.006
(16,12): 0.01
(22,22): 0.002
(18,7): 0.004
(19,0): 0.002
(12,12): 0.002
(14,5): 0.002
(18,14): 0.001
(13,3): 0.001
(21,10): 0.003
(17,9): 0.008
(13,8): 0.005
(23,17): 0.001
(27,21): 0.002
(19,17): 0.002
(22,9): 0.001
(15,10): 0.003
(13,13): 0.004
(25,22): 0.004
(6,7): 0.003
(17,13): 0.01
(14,9): 0.006
(16,25): 0.007
(18,17): 0.002
(10,11): 0.002
(23,7): 0.002
(16,23): 0.006
(16,10): 0.002
(13,26): 0.005
(29,13): 0.004
(13,1): 0.003
(18,5): 0.003
(17,10): 0.004
(10,10): 0.007
(21,20): 0.001
(22,10): 0.002
(7,9): 0.001
(16,4): 0.002
(13,2): 0.002
(26,23): 0.001
(11,9): 0.001
(20,18): 0.004
(17,21): 0.005
(19,10): 0.004
(16,3): 0.002
(5,6): 0.002
(6,14): 0.003
(12,21): 0.005
(27,6): 0.004
(19,1): 0.003
(18,13): 0.005
(15,6): 0.002
(19,19): 0.002
(14,8): 0.002
(17,18): 0.002
(19,15): 0.009
(21,9): 0.002
(11,6): 0.003
(11,14): 0.002
(26,7): 0.005
(18,20): 0.003
(14,16): 0.001
(5,7): 0.006
(17,22): 0.005
(3,5): 0.002
(15,3): 0.001
(14,28): 0.001
(5,5): 0.001
(11,19): 0.003
(12,5): 0.001
(8,2): 0.002
(5,4): 0.001
(20,16): 0.002
(14,11): 0.003
(16,0): 0.001
(11,13): 0.002
(8,12): 0.001
(8,5): 0.003
(20,5): 0.003
(22,8): 0.003
(12,3): 0.003
(13,19): 0.005
(5,3): 0.001
(19,12): 0.003
(14,4): 0.003
(5,14): 0.004
(19,3): 0.003
(9,8): 0.002
(15,7): 0.001
(17,4): 0.002
(18,6): 0.001
(10,2): 0.001
(21,5): 0.004
(24,25): 0.003
(23,10): 0.003
(8,8): 0.001
(14,21): 0.002
(11,2): 0.001
(10,0): 0.001
(8,7): 0.002
(5,12): 0.001
(8,3): 0.001
(7,7): 0.002
(10,8): 0.001
(13,6): 0.002
(20,15): 0.001
(16,9): 0.001
(8,10): 0.002
(12,19): 0.001
(17,14): 0.001
(20,7): 0.001
(3,7): 0.001
(12,14): 0.001
(17,15): 0.002
(5,11): 0.001
(10,5): 0.003
(19,18): 0.001
(9,7): 0.001
(25,20): 0.001
(6,11): 0.001
(10,12): 0.001
(17,6): 0.001
(10,9): 0.001
(14,6): 0.001
