(3,5): 0.017
(12,6): 0.042
(10,8): 0.091
(8,7): 0.011
(3,3): 0.005
(13,0): 0.004
(7,7): 0.015
(6,2): 0.014
(5,8): 0.004
(11,12): 0.005
(3,9): 0.007
(10,5): 0.011
(7,4): 0.004
(10,6): 0.058
(13,3): 0.004
(9,8): 0.051
(9,6): 0.008
(11,4): 0.015
(8,6): 0.052
(11,6): 0.009
(10,4): 0.01
(12,8): 0.017
(11,2): 0.004
(6,4): 0.002
(12,11): 0.003
(4,6): 0.021
(8,8): 0.007
(8,9): 0.003
(9,3): 0.006
(8,12): 0.002
(16,14): 0.006
(9,7): 0.014
(8,14): 0.009
(13,5): 0.002
(16,9): 0.001
(19,6): 0.002
(3,6): 0.003
(14,9): 0.005
(5,5): 0.001
(6,7): 0.011
(10,18): 0.01
(9,2): 0.001
(12,19): 0.003
(10,7): 0.024
(8,0): 0.01
(15,6): 0.004
(14,6): 0.013
(2,3): 0.004
(10,0): 0.013
(8,18): 0.009
(10,16): 0.009
(17,13): 0.007
(8,10): 0.003
(5,7): 0.007
(9,4): 0.014
(18,14): 0.007
(9,11): 0.002
(5,4): 0.007
(7,9): 0.003
(11,8): 0.015
(8,4): 0.003
(11,15): 0.007
(10,10): 0.009
(9,5): 0.004
(3,7): 0.003
(11,11): 0.003
(9,13): 0.006
(12,10): 0.003
(11,7): 0.002
(4,4): 0.006
(17,15): 0.001
(18,4): 0.004
(10,1): 0.009
(11,9): 0.005
(10,2): 0.002
(5,6): 0.002
(11,10): 0.009
(13,10): 0.011
(18,16): 0.006
(6,1): 0.005
(2,5): 0.003
(7,6): 0.011
(19,9): 0.002
(6,3): 0.004
(17,4): 0.007
(12,12): 0.006
(13,12): 0.007
(16,1): 0.001
(12,4): 0.007
(9,17): 0.004
(13,8): 0.001
(2,6): 0.002
(9,1): 0.002
(19,7): 0.002
(10,9): 0.005
(9,9): 0.011
(13,6): 0.004
(6,5): 0.004
(11,18): 0.002
(16,6): 0.001
(13,4): 0.005
(10,11): 0.001
(12,5): 0.004
(12,9): 0.001
(13,7): 0.01
(12,13): 0.002
(8,2): 0.001
(12,7): 0.005
(4,9): 0.001
(10,3): 0.002
(12,1): 0.004
(8,3): 0.002
(8,19): 0.001
(14,18): 0.002
(17,11): 0.002
(15,9): 0.001
(17,10): 0.003
(11,14): 0.005
(9,10): 0.006
(18,7): 0.001
(8,13): 0.001
(14,3): 0.003
(5,1): 0.002
(16,7): 0.001
(4,5): 0.002
(7,1): 0.004
(8,5): 0.004
(13,1): 0.001
(7,3): 0.001
(9,18): 0.001
(3,2): 0.001
(15,5): 0.001
(3,4): 0.001
(17,9): 0.003
(14,13): 0.001
(15,14): 0.002
(12,3): 0.001
(14,10): 0.001
(17,16): 0.001
(10,19): 0.002
