(10,0): 0.007
(7,7): 0.033
(8,0): 0.013
(5,7): 0.009
(10,8): 0.103
(11,2): 0.001
(9,8): 0.048
(10,18): 0.009
(10,6): 0.06
(6,2): 0.004
(12,16): 0.001
(11,6): 0.016
(9,7): 0.023
(9,6): 0.026
(12,6): 0.027
(12,8): 0.016
(8,7): 0.016
(10,5): 0.013
(5,1): 0.001
(10,3): 0.007
(10,10): 0.018
(8,14): 0.004
(8,6): 0.047
(7,6): 0.008
(4,4): 0.003
(7,12): 0.005
(9,9): 0.017
(3,6): 0.004
(11,9): 0.016
(9,17): 0.003
(6,3): 0.003
(7,1): 0.007
(8,9): 0.002
(8,18): 0.003
(10,7): 0.015
(15,6): 0.002
(18,4): 0.001
(3,5): 0.01
(9,3): 0.008
(11,15): 0.007
(13,3): 0.004
(10,12): 0.002
(16,9): 0.002
(3,8): 0.001
(11,11): 0.004
(8,2): 0.004
(14,6): 0.002
(12,7): 0.008
(8,8): 0.011
(3,4): 0.003
(6,6): 0.003
(15,14): 0.003
(10,14): 0.002
(6,5): 0.004
(4,6): 0.016
(5,6): 0.001
(6,0): 0.003
(19,14): 0.001
(4,5): 0.004
(18,16): 0.008
(5,4): 0.013
(8,12): 0.003
(11,8): 0.02
(16,8): 0.001
(9,4): 0.01
(9,5): 0.007
(8,5): 0.005
(16,14): 0.004
(11,19): 0.001
(7,14): 0.001
(6,7): 0.009
(10,9): 0.011
(11,7): 0.002
(12,3): 0.001
(11,4): 0.012
(14,7): 0.001
(6,1): 0.01
(9,2): 0.004
(10,1): 0.008
(12,19): 0.001
(7,5): 0.001
(14,3): 0.002
(12,10): 0.004
(11,12): 0.004
(10,15): 0.002
(17,4): 0.002
(10,4): 0.003
(2,5): 0.012
(11,10): 0.004
(8,4): 0.004
(3,9): 0.003
(6,4): 0.005
(15,7): 0.001
(16,13): 0.001
(7,9): 0.001
(16,1): 0.004
(17,9): 0.002
(13,2): 0.001
(13,10): 0.01
(2,3): 0.001
(9,10): 0.001
(8,19): 0.002
(11,0): 0.001
(17,16): 0.001
(12,4): 0.001
(14,4): 0.001
(17,13): 0.005
(14,13): 0.001
(8,10): 0.004
(7,13): 0.003
(10,16): 0.009
(13,8): 0.003
(13,6): 0.003
(13,12): 0.005
(15,10): 0.003
(13,7): 0.003
(18,14): 0.002
(1,5): 0.001
(17,11): 0.003
(11,14): 0.005
(10,17): 0.001
(7,2): 0.002
(10,19): 0.001
(3,3): 0.002
(14,2): 0.001
(15,9): 0.001
(16,16): 0.002
(11,18): 0.001
(16,6): 0.001
(4,7): 0.001
(12,5): 0.001
(9,18): 0.002
(12,12): 0.003
(13,0): 0.001
(16,5): 0.001
(19,9): 0.002
(15,11): 0.001
(5,2): 0.001
(13,11): 0.001
(18,9): 0.003
(10,2): 0.002
(14,5): 0.001
(9,13): 0.001
(13,17): 0.001
(14,9): 0.003
(0,6): 0.001
(7,4): 0.002
(12,13): 0.001
(18,12): 0.001
(17,14): 0.001
(6,9): 0.001
(18,7): 0.001
(11,5): 0.001
(12,9): 0.001
(20,9): 0.001
(13,5): 0.001
(12,1): 0.001
