(5,3): 0.118
(4,2): 0.023
(4,4): 0.087
(4,3): 0.094
(9,8): 0.014
(2,2): 0.029
(5,4): 0.156
(5,0): 0.009
(1,3): 0.013
(3,2): 0.019
(3,0): 0.017
(2,3): 0.031
(5,5): 0.011
(3,3): 0.054
(1,4): 0.008
(1,2): 0.012
(6,3): 0.042
(3,1): 0.013
(4,0): 0.021
(5,8): 0.002
(8,3): 0.008
(8,7): 0.007
(6,5): 0.008
(5,2): 0.025
(8,0): 0.005
(3,4): 0.008
(5,7): 0.016
(5,9): 0.006
(8,4): 0.003
(3,6): 0.004
(7,6): 0.004
(8,8): 0.001
(4,1): 0.011
(4,7): 0.009
(8,2): 0.009
(6,1): 0.003
(7,2): 0.006
(9,7): 0.005
(6,2): 0.007
(6,4): 0.018
(6,9): 0.004
(9,4): 0.001
(4,5): 0.005
(7,3): 0.011
(2,4): 0.001
(6,6): 0.007
(7,8): 0.003
(9,3): 0.002
(5,6): 0.003
(4,9): 0.002
(6,7): 0.002
(6,0): 0.006
(4,8): 0.001
(7,4): 0.004
(5,1): 0.002
(7,7): 0.003
(1,1): 0.002
(2,0): 0.001
(2,1): 0.001
(7,1): 0.002
(9,2): 0.001
