(8,8): 0.002
(3,6): 0.005
(2,3): 0.029
(8,2): 0.012
(7,7): 0.003
(4,3): 0.098
(5,3): 0.109
(5,2): 0.029
(8,3): 0.004
(4,4): 0.086
(2,2): 0.023
(6,3): 0.054
(5,4): 0.157
(3,0): 0.004
(5,5): 0.027
(8,4): 0.005
(5,7): 0.012
(4,0): 0.013
(7,3): 0.02
(1,3): 0.013
(9,8): 0.007
(4,5): 0.006
(3,2): 0.014
(6,5): 0.014
(2,1): 0.003
(3,3): 0.038
(9,4): 0.002
(4,9): 0.007
(5,0): 0.013
(9,7): 0.009
(4,7): 0.003
(6,4): 0.015
(4,1): 0.011
(1,2): 0.015
(6,8): 0.002
(3,4): 0.015
(6,2): 0.005
(8,6): 0.009
(6,6): 0.009
(5,9): 0.01
(3,7): 0.001
(1,4): 0.005
(5,6): 0.004
(8,7): 0.003
(4,2): 0.016
(5,8): 0.013
(4,8): 0.001
(10,4): 0.002
(2,0): 0.002
(4,6): 0.003
(8,1): 0.002
(6,7): 0.003
(9,5): 0.002
(7,9): 0.001
(3,1): 0.01
(1,1): 0.003
(0,2): 0.002
(7,1): 0.002
(9,2): 0.004
(6,9): 0.002
(8,0): 0.003
(2,4): 0.002
(6,1): 0.002
