(24,21): 0.053
(30,16): 0.012
(26,21): 0.177
(25,15): 0.183
(26,22): 0.297
(25,21): 0.022
(45,40): 0.002
(28,25): 0.002
(22,15): 0.05
(17,17): 0.004
(26,23): 0.007
(23,15): 0.004
(27,21): 0.026
(26,15): 0.012
(31,20): 0.002
(21,20): 0.005
(34,44): 0.002
(25,14): 0.007
(25,22): 0.008
(10,10): 0.001
(26,20): 0.009
(16,8): 0.001
(23,20): 0.015
(8,9): 0.002
(22,16): 0.003
(21,19): 0.004
(18,19): 0.004
(14,17): 0.004
(27,22): 0.013
(27,20): 0.004
(24,16): 0.001
(24,20): 0.002
(20,5): 0.002
(20,27): 0.001
(20,19): 0.004
(23,10): 0.002
(22,18): 0.002
(18,24): 0.001
(27,19): 0.001
(28,33): 0.001
(26,14): 0.001
(32,25): 0.001
(25,16): 0.002
(14,18): 0.001
(12,11): 0.002
(28,22): 0.002
(18,18): 0.004
(23,18): 0.001
(25,18): 0.002
(18,22): 0.001
(24,9): 0.001
(21,15): 0.001
(23,21): 0.002
(16,12): 0.001
(24,15): 0.001
(20,26): 0.001
(34,29): 0.001
(20,16): 0.001
(7,14): 0.003
(27,41): 0.001
(22,20): 0.001
(24,22): 0.002
(21,0): 0.001
(29,49): 0.001
(30,21): 0.002
(16,19): 0.001
(28,15): 0.001
(16,13): 0.001
(28,20): 0.001
(22,14): 0.001
(24,14): 0.001
(28,45): 0.001
(30,23): 0.001
(27,39): 0.001
(27,3): 0.001
(27,15): 0.001
