(20,14): 0.004
(24,16): 0.004
(21,33): 0.009
(21,17): 0.061
(19,17): 0.025
(20,12): 0.049
(16,12): 0.013
(22,18): 0.004
(20,13): 0.002
(23,16): 0.003
(24,13): 0.038
(8,8): 0.007
(36,32): 0.006
(34,27): 0.005
(10,9): 0.011
(25,13): 0.004
(20,28): 0.001
(21,1): 0.009
(10,8): 0.001
(22,31): 0.004
(17,0): 0.009
(9,12): 0.002
(18,9): 0.004
(22,20): 0.007
(25,9): 0.002
(27,25): 0.001
(21,6): 0.003
(26,6): 0.003
(14,14): 0.007
(27,13): 0.001
(18,3): 0.001
(21,15): 0.01
(19,16): 0.006
(22,30): 0.004
(16,37): 0.008
(23,13): 0.003
(26,25): 0.002
(21,3): 0.006
(15,15): 0.009
(23,24): 0.004
(8,7): 0.001
(19,13): 0.003
(12,5): 0.009
(24,25): 0.003
(21,8): 0.005
(28,13): 0.004
(18,19): 0.005
(16,1): 0.001
(19,9): 0.006
(25,16): 0.002
(17,12): 0.041
(19,2): 0.001
(21,0): 0.002
(34,32): 0.001
(8,13): 0.013
(18,6): 0.002
(13,14): 0.002
(22,12): 0.008
(8,10): 0.002
(36,8): 0.004
(22,8): 0.005
(26,20): 0.006
(28,7): 0.002
(22,22): 0.002
(17,16): 0.007
(13,2): 0.005
(15,14): 0.002
(19,28): 0.002
(21,16): 0.01
(18,14): 0.007
(14,2): 0.003
(20,17): 0.007
(32,12): 0.005
(22,24): 0.001
(26,15): 0.005
(35,9): 0.007
(24,17): 0.007
(16,9): 0.002
(24,10): 0.002
(11,14): 0.004
(25,22): 0.002
(20,21): 0.003
(23,29): 0.003
(11,10): 0.002
(7,7): 0.002
(29,30): 0.001
(7,18): 0.007
(6,9): 0.001
(20,36): 0.009
(34,8): 0.002
(18,16): 0.008
(26,3): 0.001
(9,13): 0.002
(29,27): 0.002
(21,11): 0.001
(22,9): 0.005
(24,6): 0.001
(11,4): 0.001
(14,15): 0.008
(22,19): 0.003
(24,27): 0.003
(20,16): 0.004
(10,3): 0.002
(35,20): 0.001
(24,7): 0.002
(12,15): 0.005
(31,19): 0.002
(7,10): 0.005
(19,18): 0.007
(18,12): 0.001
(14,13): 0.002
(20,4): 0.001
(23,9): 0.002
(24,12): 0.003
(31,23): 0.001
(16,4): 0.002
(15,26): 0.001
(38,28): 0.002
(22,11): 0.002
(18,10): 0.002
(27,14): 0.003
(17,11): 0.003
(37,29): 0.003
(21,12): 0.006
(33,29): 0.004
(27,21): 0.002
(28,18): 0.004
(30,13): 0.004
(19,12): 0.003
(11,12): 0.003
(18,35): 0.003
(18,21): 0.001
(24,15): 0.003
(20,22): 0.003
(35,19): 0.002
(20,11): 0.005
(29,5): 0.002
(15,13): 0.002
(18,7): 0.005
(13,9): 0.002
(28,12): 0.001
(21,10): 0.002
(6,12): 0.003
(18,26): 0.003
(32,33): 0.002
(22,37): 0.002
(14,16): 0.001
(16,21): 0.001
(15,19): 0.001
(14,12): 0.002
(10,14): 0.002
(7,17): 0.001
(21,20): 0.005
(10,2): 0.001
(26,24): 0.002
(33,19): 0.002
(20,2): 0.002
(6,11): 0.009
(11,9): 0.001
(22,5): 0.001
(39,14): 0.002
(11,6): 0.001
(16,15): 0.009
(25,10): 0.001
(20,18): 0.004
(16,10): 0.002
(23,20): 0.002
(16,7): 0.001
(29,13): 0.002
(26,11): 0.001
(20,38): 0.002
(32,3): 0.003
(13,15): 0.004
(18,20): 0.001
(20,15): 0.003
(18,17): 0.004
(17,19): 0.003
(17,13): 0.001
(35,27): 0.001
(27,24): 0.001
(16,28): 0.003
(24,8): 0.003
(26,12): 0.001
(22,17): 0.011
(17,15): 0.002
(21,19): 0.002
(25,23): 0.002
(28,21): 0.001
(23,5): 0.001
(24,14): 0.002
(7,8): 0.001
(18,8): 0.003
(17,17): 0.001
(20,20): 0.001
(15,16): 0.001
(19,37): 0.001
(10,12): 0.001
(23,14): 0.001
(26,14): 0.001
(21,7): 0.002
(24,39): 0.004
(39,13): 0.001
(24,19): 0.002
(19,11): 0.001
(22,16): 0.004
(27,12): 0.002
(17,14): 0.002
(4,10): 0.001
(12,12): 0.001
(13,11): 0.001
(18,13): 0.005
(9,14): 0.002
(23,37): 0.001
(23,8): 0.002
(17,28): 0.001
(24,3): 0.001
(33,14): 0.001
(23,18): 0.001
(38,18): 0.002
(25,20): 0.002
(16,26): 0.001
(23,28): 0.001
(25,2): 0.001
(11,5): 0.001
(11,16): 0.001
(6,7): 0.001
(34,31): 0.001
(18,15): 0.002
(25,5): 0.002
(18,25): 0.001
(19,19): 0.002
(12,6): 0.001
(6,8): 0.001
(8,9): 0.001
(5,6): 0.002
(17,39): 0.002
(26,2): 0.001
(21,4): 0.002
(20,10): 0.002
(5,12): 0.002
(16,11): 0.001
(15,3): 0.001
(13,13): 0.001
(34,22): 0.001
(21,18): 0.003
(10,16): 0.001
(16,25): 0.001
(7,6): 0.001
(29,11): 0.001
(19,7): 0.001
(26,16): 0.001
(16,29): 0.001
(26,13): 0.001
(16,19): 0.001
(8,18): 0.001
(2,11): 0.001
(14,18): 0.001
(16,24): 0.001
(26,0): 0.003
(31,10): 0.001
(20,19): 0.001
(15,9): 0.002
(31,28): 0.002
(19,5): 0.001
(36,29): 0.001
(16,20): 0.001
(7,4): 0.001
(22,7): 0.001
(9,9): 0.001
(17,1): 0.001
(22,13): 0.002
(27,9): 0.002
(19,14): 0.002
(23,12): 0.001
(7,15): 0.001
(21,21): 0.001
(10,13): 0.001
(37,15): 0.001
(17,22): 0.001
(13,0): 0.001
(16,13): 0.001
(20,8): 0.001
(15,0): 0.001
(14,7): 0.001
(6,10): 0.001
(18,11): 0.001
(18,22): 0.001
(17,5): 0.001
(13,6): 0.001
(29,12): 0.001
(22,15): 0.001
(29,36): 0.001
(18,4): 0.001
(12,11): 0.001
(18,18): 0.001
(19,0): 0.001
(16,14): 0.001
(22,6): 0.001
