(22,16): 0.005
(24,16): 0.005
(21,33): 0.006
(21,17): 0.056
(19,17): 0.026
(17,1): 0.001
(23,24): 0.003
(20,13): 0.001
(23,16): 0.002
(21,39): 0.002
(24,13): 0.038
(8,8): 0.006
(24,17): 0.011
(33,27): 0.001
(13,11): 0.006
(13,9): 0.008
(21,3): 0.005
(22,18): 0.003
(19,21): 0.002
(20,29): 0.002
(27,12): 0.003
(22,31): 0.003
(17,0): 0.012
(8,13): 0.009
(19,9): 0.004
(22,20): 0.004
(25,9): 0.002
(27,24): 0.002
(21,6): 0.003
(27,6): 0.001
(24,12): 0.009
(27,13): 0.001
(21,19): 0.004
(14,14): 0.003
(25,23): 0.002
(22,30): 0.003
(16,38): 0.001
(26,25): 0.001
(21,0): 0.003
(18,3): 0.001
(8,6): 0.002
(19,12): 0.002
(12,5): 0.006
(22,17): 0.021
(21,8): 0.006
(17,12): 0.033
(14,2): 0.005
(19,16): 0.012
(16,1): 0.001
(20,12): 0.056
(21,18): 0.005
(20,2): 0.003
(36,32): 0.004
(9,12): 0.003
(22,1): 0.002
(8,5): 0.001
(9,11): 0.002
(22,12): 0.006
(20,15): 0.001
(9,9): 0.001
(36,9): 0.002
(22,8): 0.004
(22,9): 0.011
(25,10): 0.002
(22,23): 0.002
(13,2): 0.004
(15,14): 0.002
(34,27): 0.003
(19,28): 0.002
(25,21): 0.002
(26,20): 0.005
(21,31): 0.001
(18,7): 0.004
(35,9): 0.005
(18,13): 0.002
(7,18): 0.015
(24,15): 0.002
(30,13): 0.005
(3,10): 0.002
(18,15): 0.002
(14,9): 0.002
(11,14): 0.006
(20,18): 0.003
(16,9): 0.004
(20,21): 0.004
(23,29): 0.002
(20,17): 0.006
(7,7): 0.001
(20,36): 0.006
(9,3): 0.002
(21,20): 0.009
(6,8): 0.001
(19,37): 0.003
(26,2): 0.002
(29,27): 0.008
(9,13): 0.004
(32,12): 0.003
(11,8): 0.001
(18,19): 0.001
(24,27): 0.002
(18,16): 0.007
(17,18): 0.001
(17,16): 0.005
(15,3): 0.003
(13,13): 0.002
(22,11): 0.002
(34,19): 0.002
(21,7): 0.001
(12,15): 0.001
(6,10): 0.002
(24,14): 0.004
(13,3): 0.002
(26,0): 0.004
(14,15): 0.009
(18,24): 0.001
(34,10): 0.001
(21,12): 0.006
(25,13): 0.002
(21,34): 0.001
(7,10): 0.002
(38,28): 0.001
(7,11): 0.002
(18,25): 0.002
(18,10): 0.002
(14,18): 0.002
(16,12): 0.011
(37,29): 0.005
(33,29): 0.003
(31,28): 0.003
(25,2): 0.002
(8,14): 0.001
(17,19): 0.004
(11,12): 0.003
(28,13): 0.007
(37,15): 0.001
(17,22): 0.001
(16,24): 0.001
(28,7): 0.001
(19,18): 0.006
(16,21): 0.003
(35,19): 0.001
(29,5): 0.004
(10,3): 0.001
(21,10): 0.002
(21,16): 0.009
(18,26): 0.002
(32,33): 0.002
(17,20): 0.001
(22,37): 0.002
(16,37): 0.001
(16,13): 0.001
(26,24): 0.002
(28,18): 0.002
(10,9): 0.008
(20,8): 0.002
(24,19): 0.003
(39,14): 0.002
(38,18): 0.002
(18,11): 0.003
(11,7): 0.001
(15,15): 0.011
(13,10): 0.001
(23,13): 0.001
(16,2): 0.001
(23,21): 0.001
(15,13): 0.006
(16,5): 0.001
(12,10): 0.001
(22,3): 0.001
(29,13): 0.002
(26,15): 0.003
(25,16): 0.002
(32,3): 0.004
(15,19): 0.002
(18,9): 0.003
(21,1): 0.003
(29,10): 0.001
(18,35): 0.005
(36,30): 0.001
(17,13): 0.001
(13,6): 0.004
(27,9): 0.002
(35,27): 0.001
(26,6): 0.002
(20,11): 0.005
(7,8): 0.001
(18,12): 0.003
(23,5): 0.001
(21,15): 0.003
(24,8): 0.003
(10,2): 0.003
(18,8): 0.002
(13,14): 0.002
(6,7): 0.002
(17,17): 0.001
(20,20): 0.002
(6,11): 0.006
(22,19): 0.005
(8,18): 0.001
(26,16): 0.001
(37,18): 0.003
(23,23): 0.002
(37,21): 0.001
(26,14): 0.002
(24,39): 0.004
(18,6): 0.001
(9,8): 0.001
(20,19): 0.001
(18,14): 0.004
(4,10): 0.001
(12,12): 0.001
(20,14): 0.002
(19,34): 0.002
(20,39): 0.001
(23,31): 0.001
(11,13): 0.001
(27,20): 0.001
(16,15): 0.004
(19,15): 0.001
(16,28): 0.003
(8,15): 0.001
(24,10): 0.001
(6,14): 0.002
(16,19): 0.001
(17,25): 0.002
(34,8): 0.003
(14,7): 0.003
(11,5): 0.001
(18,17): 0.002
(5,14): 0.001
(16,10): 0.001
(15,25): 0.002
(35,31): 0.001
(15,17): 0.001
(13,15): 0.001
(5,6): 0.001
(35,32): 0.001
(19,14): 0.002
(6,9): 0.002
(25,5): 0.001
(21,9): 0.001
(6,12): 0.002
(16,18): 0.001
(36,24): 0.003
(24,7): 0.001
(29,11): 0.001
(16,4): 0.001
(22,13): 0.003
(11,2): 0.001
(31,19): 0.001
(15,26): 0.001
(18,5): 0.001
(8,11): 0.001
(2,11): 0.001
(7,6): 0.001
(32,6): 0.001
(29,20): 0.001
(15,12): 0.001
(34,9): 0.001
(26,13): 0.001
(36,8): 0.001
(19,5): 0.001
(36,29): 0.001
(21,21): 0.002
(12,4): 0.001
(26,22): 0.001
(12,8): 0.001
(20,38): 0.001
(17,14): 0.002
(25,20): 0.001
(27,10): 0.001
(34,28): 0.001
(24,25): 0.001
(14,13): 0.001
(10,15): 0.001
(22,22): 0.001
(23,10): 0.001
(7,14): 0.001
(15,28): 0.001
(25,15): 0.001
(34,6): 0.001
(23,18): 0.001
(13,12): 0.001
(18,21): 0.002
(14,12): 0.001
(32,16): 0.001
(26,11): 0.001
(22,5): 0.001
(37,27): 0.001
(17,39): 0.001
(17,37): 0.001
(12,13): 0.001
(27,21): 0.001
(22,28): 0.001
(15,4): 0.001
(19,20): 0.001
(17,5): 0.001
(16,14): 0.001
(23,17): 0.001
(31,20): 0.002
(29,12): 0.001
(10,14): 0.001
(33,19): 0.002
(18,4): 0.001
(19,13): 0.001
(4,7): 0.001
(14,25): 0.001
(33,12): 0.001
(23,1): 0.001
(34,31): 0.001
(22,6): 0.001
(37,19): 0.001
(38,14): 0.001
