(12,1): 0.006
(5,5): 0.002
(7,7): 0.03
(11,8): 0.023
(7,6): 0.011
(8,6): 0.048
(3,5): 0.015
(10,19): 0.006
(12,6): 0.045
(10,8): 0.068
(9,4): 0.009
(10,6): 0.074
(12,8): 0.024
(9,8): 0.05
(17,9): 0.005
(8,8): 0.008
(7,12): 0.002
(3,9): 0.014
(10,1): 0.009
(10,12): 0.003
(11,15): 0.004
(4,7): 0.008
(8,5): 0.011
(10,18): 0.007
(7,13): 0.003
(5,7): 0.006
(9,9): 0.006
(6,7): 0.013
(11,12): 0.006
(7,9): 0.006
(7,14): 0.003
(14,6): 0.009
(14,5): 0.002
(12,5): 0.007
(8,4): 0.002
(9,13): 0.003
(11,9): 0.016
(6,2): 0.012
(9,6): 0.01
(8,9): 0.004
(13,7): 0.003
(14,2): 0.006
(4,6): 0.013
(12,4): 0.006
(12,7): 0.011
(4,4): 0.012
(11,4): 0.012
(6,4): 0.005
(10,10): 0.005
(12,16): 0.004
(10,7): 0.01
(13,12): 0.006
(11,6): 0.015
(11,11): 0.003
(14,18): 0.001
(13,10): 0.007
(12,12): 0.005
(9,7): 0.012
(9,3): 0.002
(18,9): 0.001
(15,11): 0.002
(10,4): 0.008
(16,4): 0.001
(15,6): 0.005
(18,14): 0.005
(5,1): 0.001
(9,5): 0.005
(14,9): 0.006
(18,16): 0.004
(9,10): 0.005
(5,3): 0.001
(12,9): 0.006
(12,19): 0.004
(8,7): 0.003
(13,6): 0.002
(8,18): 0.007
(10,14): 0.003
(9,11): 0.001
(10,17): 0.001
(8,10): 0.005
(8,0): 0.025
(6,5): 0.005
(5,4): 0.008
(10,0): 0.003
(6,1): 0.003
(16,14): 0.003
(7,11): 0.002
(7,1): 0.005
(10,9): 0.007
(2,6): 0.002
(4,2): 0.001
(10,11): 0.004
(4,9): 0.002
(16,6): 0.004
(9,14): 0.002
(4,5): 0.003
(8,19): 0.001
(8,12): 0.001
(8,13): 0.002
(11,3): 0.002
(15,14): 0.001
(11,10): 0.006
(16,1): 0.004
(3,6): 0.003
(10,5): 0.003
(8,3): 0.003
(15,9): 0.002
(12,11): 0.004
(5,2): 0.002
(3,7): 0.001
(2,5): 0.002
(11,18): 0.006
(6,3): 0.004
(13,4): 0.002
(11,7): 0.001
(14,17): 0.001
(7,19): 0.002
(9,12): 0.005
(3,8): 0.001
(9,2): 0.003
(15,5): 0.001
(17,10): 0.001
(19,7): 0.001
(15,2): 0.002
(6,6): 0.002
(12,2): 0.007
(11,5): 0.004
(8,14): 0.002
(13,5): 0.003
(7,5): 0.004
(10,2): 0.002
(18,4): 0.003
(3,3): 0.001
(8,2): 0.001
(1,5): 0.001
(7,2): 0.001
(18,15): 0.001
(10,16): 0.003
(18,7): 0.002
(16,16): 0.001
(17,4): 0.001
(20,9): 0.001
(14,13): 0.002
(13,1): 0.001
(5,6): 0.001
(14,1): 0.001
(17,13): 0.002
(8,1): 0.001
(17,7): 0.001
(12,3): 0.001
