(7,13): 0.002
(9,9): 0.01
(8,6): 0.038
(15,14): 0.001
(10,8): 0.132
(3,6): 0.008
(17,11): 0.003
(9,8): 0.057
(14,6): 0.004
(9,2): 0.001
(11,8): 0.028
(6,5): 0.003
(11,9): 0.013
(6,7): 0.014
(7,1): 0.009
(2,4): 0.001
(11,2): 0.004
(11,6): 0.013
(10,9): 0.01
(7,2): 0.001
(9,3): 0.005
(12,10): 0.004
(12,6): 0.04
(7,7): 0.024
(10,10): 0.008
(10,18): 0.018
(9,6): 0.017
(9,7): 0.015
(11,14): 0.004
(10,6): 0.081
(3,5): 0.007
(8,8): 0.016
(10,5): 0.006
(2,6): 0.003
(5,1): 0.001
(3,9): 0.004
(10,7): 0.005
(7,9): 0.014
(12,16): 0.003
(11,15): 0.007
(13,10): 0.013
(5,6): 0.001
(18,4): 0.003
(6,1): 0.003
(7,4): 0.003
(13,12): 0.001
(5,7): 0.011
(8,18): 0.013
(12,8): 0.012
(10,3): 0.002
(8,2): 0.009
(8,12): 0.001
(14,9): 0.003
(10,0): 0.003
(4,6): 0.011
(11,4): 0.014
(9,4): 0.006
(13,9): 0.001
(16,14): 0.011
(17,4): 0.005
(19,14): 0.001
(8,5): 0.002
(11,3): 0.003
(3,7): 0.002
(18,7): 0.002
(12,3): 0.002
(17,15): 0.003
(15,6): 0.005
(3,3): 0.003
(7,8): 0.01
(13,4): 0.001
(5,5): 0.002
(17,14): 0.001
(11,12): 0.001
(7,6): 0.011
(8,4): 0.003
(9,5): 0.005
(12,19): 0.003
(10,16): 0.002
(4,4): 0.004
(10,4): 0.006
(9,11): 0.003
(20,9): 0.001
(6,6): 0.001
(5,4): 0.013
(4,9): 0.001
(9,13): 0.002
(7,3): 0.003
(12,0): 0.001
(11,11): 0.002
(19,9): 0.001
(16,16): 0.001
(10,14): 0.002
(13,2): 0.001
(16,4): 0.002
(15,9): 0.001
(11,7): 0.002
(9,10): 0.002
(2,5): 0.001
(8,0): 0.01
(16,6): 0.002
(14,2): 0.003
(14,15): 0.001
(18,14): 0.001
(8,10): 0.004
(18,6): 0.001
(14,5): 0.001
(19,6): 0.004
(11,10): 0.002
(17,13): 0.002
(8,14): 0.001
(6,2): 0.004
(12,7): 0.004
(13,0): 0.005
(16,9): 0.001
(8,3): 0.002
(13,7): 0.005
(12,13): 0.005
(12,1): 0.003
(8,7): 0.007
(12,12): 0.002
(7,5): 0.001
(10,1): 0.003
(17,9): 0.004
(4,5): 0.002
(19,15): 0.001
(7,12): 0.002
(8,9): 0.003
(10,11): 0.001
(5,3): 0.001
(11,18): 0.003
(9,17): 0.002
(6,3): 0.002
(3,8): 0.002
(1,5): 0.001
(11,13): 0.001
(12,9): 0.003
(13,14): 0.002
(7,0): 0.001
(13,11): 0.001
(6,0): 0.001
(12,11): 0.002
(13,1): 0.001
(18,9): 0.001
(11,5): 0.001
(5,2): 0.001
(10,19): 0.001
(8,13): 0.001
(2,3): 0.001
(10,2): 0.001
(12,5): 0.001
(15,10): 0.001
(6,4): 0.002
(4,7): 0.001
(8,1): 0.001
(18,12): 0.001
(8,19): 0.002
(11,16): 0.001
(16,1): 0.001
