(10,18): 0.012
(8,6): 0.078
(11,8): 0.044
(10,8): 0.094
(11,12): 0.017
(8,0): 0.021
(11,15): 0.009
(16,4): 0.01
(9,4): 0.011
(8,7): 0.017
(11,6): 0.012
(8,18): 0.004
(4,6): 0.011
(6,4): 0.02
(10,7): 0.03
(12,6): 0.053
(7,6): 0.012
(5,6): 0.002
(7,7): 0.05
(10,6): 0.075
(12,7): 0.011
(15,11): 0.001
(4,7): 0.006
(9,6): 0.02
(9,8): 0.044
(11,9): 0.012
(10,10): 0.011
(4,4): 0.004
(8,8): 0.008
(10,5): 0.012
(10,4): 0.006
(5,7): 0.016
(3,6): 0.001
(6,7): 0.006
(10,9): 0.007
(13,10): 0.005
(10,11): 0.001
(17,15): 0.001
(15,6): 0.007
(10,3): 0.004
(12,8): 0.011
(13,6): 0.003
(12,13): 0.002
(17,3): 0.001
(8,10): 0.004
(10,16): 0.006
(10,0): 0.013
(10,19): 0.007
(6,3): 0.004
(9,7): 0.011
(7,1): 0.003
(17,4): 0.005
(6,2): 0.004
(12,19): 0.006
(8,4): 0.003
(3,9): 0.005
(18,14): 0.004
(16,6): 0.004
(11,18): 0.002
(8,9): 0.001
(14,6): 0.007
(8,19): 0.001
(9,13): 0.003
(8,3): 0.002
(9,3): 0.003
(10,1): 0.011
(9,5): 0.009
(11,4): 0.007
(3,5): 0.007
(11,10): 0.002
(6,5): 0.006
(9,2): 0.004
(8,1): 0.001
(17,13): 0.006
(7,8): 0.001
(2,5): 0.005
(14,13): 0.001
(11,14): 0.004
(12,1): 0.004
(9,9): 0.003
(16,1): 0.006
(5,4): 0.002
(9,17): 0.003
(13,12): 0.006
(3,3): 0.001
(11,5): 0.003
(14,7): 0.001
(9,10): 0.001
(15,14): 0.002
(5,3): 0.002
(13,5): 0.003
(7,12): 0.005
(13,7): 0.003
(11,13): 0.001
(7,14): 0.001
(13,4): 0.001
(13,8): 0.001
(12,9): 0.002
(12,10): 0.001
(8,14): 0.001
(13,3): 0.001
(7,9): 0.001
(8,5): 0.001
