(25,18): 0.004
(31,20): 0.004
(26,41): 0.003
(26,22): 0.042
(24,21): 0.026
(25,15): 0.044
(20,16): 0.007
(27,22): 0.004
(26,17): 0.002
(29,20): 0.002
(30,16): 0.04
(10,10): 0.007
(45,40): 0.006
(42,34): 0.005
(12,11): 0.013
(32,17): 0.003
(28,22): 0.013
(26,21): 0.02
(25,36): 0.001
(27,2): 0.009
(27,39): 0.004
(21,0): 0.009
(12,15): 0.003
(23,12): 0.006
(28,25): 0.006
(31,11): 0.002
(34,31): 0.002
(27,7): 0.004
(33,8): 0.003
(17,17): 0.006
(33,17): 0.001
(22,4): 0.001
(26,19): 0.007
(21,15): 0.005
(28,37): 0.003
(21,47): 0.007
(29,17): 0.002
(33,31): 0.004
(27,4): 0.006
(18,19): 0.009
(28,30): 0.005
(11,8): 0.001
(24,16): 0.001
(15,6): 0.009
(30,32): 0.003
(26,10): 0.004
(35,17): 0.004
(23,24): 0.005
(21,1): 0.001
(32,20): 0.002
(22,15): 0.038
(24,2): 0.001
(27,0): 0.002
(42,40): 0.001
(11,16): 0.009
(23,8): 0.002
(16,18): 0.002
(28,15): 0.008
(10,12): 0.002
(45,11): 0.003
(27,10): 0.006
(32,25): 0.007
(35,8): 0.002
(27,28): 0.002
(21,20): 0.006
(17,2): 0.003
(19,18): 0.003
(24,35): 0.002
(23,18): 0.004
(22,18): 0.004
(18,3): 0.002
(25,21): 0.005
(40,15): 0.005
(32,18): 0.004
(27,20): 0.003
(43,12): 0.007
(30,21): 0.005
(20,12): 0.002
(30,13): 0.001
(14,17): 0.004
(32,28): 0.002
(25,27): 0.005
(29,36): 0.004
(13,13): 0.002
(9,9): 0.002
(37,37): 0.001
(30,20): 0.001
(9,23): 0.007
(8,11): 0.001
(25,45): 0.009
(43,10): 0.002
(23,20): 0.006
(32,4): 0.001
(36,34): 0.002
(27,14): 0.002
(27,12): 0.005
(31,8): 0.001
(14,5): 0.001
(18,18): 0.007
(28,23): 0.001
(30,34): 0.003
(25,20): 0.002
(13,4): 0.002
(43,25): 0.001
(31,9): 0.002
(16,19): 0.005
(39,24): 0.002
(9,12): 0.005
(24,22): 0.006
(17,3): 0.003
(23,15): 0.001
(18,17): 0.002
(24,23): 0.003
(25,5): 0.001
(29,11): 0.002
(39,28): 0.001
(20,5): 0.002
(19,32): 0.001
(47,35): 0.002
(23,13): 0.002
(34,17): 0.003
(22,13): 0.001
(46,36): 0.004
(26,15): 0.01
(42,36): 0.004
(34,26): 0.002
(24,17): 0.001
(35,22): 0.002
(38,16): 0.004
(10,17): 0.006
(26,20): 0.008
(24,15): 0.003
(13,15): 0.003
(27,42): 0.002
(22,44): 0.001
(23,27): 0.002
(30,19): 0.002
(44,24): 0.002
(25,14): 0.004
(36,7): 0.002
(19,16): 0.001
(23,9): 0.004
(16,12): 0.002
(35,15): 0.001
(26,13): 0.002
(8,15): 0.001
(31,21): 0.001
(23,33): 0.003
(41,41): 0.001
(25,22): 0.006
(28,46): 0.002
(17,20): 0.001
(20,26): 0.001
(18,24): 0.001
(18,15): 0.002
(13,18): 0.001
(9,21): 0.001
(26,25): 0.004
(13,3): 0.001
(41,24): 0.002
(25,2): 0.002
(7,14): 0.008
(14,12): 0.001
(24,12): 0.002
(28,7): 0.001
(49,17): 0.002
(23,21): 0.004
(27,25): 0.001
(14,8): 0.001
(20,19): 0.009
(31,13): 0.001
(20,13): 0.001
(28,26): 0.003
(21,9): 0.001
(22,14): 0.003
(37,16): 0.002
(33,18): 0.002
(33,14): 0.001
(25,48): 0.001
(40,4): 0.003
(23,25): 0.001
(25,19): 0.001
(21,24): 0.004
(22,16): 0.003
(44,33): 0.001
(21,35): 0.004
(31,10): 0.003
(33,16): 0.002
(22,19): 0.002
(26,23): 0.003
(31,29): 0.001
(35,26): 0.001
(28,24): 0.002
(29,7): 0.001
(30,17): 0.003
(9,10): 0.001
(20,15): 0.005
(23,10): 0.003
(23,11): 0.002
(22,22): 0.002
(23,44): 0.002
(17,19): 0.001
(25,26): 0.001
(19,20): 0.001
(23,47): 0.001
(15,19): 0.002
(31,12): 0.001
(29,18): 0.001
(26,9): 0.001
(30,49): 0.004
(48,17): 0.001
(30,23): 0.002
(11,12): 0.001
(24,14): 0.001
(28,20): 0.003
(24,20): 0.003
(33,15): 0.002
(22,17): 0.002
(5,12): 0.001
(16,15): 0.001
(27,21): 0.001
(16,13): 0.002
(27,9): 0.001
(30,18): 0.001
(27,41): 0.004
(23,16): 0.002
(11,18): 0.002
(29,47): 0.001
(29,10): 0.002
(30,3): 0.001
(41,18): 0.001
(29,23): 0.001
(48,23): 0.002
(7,13): 0.001
(20,11): 0.001
(32,29): 0.001
(20,32): 0.001
(32,2): 0.001
(14,6): 0.001
(27,19): 0.006
(14,20): 0.001
(8,9): 0.001
(43,38): 0.001
(23,19): 0.002
(31,6): 0.002
(22,31): 0.001
(24,24): 0.001
(15,7): 0.001
(7,15): 0.004
(8,10): 0.001
(6,8): 0.002
(21,49): 0.002
(32,3): 0.001
(27,5): 0.002
(29,16): 0.001
(20,14): 0.001
(20,47): 0.001
(35,23): 0.002
(19,4): 0.001
(16,17): 0.001
(43,28): 0.001
(13,20): 0.001
(20,31): 0.001
(9,7): 0.001
(37,14): 0.001
(24,9): 0.001
(20,36): 0.001
(22,20): 0.002
(10,23): 0.001
(3,14): 0.001
(18,23): 0.001
(20,30): 0.001
(32,0): 0.003
(26,26): 0.001
(39,13): 0.001
(25,24): 0.001
(19,11): 0.002
(39,35): 0.002
(45,10): 0.001
(24,7): 0.001
(23,17): 0.001
(20,25): 0.001
(9,6): 0.001
(28,9): 0.001
(25,13): 0.001
(28,13): 0.001
(25,47): 0.001
(21,2): 0.001
(28,16): 0.002
(34,12): 0.001
(21,18): 0.001
(31,16): 0.001
(28,38): 0.001
(28,21): 0.001
(33,25): 0.001
(18,16): 0.001
(24,18): 0.001
(29,15): 0.001
(9,19): 0.001
(23,22): 0.001
(26,27): 0.001
(13,16): 0.001
(15,18): 0.001
(46,19): 0.001
(17,18): 0.001
(21,28): 0.001
(16,1): 0.001
(34,11): 0.001
(25,11): 0.001
(18,0): 0.001
(17,8): 0.001
(8,13): 0.001
(13,17): 0.001
(26,12): 0.001
(31,22): 0.001
(40,41): 0.001
(22,6): 0.001
(16,8): 0.001
(36,15): 0.001
(25,16): 0.001
(36,46): 0.001
(23,5): 0.001
(22,23): 0.001
(26,14): 0.001
(24,1): 0.001
(20,18): 0.001
(22,9): 0.001
