(27,20): 0.005
(31,20): 0.004
(26,41): 0.002
(26,22): 0.039
(24,21): 0.034
(21,1): 0.002
(26,21): 0.015
(28,30): 0.003
(26,17): 0.001
(29,20): 0.002
(26,49): 0.002
(30,16): 0.046
(10,10): 0.006
(30,21): 0.01
(42,34): 0.004
(16,13): 0.006
(16,12): 0.009
(27,3): 0.002
(28,22): 0.022
(24,27): 0.002
(25,36): 0.001
(27,4): 0.004
(34,15): 0.002
(27,39): 0.003
(21,0): 0.01
(11,16): 0.01
(23,12): 0.003
(28,25): 0.004
(31,11): 0.002
(34,31): 0.002
(27,7): 0.005
(34,8): 0.001
(33,17): 0.001
(26,24): 0.003
(17,17): 0.005
(31,29): 0.002
(28,37): 0.005
(20,47): 0.002
(33,31): 0.003
(27,0): 0.003
(22,4): 0.001
(11,8): 0.001
(24,16): 0.001
(15,7): 0.002
(26,10): 0.003
(22,15): 0.029
(17,3): 0.004
(25,15): 0.047
(26,23): 0.006
(25,2): 0.003
(45,40): 0.004
(12,15): 0.002
(27,2): 0.004
(26,11): 0.001
(10,6): 0.001
(12,13): 0.002
(28,15): 0.006
(25,19): 0.001
(11,11): 0.002
(45,11): 0.002
(27,10): 0.006
(27,12): 0.01
(31,13): 0.002
(27,29): 0.002
(16,3): 0.003
(19,18): 0.003
(27,21): 0.004
(24,35): 0.002
(32,27): 0.002
(32,25): 0.005
(26,38): 0.001
(23,9): 0.002
(18,3): 0.002
(43,12): 0.007
(22,16): 0.003
(9,23): 0.013
(30,19): 0.001
(38,16): 0.005
(4,12): 0.002
(23,18): 0.003
(18,11): 0.002
(14,17): 0.004
(25,22): 0.004
(20,12): 0.005
(25,27): 0.002
(25,21): 0.004
(9,9): 0.001
(30,20): 0.002
(25,45): 0.006
(11,4): 0.002
(26,26): 0.005
(7,10): 0.001
(23,47): 0.002
(23,19): 0.002
(32,3): 0.002
(36,34): 0.007
(40,15): 0.003
(13,10): 0.001
(26,15): 0.014
(23,24): 0.001
(30,34): 0.002
(22,20): 0.004
(21,23): 0.003
(21,20): 0.003
(19,4): 0.003
(23,20): 0.006
(27,13): 0.002
(42,24): 0.002
(27,9): 0.001
(16,19): 0.002
(8,12): 0.003
(30,17): 0.005
(16,4): 0.001
(32,0): 0.004
(18,18): 0.008
(22,30): 0.001
(21,15): 0.006
(32,16): 0.002
(26,43): 0.001
(9,12): 0.002
(47,35): 0.001
(9,14): 0.002
(22,31): 0.002
(23,13): 0.002
(18,22): 0.002
(20,15): 0.002
(46,36): 0.005
(27,41): 0.002
(42,36): 0.003
(39,35): 0.003
(32,17): 0.001
(32,2): 0.002
(10,18): 0.001
(21,24): 0.003
(13,15): 0.003
(35,17): 0.007
(27,42): 0.002
(46,19): 0.001
(21,28): 0.001
(21,30): 0.001
(15,6): 0.004
(35,8): 0.001
(24,23): 0.005
(20,27): 0.002
(44,24): 0.001
(36,7): 0.003
(12,4): 0.001
(33,15): 0.001
(13,17): 0.002
(26,12): 0.002
(26,20): 0.006
(31,22): 0.001
(22,33): 0.001
(40,41): 0.001
(22,26): 0.001
(28,46): 0.002
(20,16): 0.009
(26,25): 0.004
(35,23): 0.002
(12,11): 0.008
(25,11): 0.002
(30,24): 0.002
(49,17): 0.002
(48,23): 0.002
(27,25): 0.002
(24,15): 0.001
(22,14): 0.001
(13,8): 0.001
(18,19): 0.008
(29,16): 0.001
(20,2): 0.001
(29,26): 0.001
(19,16): 0.005
(20,6): 0.001
(15,12): 0.001
(37,16): 0.001
(33,18): 0.003
(32,20): 0.002
(40,4): 0.004
(19,23): 0.001
(23,11): 0.001
(26,36): 0.001
(36,12): 0.001
(22,44): 0.002
(45,37): 0.001
(17,18): 0.001
(16,8): 0.003
(34,11): 0.002
(44,33): 0.001
(33,8): 0.002
(25,14): 0.004
(24,20): 0.001
(9,22): 0.002
(27,22): 0.002
(9,10): 0.001
(30,23): 0.001
(23,44): 0.003
(23,21): 0.001
(22,12): 0.002
(29,7): 0.001
(27,19): 0.003
(10,8): 0.001
(30,10): 0.001
(13,3): 0.003
(23,10): 0.002
(16,18): 0.002
(8,9): 0.002
(22,22): 0.002
(19,19): 0.001
(24,46): 0.001
(25,26): 0.002
(7,14): 0.006
(28,24): 0.003
(25,16): 0.001
(10,23): 0.001
(46,23): 0.004
(23,8): 0.003
(28,29): 0.002
(24,22): 0.002
(31,10): 0.002
(11,15): 0.001
(47,26): 0.001
(30,49): 0.004
(37,17): 0.001
(23,14): 0.002
(27,11): 0.002
(22,18): 0.003
(5,12): 0.001
(15,15): 0.001
(25,18): 0.002
(24,42): 0.001
(25,49): 0.001
(29,39): 0.001
(14,16): 0.001
(30,18): 0.001
(34,25): 0.001
(23,16): 0.001
(10,16): 0.001
(20,19): 0.004
(21,35): 0.003
(10,19): 0.001
(22,0): 0.002
(36,33): 0.001
(30,13): 0.001
(7,17): 0.002
(20,24): 0.001
(21,32): 0.002
(43,10): 0.003
(18,9): 0.002
(14,6): 0.001
(6,18): 0.001
(19,32): 0.002
(26,14): 0.001
(44,39): 0.001
(19,21): 0.001
(12,16): 0.001
(6,8): 0.001
(43,40): 0.001
(31,7): 0.001
(28,23): 0.003
(7,15): 0.002
(45,31): 0.001
(7,12): 0.001
(31,9): 0.001
(18,16): 0.001
(37,14): 0.001
(20,5): 0.001
(28,17): 0.002
(14,3): 0.001
(39,24): 0.001
(32,18): 0.002
(17,2): 0.001
(23,6): 0.001
(10,14): 0.001
(3,14): 0.001
(9,7): 0.001
(40,8): 0.001
(36,25): 0.001
(19,15): 0.001
(28,2): 0.001
(18,24): 0.001
(45,10): 0.001
(24,7): 0.001
(47,36): 0.001
(22,17): 0.001
(45,30): 0.001
(26,27): 0.002
(15,5): 0.001
(32,28): 0.001
(15,10): 0.001
(25,47): 0.001
(21,18): 0.002
(34,13): 0.001
(23,15): 0.001
(19,17): 0.001
(42,35): 0.001
(28,16): 0.001
(28,20): 0.002
(30,32): 0.001
(18,17): 0.001
(33,25): 0.001
(13,19): 0.001
(27,28): 0.001
(29,13): 0.001
(9,18): 0.001
(19,35): 0.001
(46,30): 0.001
(32,19): 0.001
(43,8): 0.001
(29,22): 0.001
(16,15): 0.001
(23,27): 0.001
(18,15): 0.001
(18,8): 0.001
(41,20): 0.001
(33,14): 0.001
(47,33): 0.001
(21,49): 0.001
(23,33): 0.001
(41,41): 0.001
(21,47): 0.001
(15,16): 0.001
(34,27): 0.001
(19,31): 0.001
(27,35): 0.001
(18,5): 0.001
(24,25): 0.001
(22,6): 0.001
(20,18): 0.001
(20,26): 0.001
(28,21): 0.001
(39,25): 0.002
(36,15): 0.001
(13,18): 0.001
(24,43): 0.001
(41,24): 0.002
(10,17): 0.001
(23,26): 0.001
(23,5): 0.001
(23,17): 0.001
(23,22): 0.001
(5,9): 0.001
(17,8): 0.001
(18,32): 0.001
(42,15): 0.001
(36,6): 0.001
(29,2): 0.001
(24,12): 0.001
(43,39): 0.001
(47,17): 0.001
