(2,1): 0.004
(4,3): 0.066
(6,3): 0.071
(4,0): 0.02
(2,2): 0.028
(5,7): 0.012
(4,4): 0.073
(5,3): 0.083
(3,3): 0.053
(2,3): 0.027
(5,4): 0.112
(10,4): 0.004
(5,2): 0.03
(5,9): 0.02
(1,4): 0.024
(5,1): 0.017
(3,6): 0.005
(4,5): 0.01
(4,2): 0.025
(5,0): 0.006
(7,4): 0.004
(6,2): 0.015
(6,4): 0.019
(1,2): 0.017
(8,2): 0.005
(0,2): 0.002
(3,2): 0.017
(4,9): 0.012
(5,5): 0.016
(7,5): 0.001
(9,7): 0.006
(9,8): 0.005
(3,4): 0.007
(7,1): 0.01
(3,1): 0.01
(7,6): 0.002
(5,8): 0.008
(4,6): 0.012
(8,7): 0.005
(6,6): 0.008
(6,0): 0.01
(6,5): 0.016
(4,7): 0.004
(5,6): 0.005
(8,4): 0.004
(9,2): 0.003
(7,3): 0.015
(4,1): 0.013
(2,0): 0.002
(7,8): 0.003
(8,3): 0.008
(3,0): 0.004
(9,4): 0.002
(6,9): 0.005
(1,1): 0.005
(8,6): 0.001
(1,3): 0.002
(2,4): 0.003
(8,0): 0.002
(7,7): 0.004
(8,8): 0.003
(7,2): 0.006
(6,1): 0.004
(8,5): 0.001
(3,9): 0.001
(6,8): 0.001
(9,3): 0.002
