(5,2): 0.035
(1,4): 0.01
(4,4): 0.076
(5,8): 0.006
(5,3): 0.107
(4,3): 0.082
(3,0): 0.009
(3,4): 0.029
(1,2): 0.02
(5,4): 0.18
(6,3): 0.052
(2,2): 0.016
(2,3): 0.016
(7,3): 0.013
(4,5): 0.011
(4,1): 0.012
(5,1): 0.01
(5,7): 0.015
(4,8): 0.002
(1,3): 0.007
(6,4): 0.021
(4,0): 0.007
(5,9): 0.02
(3,2): 0.01
(10,4): 0.001
(3,3): 0.046
(6,5): 0.021
(9,3): 0.002
(8,7): 0.008
(4,2): 0.016
(5,5): 0.014
(8,2): 0.012
(3,1): 0.013
(5,0): 0.015
(6,6): 0.006
(6,2): 0.006
(4,9): 0.014
(2,1): 0.004
(6,0): 0.003
(2,0): 0.007
(4,6): 0.003
(1,1): 0.005
(4,7): 0.003
(6,7): 0.003
(9,2): 0.002
(6,9): 0.004
(8,6): 0.003
(6,1): 0.003
(8,8): 0.002
(9,8): 0.002
(8,4): 0.002
(7,4): 0.003
(3,6): 0.004
(8,3): 0.002
(0,2): 0.001
(7,6): 0.001
(5,6): 0.002
(7,2): 0.001
