((31,19)(31,19)) 15
((31,19)(20,20)) 1
((20,20)(20,20)) 13
((20,20)(20,25)) 2
((20,25)(20,25)) 16
((20,25)(21,17)) 4
((21,17)(21,17)) 3131
((21,17)(26,20)) 10
((26,20)(26,20)) 161
((26,20)(25,20)) 12
((25,20)(25,20)) 43
((25,20)(20,25)) 1
((21,17)(31,19)) 4
((31,19)(28,18)) 1
((28,18)(28,18)) 15
((28,18)(20,20)) 1
((12,5)(12,5)) 86
((12,5)(21,16)) 3
((21,16)(21,16)) 293
((21,16)(13,6)) 4
((13,6)(13,6)) 74
((13,6)(12,5)) 2
((12,5)(12,12)) 1
((12,12)(12,12)) 14
((12,12)(15,14)) 1
((15,14)(15,14)) 11
((15,14)(21,17)) 1
((21,17)(22,16)) 3
((22,16)(22,16)) 146
((9,9)(9,9)) 93
((9,9)(10,9)) 13
((10,9)(10,9)) 208
((10,9)(14,14)) 4
((14,14)(14,14)) 148
((14,14)(20,12)) 13
((20,12)(20,12)) 1812
((20,12)(10,9)) 7
((10,9)(9,9)) 14
((10,9)(19,12)) 1
((19,12)(19,12)) 26
((19,12)(10,9)) 1
((24,14)(24,14)) 22
((24,14)(22,12)) 1
((22,12)(22,12)) 239
((22,12)(15,15)) 5
((15,15)(15,15)) 289
((15,15)(14,15)) 44
((14,15)(14,15)) 339
((14,15)(15,15)) 36
((15,15)(22,12)) 2
((22,12)(22,13)) 11
((22,13)(22,13)) 104
((22,13)(21,13)) 3
((21,13)(21,13)) 10
((21,13)(22,13)) 4
((22,13)(22,12)) 13
((22,17)(22,17)) 442
((22,17)(21,17)) 40
((21,17)(22,17)) 54
((28,13)(28,13)) 125
((28,13)(36,8)) 6
((36,8)(36,8)) 38
((36,8)(28,13)) 2
((28,13)(18,17)) 1
((18,17)(18,17)) 66
((18,17)(18,16)) 10
((18,16)(18,16)) 405
((18,16)(36,8)) 1
((36,8)(36,9)) 8
((36,9)(36,9)) 22
((13,2)(13,2)) 90
((13,2)(13,3)) 4
((13,3)(13,3)) 18
((13,3)(10,9)) 1
((10,9)(17,16)) 6
((17,16)(17,16)) 261
((17,16)(14,2)) 2
((14,2)(14,2)) 106
((14,2)(13,2)) 18
((13,3)(17,16)) 2
((17,16)(17,15)) 4
((17,15)(17,15)) 47
((17,15)(10,9)) 6
((10,9)(13,3)) 1
((13,3)(14,2)) 1
((16,15)(16,15)) 378
((16,15)(15,15)) 14
((14,15)(8,13)) 13
((8,13)(8,13)) 273
((8,13)(7,15)) 3
((7,15)(7,15)) 6
((7,15)(8,13)) 2
((8,13)(13,15)) 1
((13,15)(13,15)) 51
((13,15)(15,15)) 1
((8,13)(21,20)) 1
((21,20)(21,20)) 208
((21,20)(23,24)) 1
((23,24)(23,24)) 36
((23,24)(22,30)) 1
((22,30)(22,30)) 17
((22,30)(21,33)) 1
((21,33)(21,33)) 316
((21,33)(21,34)) 4
((21,34)(21,34)) 7
((2,11)(2,11)) 22
((2,11)(4,10)) 1
((4,10)(4,10)) 185
((4,10)(6,11)) 9
((6,11)(6,11)) 371
((6,11)(8,11)) 6
((8,11)(8,11)) 20
((8,11)(6,11)) 8
((6,11)(6,12)) 28
((6,12)(6,12)) 165
((6,12)(6,11)) 23
((6,11)(4,10)) 11
((6,7)(6,7)) 58
((6,7)(7,6)) 5
((7,6)(7,6)) 24
((7,6)(8,5)) 3
((8,5)(8,5)) 13
((8,5)(7,6)) 2
((7,6)(6,7)) 2
((32,12)(32,12)) 67
((32,12)(19,17)) 6
((19,17)(19,17)) 598
((19,17)(18,19)) 8
((18,19)(18,19)) 44
((18,19)(19,17)) 9
((19,17)(32,12)) 5
((32,12)(18,19)) 1
((19,17)(28,13)) 4
((28,13)(32,12)) 2
((34,9)(34,9)) 29
((34,9)(35,9)) 14
((35,9)(35,9)) 85
((35,9)(17,16)) 6
((17,16)(10,15)) 7
((10,15)(10,15)) 49
((10,15)(17,16)) 10
((17,16)(35,9)) 7
((35,9)(34,10)) 6
((34,10)(34,10)) 7
((34,10)(34,9)) 6
((34,9)(10,15)) 1
((21,12)(21,12)) 121
((21,12)(20,12)) 18
((20,12)(20,14)) 13
((20,14)(20,14)) 109
((20,14)(20,12)) 14
((20,12)(21,12)) 14
((21,12)(20,14)) 1
((23,9)(23,9)) 10
((23,9)(22,11)) 2
((22,11)(22,11)) 36
((22,11)(22,12)) 2
((22,12)(20,12)) 10
((20,12)(23,9)) 2
((22,11)(22,9)) 1
((22,9)(22,9)) 115
((22,9)(20,12)) 14
((21,12)(23,9)) 1
((13,9)(13,9)) 55
((13,9)(11,14)) 3
((11,14)(11,14)) 261
((11,14)(10,16)) 8
((10,16)(10,16)) 15
((10,16)(7,18)) 4
((7,18)(7,18)) 108
((7,18)(9,16)) 4
((9,16)(9,16)) 5
((9,16)(13,9)) 3
((22,20)(22,20)) 194
((22,20)(24,17)) 1
((24,17)(24,17)) 285
((24,17)(25,23)) 8
((25,23)(25,23)) 49
((25,23)(22,20)) 4
((22,20)(20,15)) 1
((20,15)(20,15)) 124
((20,15)(21,18)) 1
((21,18)(21,18)) 43
((21,18)(17,12)) 1
((17,12)(17,12)) 994
((17,12)(20,15)) 2
((24,12)(24,12)) 142
((24,12)(24,13)) 28
((24,13)(24,13)) 821
((24,13)(20,17)) 7
((20,17)(20,17)) 238
((20,17)(19,18)) 5
((19,18)(19,18)) 216
((19,18)(20,17)) 6
((20,17)(24,13)) 7
((24,13)(24,12)) 57
((19,18)(19,17)) 6
((19,17)(16,15)) 1
((16,15)(24,13)) 5
((17,12)(16,12)) 21
((16,12)(16,12)) 221
((16,12)(17,12)) 19
((17,12)(10,2)) 2
((10,2)(10,2)) 21
((19,17)(21,17)) 31
((21,17)(20,17)) 22
((20,17)(21,17)) 20
((21,17)(16,15)) 5
((16,15)(20,17)) 3
((20,17)(19,17)) 20
((21,15)(21,15)) 281
((21,15)(21,20)) 2
((21,20)(16,37)) 1
((16,37)(16,37)) 125
((16,37)(20,31)) 2
((20,31)(20,31)) 2
((20,31)(21,16)) 1
((21,16)(21,17)) 37
((21,17)(21,15)) 14
((38,28)(38,28)) 24
((38,28)(36,32)) 3
((36,32)(36,32)) 188
((36,32)(26,20)) 9
((26,20)(20,16)) 7
((20,16)(20,16)) 117
((20,16)(21,17)) 6
((26,20)(36,32)) 7
((36,32)(38,28)) 4
((21,17)(12,13)) 7
((12,13)(12,13)) 45
((12,13)(11,13)) 9
((11,13)(11,13)) 10
((11,13)(8,11)) 9
((8,11)(7,11)) 10
((7,11)(7,11)) 15
((7,11)(12,13)) 1
((7,11)(21,17)) 7
((21,17)(20,18)) 7
((20,18)(20,18)) 43
((20,18)(21,17)) 8
((16,21)(16,21)) 68
((16,21)(15,25)) 4
((15,25)(15,25)) 73
((13,18)(13,18)) 4
((13,18)(18,16)) 1
((18,16)(20,15)) 3
((20,15)(18,16)) 2
((18,16)(15,16)) 3
((15,16)(15,16)) 9
((15,16)(15,17)) 3
((15,17)(15,17)) 15
((15,17)(14,17)) 3
((14,17)(14,17)) 59
((14,17)(20,12)) 1
((16,5)(16,5)) 47
((16,5)(16,4)) 2
((16,4)(16,4)) 27
((16,4)(16,5)) 2
((16,5)(20,12)) 5
((20,12)(16,5)) 6
((20,12)(17,11)) 3
((17,11)(17,11)) 82
((17,11)(22,16)) 1
((22,16)(17,12)) 5
((20,38)(20,38)) 53
((20,38)(21,33)) 3
((21,33)(36,32)) 5
((36,32)(21,33)) 8
((21,33)(20,38)) 1
((21,33)(20,36)) 14
((20,36)(20,36)) 288
((20,36)(21,33)) 9
((24,39)(24,39)) 66
((24,39)(26,20)) 3
((26,20)(19,18)) 6
((19,18)(24,39)) 7
((25,20)(21,17)) 5
((21,17)(19,18)) 4
((37,29)(37,29)) 89
((37,29)(19,16)) 7
((19,16)(19,16)) 393
((19,16)(21,17)) 12
((21,17)(37,29)) 9
((21,33)(23,29)) 7
((23,29)(23,29)) 68
((23,29)(21,17)) 3
((22,17)(26,20)) 12
((25,20)(26,20)) 15
((26,20)(22,17)) 12
((21,17)(25,20)) 4
((26,20)(21,33)) 2
((23,29)(26,20)) 2
((21,17)(21,33)) 7
((8,8)(8,8)) 139
((8,8)(12,9)) 1
((12,9)(12,9)) 13
((12,9)(16,12)) 1
((16,12)(8,8)) 1
((8,8)(19,18)) 1
((19,18)(8,8)) 1
((8,8)(16,12)) 2
((16,12)(19,18)) 2
((19,18)(10,9)) 1
((10,9)(8,8)) 2
((13,9)(17,12)) 12
((17,12)(19,14)) 5
((19,14)(19,14)) 71
((19,14)(16,12)) 1
((16,12)(9,13)) 1
((9,13)(9,13)) 5
((9,13)(8,13)) 2
((8,13)(17,12)) 2
((17,12)(13,9)) 10
((19,14)(17,12)) 4
((21,16)(18,8)) 1
((18,8)(18,8)) 52
((18,8)(17,12)) 4
((17,12)(21,17)) 13
((21,17)(21,16)) 36
((31,28)(31,28)) 48
((31,28)(36,32)) 7
((36,32)(31,28)) 7
((31,28)(29,27)) 2
((29,27)(29,27)) 45
((29,27)(31,28)) 2
((24,25)(24,25)) 24
((24,25)(19,13)) 2
((19,13)(19,13)) 129
((19,13)(19,14)) 2
((19,14)(18,13)) 2
((18,13)(18,13)) 108
((18,13)(19,18)) 1
((14,15)(21,17)) 14
((21,17)(14,15)) 13
((20,17)(14,15)) 2
((20,12)(24,13)) 41
((24,12)(21,16)) 3
((21,16)(20,15)) 4
((20,15)(14,15)) 1
((14,15)(20,12)) 13
((30,13)(30,13)) 98
((25,23)(26,24)) 2
((26,24)(26,24)) 41
((26,24)(24,17)) 1
((24,17)(19,16)) 1
((19,16)(27,30)) 1
((27,30)(27,30)) 22
((27,30)(24,17)) 3
((22,8)(22,8)) 45
((22,8)(20,12)) 3
((20,12)(22,8)) 7
((22,8)(21,8)) 8
((21,8)(21,8)) 56
((21,8)(19,13)) 2
((19,13)(22,8)) 1
((22,8)(20,11)) 1
((20,11)(20,11)) 155
((20,11)(22,9)) 1
((22,9)(22,8)) 5
((22,19)(22,19)) 142
((22,19)(17,12)) 6
((17,12)(22,19)) 2
((22,19)(18,12)) 1
((18,12)(18,12)) 152
((18,12)(17,12)) 23
((17,12)(18,19)) 1
((18,19)(22,19)) 1
((17,12)(22,17)) 2
((9,11)(9,11)) 16
((9,11)(14,15)) 3
((8,13)(9,11)) 6
((8,14)(8,14)) 163
((8,14)(6,12)) 7
((6,11)(14,2)) 8
((13,2)(13,1)) 4
((13,1)(13,1)) 25
((13,1)(13,2)) 3
((13,2)(14,2)) 9
((14,2)(6,11)) 6
((6,11)(5,11)) 11
((5,11)(5,11)) 38
((5,11)(6,12)) 7
((6,12)(8,14)) 5
((8,14)(7,14)) 6
((7,14)(7,14)) 34
((7,14)(8,14)) 4
((37,15)(37,15)) 6
((37,15)(17,36)) 1
((17,36)(17,36)) 10
((17,36)(18,35)) 2
((18,35)(18,35)) 24
((18,35)(37,15)) 1
((37,15)(39,14)) 3
((39,14)(39,14)) 8
((39,14)(38,14)) 2
((38,14)(38,14)) 2
((38,14)(37,15)) 1
((37,15)(18,35)) 1
((18,35)(17,36)) 1
((18,35)(37,21)) 1
((37,21)(37,21)) 6
((37,21)(38,21)) 1
((38,21)(38,21)) 5
((38,21)(37,21)) 2
((37,21)(37,15)) 1
((17,14)(17,14)) 41
((17,14)(22,19)) 1
((22,19)(18,13)) 2
((18,13)(19,17)) 10
((19,17)(18,14)) 1
((18,14)(18,14)) 327
((18,14)(19,17)) 1
((19,17)(19,16)) 16
((19,16)(19,17)) 24
((19,17)(20,12)) 15
((20,12)(18,12)) 11
((20,12)(15,15)) 8
((14,15)(16,15)) 13
((21,33)(21,20)) 4
((21,20)(21,33)) 3
((21,16)(14,15)) 2
((21,17)(19,17)) 39
((19,17)(14,15)) 3
((13,14)(13,14)) 98
((13,14)(12,8)) 1
((12,8)(12,8)) 7
((12,8)(13,6)) 1
((13,6)(13,14)) 2
((13,14)(13,8)) 2
((13,8)(13,8)) 10
((13,8)(12,8)) 1
((12,8)(13,8)) 2
((13,8)(13,14)) 1
((21,15)(21,17)) 16
((21,17)(27,17)) 1
((27,17)(27,17)) 2
((27,17)(24,17)) 2
((24,17)(21,17)) 14
((21,17)(24,17)) 13
((7,18)(16,15)) 2
((16,15)(23,17)) 1
((23,17)(23,17)) 16
((23,17)(22,17)) 4
((22,17)(22,16)) 2
((22,16)(23,16)) 2
((23,16)(23,16)) 35
((23,16)(33,14)) 2
((33,14)(33,14)) 28
((17,12)(20,12)) 48
((20,12)(28,13)) 10
((28,13)(24,16)) 1
((24,16)(24,16)) 52
((24,16)(20,12)) 3
((20,12)(13,6)) 2
((13,6)(13,9)) 1
((20,36)(22,37)) 2
((22,37)(22,37)) 5
((22,37)(20,36)) 2
((20,36)(18,12)) 1
((18,12)(20,36)) 1
((15,15)(20,12)) 9
((20,12)(20,11)) 53
((20,11)(20,12)) 57
((20,12)(20,16)) 2
((20,16)(20,17)) 5
((20,17)(20,16)) 7
((20,16)(29,10)) 1
((29,10)(29,10)) 11
((29,10)(27,12)) 4
((27,12)(27,12)) 18
((17,11)(17,12)) 16
((20,12)(21,13)) 1
((21,13)(20,12)) 1
((20,12)(17,12)) 43
((24,15)(24,15)) 130
((24,15)(21,17)) 2
((21,17)(18,17)) 2
((18,17)(15,19)) 2
((15,19)(15,19)) 169
((15,19)(19,18)) 1
((19,17)(19,15)) 1
((19,15)(19,15)) 49
((19,15)(19,14)) 6
((19,14)(15,9)) 1
((15,9)(15,9)) 6
((15,9)(13,6)) 2
((12,5)(20,12)) 1
((17,12)(12,5)) 4
((24,2)(24,2)) 23
((24,2)(24,3)) 1
((24,3)(24,3)) 3
((24,3)(22,12)) 1
((22,12)(24,13)) 9
((24,13)(22,12)) 10
((22,12)(24,3)) 2
((24,3)(24,2)) 1
((24,2)(22,12)) 8
((11,14)(14,15)) 8
((15,15)(15,14)) 6
((15,14)(14,14)) 3
((14,14)(14,15)) 15
((14,15)(11,14)) 8
((15,15)(14,14)) 9
((14,14)(15,15)) 6
((6,7)(10,9)) 2
((10,9)(19,17)) 7
((19,17)(20,17)) 18
((19,17)(6,12)) 5
((6,12)(4,10)) 7
((4,10)(6,12)) 7
((6,12)(13,6)) 2
((13,6)(19,17)) 1
((24,17)(24,13)) 20
((24,12)(25,13)) 5
((25,13)(25,13)) 27
((25,13)(25,12)) 6
((25,12)(25,12)) 11
((25,12)(24,13)) 4
((24,13)(24,17)) 23
((24,17)(25,13)) 1
((25,13)(24,13)) 8
((24,12)(25,12)) 2
((32,33)(32,33)) 22
((32,33)(22,17)) 4
((22,17)(36,32)) 13
((36,32)(32,33)) 9
((32,33)(36,32)) 4
((36,32)(22,17)) 7
((36,32)(36,30)) 7
((36,30)(36,30)) 13
((36,30)(36,32)) 2
((36,32)(34,19)) 2
((34,19)(34,19)) 25
((34,19)(36,32)) 4
((36,30)(34,19)) 3
((19,13)(19,12)) 6
((19,12)(19,13)) 5
((19,13)(21,33)) 1
((21,33)(19,13)) 1
((20,36)(21,15)) 1
((19,17)(24,27)) 2
((24,27)(24,27)) 36
((24,27)(20,36)) 1
((24,13)(19,16)) 9
((19,16)(24,13)) 12
((21,15)(22,14)) 3
((22,14)(22,14)) 34
((22,14)(22,15)) 4
((22,15)(22,15)) 10
((22,15)(18,18)) 1
((18,18)(18,18)) 36
((18,18)(21,15)) 2
((21,15)(18,16)) 1
((18,16)(18,18)) 1
((18,18)(22,14)) 1
((33,29)(33,29)) 112
((33,29)(32,28)) 7
((32,28)(32,28)) 24
((32,28)(22,31)) 5
((22,31)(22,31)) 259
((22,31)(32,28)) 7
((32,28)(33,29)) 10
((18,4)(18,4)) 35
((18,4)(17,5)) 1
((17,5)(17,5)) 19
((24,13)(22,17)) 6
((22,17)(24,12)) 1
((24,13)(20,12)) 35
((20,12)(23,17)) 2
((38,18)(38,18)) 9
((38,18)(22,20)) 1
((22,20)(19,18)) 1
((19,18)(22,20)) 1
((22,20)(25,20)) 2
((25,20)(38,18)) 1
((38,18)(20,18)) 1
((20,18)(19,18)) 2
((19,18)(21,20)) 1
((16,37)(16,21)) 4
((16,21)(16,37)) 5
((16,21)(18,17)) 1
((18,17)(16,21)) 1
((24,17)(27,14)) 1
((27,14)(27,14)) 34
((27,14)(24,15)) 6
((24,15)(24,17)) 9
((24,17)(24,15)) 7
((24,15)(27,14)) 5
((29,12)(29,12)) 20
((29,12)(28,13)) 5
((28,13)(26,15)) 5
((26,15)(26,15)) 41
((26,15)(26,17)) 3
((26,17)(26,17)) 10
((26,17)(26,15)) 4
((26,15)(28,13)) 5
((28,13)(29,12)) 9
((29,12)(26,15)) 1
((28,13)(26,17)) 2
((11,14)(16,15)) 8
((16,15)(21,17)) 11
((14,15)(10,14)) 3
((10,14)(10,14)) 40
((10,14)(9,14)) 9
((9,14)(9,14)) 43
((9,14)(10,14)) 8
((9,14)(11,14)) 2
((11,14)(21,17)) 11
((22,17)(22,18)) 3
((22,18)(22,18)) 58
((22,18)(36,32)) 1
((36,32)(22,18)) 1
((22,18)(22,17)) 6
((21,17)(11,14)) 6
((16,15)(12,14)) 6
((12,14)(12,14)) 73
((12,14)(11,14)) 8
((16,15)(11,14)) 2
((19,11)(19,11)) 38
((19,11)(19,17)) 1
((20,17)(19,11)) 1
((19,11)(21,16)) 1
((21,16)(20,12)) 8
((20,12)(19,11)) 5
((26,3)(26,3)) 27
((26,3)(24,13)) 5
((24,13)(16,12)) 6
((16,12)(14,14)) 2
((14,14)(13,15)) 2
((13,15)(14,14)) 4
((14,14)(24,13)) 7
((24,13)(24,8)) 4
((24,8)(24,8)) 15
((24,8)(26,3)) 2
((26,3)(24,12)) 1
((24,12)(13,15)) 3
((24,13)(26,3)) 3
((21,12)(19,13)) 1
((19,13)(20,12)) 10
((22,17)(16,15)) 2
((21,20)(21,19)) 7
((21,19)(21,19)) 86
((21,19)(21,20)) 7
((21,19)(21,17)) 13
((21,17)(20,12)) 46
((20,12)(24,27)) 1
((26,24)(16,15)) 2
((16,15)(17,16)) 5
((17,16)(26,24)) 1
((16,15)(26,24)) 1
((14,2)(13,4)) 1
((13,4)(13,4)) 1
((13,4)(12,4)) 1
((12,4)(12,4)) 1
((12,4)(12,5)) 1
((12,5)(11,6)) 1
((11,6)(11,6)) 30
((11,6)(10,7)) 1
((10,7)(10,7)) 10
((10,7)(6,11)) 3
((6,11)(10,9)) 3
((10,9)(6,11)) 6
((21,1)(21,1)) 168
((21,1)(20,12)) 13
((20,12)(14,14)) 13
((14,15)(16,12)) 3
((16,12)(20,12)) 6
((20,12)(21,1)) 13
((21,1)(20,2)) 4
((20,2)(20,2)) 7
((20,2)(21,1)) 2
((29,9)(29,9)) 20
((29,9)(24,15)) 2
((24,15)(21,12)) 2
((21,12)(24,15)) 1
((24,15)(29,9)) 3
((29,9)(14,17)) 1
((14,17)(29,9)) 1
((21,12)(22,17)) 1
((22,17)(24,15)) 2
((21,12)(24,0)) 1
((24,0)(24,0)) 3
((24,0)(22,12)) 1
((17,0)(17,0)) 387
((17,0)(17,1)) 7
((17,1)(17,1)) 12
((19,7)(19,7)) 18
((19,7)(16,21)) 1
((15,25)(19,17)) 2
((20,12)(13,2)) 3
((13,2)(18,8)) 1
((18,8)(19,7)) 1
((20,36)(19,18)) 5
((19,18)(20,36)) 2
((19,18)(22,31)) 3
((22,31)(20,36)) 3
((19,9)(19,9)) 93
((19,9)(20,12)) 14
((20,12)(19,9)) 19
((21,6)(21,6)) 29
((21,6)(22,5)) 3
((22,5)(22,5)) 30
((22,5)(21,12)) 2
((21,12)(22,5)) 1
((22,5)(18,18)) 1
((18,18)(22,5)) 1
((22,5)(22,6)) 3
((22,6)(22,6)) 14
((22,6)(22,5)) 4
((22,5)(5,12)) 1
((5,12)(5,12)) 14
((5,12)(21,6)) 1
((21,6)(22,6)) 2
((24,17)(25,21)) 3
((25,21)(25,21)) 14
((25,21)(25,22)) 2
((25,22)(25,22)) 16
((25,22)(25,23)) 2
((25,23)(25,21)) 1
((25,21)(24,17)) 3
((24,13)(25,22)) 1
((25,22)(25,21)) 2
((16,28)(16,28)) 44
((16,28)(17,26)) 1
((17,26)(17,26)) 1
((17,26)(14,15)) 1
((14,15)(16,21)) 2
((16,21)(16,28)) 2
((16,28)(16,27)) 1
((16,27)(16,27)) 1
((16,27)(16,28)) 1
((16,28)(15,28)) 2
((15,28)(15,28)) 4
((15,15)(16,15)) 10
((16,15)(19,17)) 1
((20,12)(24,16)) 9
((24,16)(25,16)) 7
((25,16)(25,16)) 41
((25,16)(20,12)) 1
((24,16)(20,11)) 8
((20,11)(21,11)) 4
((21,11)(21,11)) 38
((21,11)(20,12)) 13
((10,9)(20,11)) 1
((20,11)(24,16)) 2
((19,16)(17,7)) 2
((17,7)(17,7)) 21
((17,7)(19,16)) 3
((11,6)(10,9)) 7
((10,9)(17,12)) 5
((17,12)(10,9)) 6
((10,9)(11,6)) 4
((10,9)(16,15)) 5
((16,15)(10,9)) 3
((10,9)(11,7)) 2
((11,7)(11,7)) 9
((23,16)(21,16)) 2
((21,16)(22,16)) 10
((22,31)(21,33)) 13
((21,33)(20,39)) 10
((20,39)(20,39)) 54
((20,39)(21,33)) 8
((21,33)(22,31)) 13
((21,33)(20,34)) 2
((20,34)(20,34)) 6
((20,34)(20,39)) 2
((36,32)(24,17)) 3
((24,13)(21,17)) 21
((20,29)(20,29)) 66
((20,29)(16,12)) 1
((16,12)(19,16)) 3
((19,16)(19,18)) 1
((19,18)(20,29)) 1
((19,15)(17,12)) 6
((17,12)(17,13)) 14
((17,13)(17,13)) 16
((17,13)(22,16)) 5
((22,16)(19,15)) 5
((9,9)(16,37)) 1
((16,37)(28,13)) 1
((28,13)(33,5)) 1
((33,5)(33,5)) 1
((33,5)(34,6)) 1
((34,6)(34,6)) 28
((34,6)(34,7)) 1
((34,7)(34,7)) 2
((34,7)(35,7)) 1
((35,7)(35,7)) 5
((35,7)(35,8)) 1
((35,8)(35,8)) 8
((35,8)(36,8)) 3
((36,8)(34,8)) 1
((34,8)(34,8)) 34
((34,8)(34,7)) 1
((22,19)(25,23)) 9
((25,23)(22,19)) 9
((26,24)(26,25)) 1
((26,25)(26,25)) 1
((26,25)(25,23)) 1
((17,12)(24,13)) 23
((24,13)(27,10)) 6
((27,10)(27,10)) 47
((27,10)(24,13)) 10
((24,12)(20,12)) 5
((20,12)(19,17)) 18
((19,17)(22,17)) 9
((22,17)(27,10)) 1
((24,12)(17,12)) 10
((19,17)(18,16)) 15
((18,16)(18,15)) 5
((18,15)(18,15)) 59
((18,15)(18,13)) 2
((18,13)(19,13)) 3
((19,11)(20,12)) 4
((11,14)(6,11)) 6
((5,11)(6,10)) 1
((6,10)(6,10)) 17
((6,10)(7,10)) 1
((7,10)(7,10)) 20
((7,10)(6,11)) 3
((6,11)(11,14)) 3
((6,11)(6,10)) 4
((6,10)(6,11)) 3
((14,2)(21,15)) 1
((21,15)(20,17)) 2
((20,17)(18,20)) 1
((18,20)(18,20)) 41
((18,20)(20,12)) 1
((15,15)(20,18)) 1
((20,18)(20,26)) 1
((20,26)(20,26)) 22
((20,26)(20,25)) 2
((20,25)(20,26)) 5
((20,26)(15,15)) 1
((21,17)(20,25)) 1
((22,12)(22,11)) 4
((22,11)(23,11)) 4
((23,11)(23,11)) 35
((23,11)(22,11)) 4
((15,14)(15,15)) 4
((20,12)(17,16)) 11
((22,17)(23,17)) 7
((23,17)(21,3)) 1
((21,3)(21,3)) 207
((21,3)(21,2)) 3
((21,2)(21,2)) 8
((21,2)(22,8)) 1
((22,8)(24,10)) 1
((24,10)(24,10)) 6
((24,10)(17,11)) 1
((17,11)(16,12)) 1
((26,14)(26,14)) 66
((26,14)(27,14)) 5
((27,14)(26,14)) 4
((26,14)(23,16)) 6
((23,16)(23,15)) 6
((23,15)(23,15)) 26
((23,15)(26,14)) 1
((23,15)(23,16)) 5
((23,16)(26,14)) 5
((18,14)(20,12)) 9
((20,12)(18,6)) 7
((18,6)(18,6)) 23
((18,6)(20,12)) 5
((20,12)(18,14)) 8
((18,14)(17,14)) 9
((17,14)(18,14)) 13
((9,9)(9,8)) 3
((9,8)(9,8)) 8
((9,8)(9,9)) 3
((9,9)(4,10)) 1
((4,10)(3,11)) 5
((3,11)(3,11)) 14
((3,11)(1,12)) 2
((1,12)(1,12)) 6
((1,12)(4,10)) 2
((5,11)(5,12)) 3
((5,12)(6,11)) 3
((6,11)(9,8)) 2
((21,17)(21,19)) 14
((19,10)(19,10)) 9
((19,10)(20,12)) 6
((20,12)(21,17)) 48
((21,17)(22,22)) 1
((22,22)(22,22)) 8
((22,22)(20,12)) 3
((19,11)(19,10)) 3
((35,9)(34,9)) 9
((35,9)(27,14)) 4
((27,14)(24,16)) 3
((25,16)(21,17)) 1
((28,13)(35,9)) 4
((22,12)(21,12)) 8
((21,12)(16,12)) 6
((16,12)(15,13)) 13
((15,13)(15,13)) 57
((15,13)(14,13)) 8
((14,13)(14,13)) 83
((14,13)(14,14)) 9
((14,15)(3,10)) 5
((3,10)(3,10)) 7
((8,13)(18,16)) 1
((18,16)(19,18)) 2
((19,18)(18,14)) 1
((18,14)(17,16)) 3
((34,8)(32,3)) 1
((32,3)(32,3)) 95
((32,3)(25,10)) 1
((25,10)(25,10)) 14
((25,10)(20,12)) 1
((18,12)(20,12)) 10
((18,16)(21,20)) 1
((21,20)(18,16)) 3
((18,16)(17,19)) 3
((17,19)(17,19)) 104
((17,19)(16,21)) 3
((15,25)(16,28)) 2
((16,28)(19,34)) 1
((19,34)(19,34)) 17
((19,34)(16,37)) 2
((16,37)(15,39)) 2
((15,39)(15,39)) 5
((20,11)(19,11)) 5
((19,11)(18,11)) 3
((18,11)(18,11)) 23
((18,11)(18,12)) 2
((24,31)(24,31)) 13
((24,31)(24,32)) 2
((24,32)(24,32)) 41
((24,32)(15,25)) 1
((15,25)(16,24)) 1
((16,24)(16,24)) 12
((16,24)(16,25)) 2
((16,25)(16,25)) 3
((16,25)(18,28)) 1
((18,28)(18,28)) 9
((18,28)(24,32)) 1
((24,32)(16,24)) 3
((13,14)(6,11)) 1
((6,11)(12,14)) 1
((12,14)(13,14)) 1
((13,14)(25,13)) 1
((21,17)(18,16)) 12
((18,16)(4,10)) 2
((20,12)(18,4)) 5
((18,4)(20,14)) 4
((20,14)(16,9)) 3
((16,9)(16,9)) 29
((16,9)(18,7)) 1
((18,7)(18,7)) 77
((18,7)(18,4)) 1
((18,4)(18,3)) 1
((18,3)(18,3)) 5
((18,16)(16,15)) 8
((16,15)(19,16)) 4
((19,16)(22,17)) 4
((23,17)(16,15)) 1
((21,17)(35,28)) 1
((35,28)(35,28)) 6
((35,28)(21,17)) 2
((21,17)(19,16)) 5
((20,14)(21,17)) 8
((20,12)(22,9)) 15
((22,9)(21,3)) 7
((21,3)(21,1)) 9
((21,1)(21,6)) 1
((21,6)(20,12)) 4
((20,17)(18,16)) 5
((18,16)(20,12)) 7
((20,12)(19,16)) 4
((19,16)(18,16)) 9
((18,14)(16,12)) 12
((16,12)(18,14)) 13
((18,14)(19,14)) 5
((17,12)(15,13)) 1
((14,13)(10,12)) 2
((10,12)(10,12)) 11
((10,12)(14,13)) 4
((14,13)(21,11)) 1
((20,12)(9,12)) 1
((9,12)(9,12)) 25
((32,12)(19,34)) 2
((19,34)(35,9)) 1
((35,9)(32,12)) 5
((32,12)(21,17)) 1
((24,8)(24,6)) 2
((24,6)(24,6)) 7
((24,6)(17,12)) 1
((17,12)(24,8)) 1
((24,6)(24,13)) 5
((24,17)(29,27)) 3
((29,27)(26,20)) 2
((26,20)(24,17)) 7
((24,17)(24,16)) 2
((24,16)(26,15)) 2
((26,15)(24,16)) 2
((20,12)(21,15)) 3
((21,15)(21,16)) 11
((22,16)(25,10)) 1
((25,10)(24,6)) 1
((14,7)(14,7)) 14
((14,7)(17,12)) 6
((17,12)(26,0)) 4
((26,0)(26,0)) 15
((26,0)(17,12)) 2
((17,12)(15,7)) 2
((15,7)(15,7)) 38
((15,7)(17,12)) 2
((17,12)(15,15)) 2
((15,15)(29,3)) 1
((29,3)(29,3)) 6
((21,20)(20,16)) 1
((20,16)(19,16)) 7
((19,16)(20,16)) 1
((20,16)(20,15)) 4
((20,15)(20,16)) 3
((20,16)(5,12)) 1
((5,12)(6,12)) 4
((17,16)(19,17)) 6
((21,17)(21,18)) 12
((21,18)(21,17)) 11
((21,17)(16,21)) 2
((16,21)(20,12)) 1
((19,17)(18,26)) 5
((18,26)(18,26)) 31
((18,26)(19,17)) 5
((20,12)(19,14)) 3
((19,14)(19,17)) 2
((17,16)(18,14)) 3
((17,16)(17,12)) 3
((10,2)(10,3)) 2
((10,3)(10,3)) 9
((10,3)(13,14)) 3
((13,14)(17,16)) 4
((17,16)(14,15)) 5
((14,15)(17,16)) 6
((18,14)(10,3)) 1
((10,3)(17,16)) 2
((21,12)(17,12)) 3
((17,12)(8,8)) 5
((8,8)(16,14)) 5
((16,14)(16,14)) 26
((16,14)(17,12)) 2
((15,3)(15,3)) 36
((15,3)(17,7)) 1
((17,7)(20,12)) 1
((17,16)(20,12)) 8
((20,11)(16,4)) 1
((16,4)(15,3)) 4
((15,3)(16,4)) 5
((16,4)(18,9)) 1
((18,9)(18,9)) 73
((18,9)(17,9)) 5
((17,9)(17,9)) 12
((17,9)(20,12)) 2
((20,12)(15,3)) 4
((15,3)(17,16)) 1
((13,13)(13,13)) 36
((13,13)(8,13)) 2
((8,13)(13,13)) 1
((13,13)(19,13)) 1
((19,13)(14,13)) 1
((14,13)(13,13)) 2
((13,13)(14,9)) 1
((14,9)(14,9)) 1
((14,9)(13,9)) 1
((13,9)(13,13)) 1
((15,11)(15,11)) 42
((15,11)(17,12)) 4
((17,12)(15,11)) 6
((27,8)(27,8)) 6
((27,8)(18,10)) 1
((18,10)(18,10)) 47
((18,10)(13,2)) 2
((13,2)(27,8)) 1
((27,8)(24,13)) 2
((24,13)(21,16)) 4
((21,17)(24,13)) 18
((9,9)(9,10)) 2
((9,10)(9,10)) 4
((9,10)(9,9)) 1
((10,9)(20,12)) 2
((4,10)(2,11)) 9
((2,11)(3,11)) 9
((3,11)(6,11)) 1
((10,9)(11,9)) 7
((11,9)(11,9)) 26
((11,9)(20,17)) 2
((20,17)(10,9)) 2
((21,17)(35,9)) 4
((34,9)(17,16)) 1
((35,9)(21,17)) 5
((8,13)(20,12)) 5
((21,8)(22,8)) 5
((22,8)(22,9)) 1
((21,8)(8,13)) 2
((24,13)(22,16)) 4
((22,16)(24,13)) 3
((26,20)(31,28)) 1
((31,28)(32,28)) 2
((32,28)(36,32)) 2
((38,28)(20,16)) 1
((38,28)(35,28)) 1
((35,28)(36,29)) 1
((36,29)(36,29)) 2
((21,17)(15,16)) 4
((15,16)(21,17)) 1
((21,17)(8,11)) 1
((13,14)(16,13)) 1
((16,13)(16,13)) 16
((16,13)(16,12)) 2
((16,12)(17,14)) 1
((18,14)(19,16)) 4
((19,16)(18,14)) 5
((18,14)(19,15)) 1
((19,15)(19,17)) 1
((21,18)(22,20)) 3
((36,32)(20,38)) 1
((20,38)(18,17)) 1
((18,16)(21,17)) 13
((21,17)(20,36)) 3
((24,39)(19,18)) 5
((19,18)(25,20)) 2
((26,20)(21,17)) 9
((21,16)(19,18)) 2
((20,12)(14,15)) 7
((21,17)(26,15)) 1
((23,29)(22,17)) 2
((33,29)(17,16)) 1
((17,16)(33,29)) 1
((33,29)(34,29)) 4
((34,29)(34,29)) 8
((34,29)(34,28)) 3
((34,28)(34,28)) 27
((34,28)(33,28)) 7
((33,28)(33,28)) 15
((33,28)(34,28)) 4
((33,28)(34,29)) 1
((34,29)(33,29)) 2
((33,29)(34,28)) 2
((34,28)(33,29)) 2
((13,9)(11,9)) 3
((11,9)(13,9)) 1
((13,9)(13,6)) 1
((12,5)(10,2)) 1
((10,3)(11,4)) 1
((11,4)(11,4)) 1
((11,4)(11,5)) 1
((11,5)(11,5)) 1
((11,5)(12,5)) 1
((12,5)(13,6)) 2
((13,6)(13,7)) 1
((13,7)(13,7)) 5
((13,7)(13,8)) 1
((13,8)(13,9)) 1
((17,12)(22,18)) 1
((22,18)(22,19)) 4
((17,12)(19,13)) 6
((19,13)(22,19)) 1
((22,19)(17,19)) 1
((17,19)(19,16)) 5
((19,16)(19,15)) 4
((19,14)(18,14)) 3
((18,14)(22,16)) 1
((22,16)(21,16)) 8
((17,0)(18,3)) 1
((18,3)(17,3)) 1
((17,3)(17,3)) 1
((17,3)(20,12)) 1
((20,12)(22,20)) 1
((13,2)(8,14)) 1
((21,16)(20,16)) 2
((20,16)(24,13)) 1
((24,13)(34,8)) 2
((34,8)(36,24)) 1
((36,24)(36,24)) 5
((36,24)(19,34)) 1
((16,37)(15,25)) 1
((7,10)(10,9)) 2
((10,9)(14,2)) 7
((14,2)(10,9)) 5
((14,2)(17,7)) 2
((17,7)(18,9)) 2
((18,9)(18,10)) 6
((18,10)(20,12)) 5
((23,29)(20,38)) 6
((20,38)(23,29)) 4
((20,38)(21,17)) 1
((16,15)(14,15)) 9
((24,13)(17,12)) 14
((17,12)(18,12)) 25
((17,12)(13,14)) 1
((13,14)(14,18)) 1
((14,18)(14,18)) 33
((14,18)(14,17)) 5
((23,24)(21,20)) 2
((21,20)(21,17)) 6
((21,16)(21,15)) 9
((21,15)(20,12)) 5
((20,12)(21,20)) 1
((21,20)(22,20)) 4
((13,15)(11,14)) 1
((6,12)(19,17)) 4
((6,12)(17,16)) 2
((17,16)(22,17)) 4
((25,12)(25,13)) 4
((18,36)(18,36)) 1
((18,36)(24,19)) 1
((24,19)(24,19)) 15
((24,19)(25,17)) 1
((25,17)(25,17)) 7
((25,17)(18,16)) 1
((18,16)(15,19)) 8
((15,19)(22,31)) 1
((22,31)(22,13)) 1
((22,13)(22,31)) 1
((21,17)(19,13)) 4
((19,13)(21,17)) 2
((19,16)(17,18)) 2
((17,18)(17,18)) 8
((17,18)(19,16)) 2
((32,28)(29,27)) 1
((29,27)(24,17)) 2
((21,17)(17,16)) 9
((21,17)(9,14)) 1
((9,14)(8,13)) 2
((13,15)(8,13)) 1
((8,13)(7,18)) 5
((7,18)(15,15)) 2
((24,13)(18,14)) 2
((18,14)(22,17)) 2
((21,12)(20,11)) 2
((20,12)(18,13)) 1
((21,17)(18,25)) 1
((18,25)(18,25)) 22
((18,25)(19,18)) 1
((19,18)(21,17)) 5
((26,24)(7,18)) 1
((21,17)(26,24)) 1
((26,24)(25,23)) 1
((25,23)(16,15)) 1
((16,15)(7,18)) 1
((21,1)(14,15)) 2
((14,15)(15,19)) 3
((15,19)(16,12)) 1
((21,1)(21,2)) 2
((21,2)(22,3)) 1
((22,3)(22,3)) 3
((22,3)(21,3)) 3
((24,12)(27,9)) 3
((27,9)(27,9)) 16
((27,9)(29,9)) 3
((29,9)(18,21)) 1
((18,21)(18,21)) 9
((18,21)(18,22)) 1
((18,22)(18,22)) 5
((18,22)(18,21)) 1
((18,21)(21,15)) 1
((21,15)(24,12)) 1
((29,9)(24,12)) 1
((20,12)(24,17)) 3
((24,17)(25,20)) 2
((26,20)(38,18)) 2
((38,18)(25,20)) 3
((25,20)(22,20)) 3
((22,20)(17,12)) 1
((20,12)(18,16)) 3
((18,16)(15,18)) 6
((15,18)(15,18)) 25
((15,18)(14,17)) 3
((14,17)(20,11)) 1
((21,17)(22,5)) 2
((22,5)(21,6)) 2
((21,6)(21,8)) 1
((21,8)(21,12)) 1
((21,11)(19,15)) 1
((19,15)(16,21)) 1
((16,21)(19,15)) 2
((19,15)(20,12)) 1
((20,11)(17,12)) 3
((25,16)(24,16)) 5
((20,11)(21,12)) 3
((25,16)(28,13)) 2
((35,9)(28,13)) 1
((28,13)(25,16)) 3
((17,12)(17,11)) 11
((17,11)(18,12)) 2
((18,12)(17,11)) 3
((17,11)(17,10)) 1
((17,10)(17,10)) 3
((17,10)(20,12)) 1
((19,13)(25,13)) 1
((25,13)(21,16)) 1
((21,16)(20,18)) 1
((20,18)(22,17)) 1
((22,17)(17,16)) 2
((17,16)(16,12)) 1
((18,14)(20,39)) 1
((20,39)(18,14)) 1
((22,17)(18,14)) 1
((24,16)(28,13)) 3
((28,13)(17,12)) 2
((19,14)(18,16)) 6
((16,15)(18,16)) 5
((18,16)(15,15)) 8
((6,11)(6,9)) 2
((6,9)(6,9)) 15
((6,9)(6,10)) 2
((6,10)(13,2)) 1
((6,12)(5,11)) 5
((19,17)(17,7)) 1
((10,7)(6,12)) 2
((6,12)(10,7)) 1
((6,12)(17,12)) 1
((21,17)(17,12)) 10
((13,11)(13,11)) 63
((13,11)(18,12)) 1
((18,12)(13,11)) 1
((13,11)(13,14)) 6
((13,14)(13,11)) 4
((13,11)(13,15)) 1
((13,15)(13,11)) 1
((13,11)(14,10)) 1
((14,10)(14,10)) 16
((19,16)(22,9)) 1
((22,9)(17,16)) 1
((17,16)(18,16)) 11
((22,9)(21,9)) 3
((21,9)(21,9)) 7
((21,9)(21,10)) 1
((21,10)(21,10)) 19
((21,10)(22,9)) 4
((19,17)(17,16)) 6
((22,9)(21,10)) 3
((21,10)(20,12)) 2
((20,12)(21,10)) 2
((21,10)(22,11)) 2
((22,11)(24,8)) 1
((24,8)(25,9)) 2
((25,9)(25,9)) 31
((25,9)(21,10)) 2
((17,11)(11,2)) 1
((11,2)(11,2)) 3
((11,2)(17,11)) 1
((17,11)(21,10)) 1
((15,19)(16,19)) 3
((16,19)(16,19)) 29
((16,19)(21,20)) 2
((21,20)(17,19)) 1
((17,19)(15,19)) 4
((15,19)(15,18)) 7
((15,18)(16,19)) 1
((21,20)(15,19)) 1
((15,18)(17,19)) 1
((17,19)(21,17)) 2
((21,17)(21,20)) 2
((15,13)(16,12)) 8
((15,13)(16,13)) 3
((16,13)(15,13)) 2
((16,12)(24,13)) 10
((22,12)(21,14)) 1
((21,14)(21,14)) 8
((21,14)(22,14)) 1
((22,14)(21,14)) 1
((21,14)(22,12)) 1
((17,12)(21,16)) 6
((24,13)(19,17)) 2
((19,17)(18,35)) 1
((18,35)(21,17)) 1
((19,17)(24,13)) 6
((24,13)(18,35)) 1
((18,35)(22,31)) 1
((22,31)(21,17)) 1
((12,9)(20,14)) 1
((20,14)(13,9)) 1
((13,9)(17,11)) 1
((18,12)(12,9)) 1
((12,9)(17,12)) 1
((17,12)(18,11)) 5
((18,11)(12,9)) 1
((12,9)(13,9)) 2
((37,29)(22,18)) 4
((22,18)(20,12)) 9
((20,12)(22,18)) 4
((22,18)(21,17)) 2
((21,17)(36,32)) 2
((22,17)(19,17)) 9
((19,17)(23,24)) 3
((23,24)(22,31)) 1
((22,31)(34,27)) 1
((34,27)(34,27)) 35
((20,12)(20,13)) 11
((20,13)(20,13)) 32
((20,13)(20,12)) 12
((20,13)(21,17)) 2
((21,17)(20,13)) 2
((20,12)(20,8)) 3
((20,8)(20,8)) 20
((20,8)(18,7)) 1
((18,7)(20,13)) 1
((16,15)(6,11)) 5
((6,11)(11,6)) 5
((10,9)(16,14)) 1
((16,14)(16,15)) 1
((16,15)(20,12)) 2
((11,6)(11,7)) 4
((11,7)(10,9)) 1
((11,7)(12,5)) 1
((12,5)(12,6)) 2
((12,6)(12,6)) 18
((12,6)(13,6)) 3
((13,6)(13,11)) 4
((13,11)(16,15)) 3
((16,15)(17,15)) 2
((17,15)(16,14)) 1
((16,14)(10,9)) 1
((11,7)(11,6)) 2
((13,2)(26,20)) 1
((26,20)(18,10)) 1
((18,10)(13,1)) 1
((13,2)(20,12)) 2
((20,12)(26,20)) 3
((26,20)(16,12)) 2
((16,12)(12,9)) 1
((13,9)(16,12)) 1
((16,12)(26,20)) 1
((15,15)(17,16)) 3
((17,16)(15,15)) 6
((16,9)(7,10)) 1
((7,10)(17,1)) 1
((17,1)(7,10)) 1
((17,12)(17,1)) 1
((17,12)(6,7)) 4
((6,7)(17,12)) 2
((17,12)(18,14)) 4
((18,14)(18,12)) 3
((6,7)(5,14)) 1
((5,14)(5,14)) 2
((13,10)(13,10)) 4
((13,10)(13,9)) 4
((13,9)(8,8)) 2
((8,8)(12,10)) 1
((12,10)(12,10)) 19
((12,10)(13,10)) 2
((13,9)(18,9)) 1
((18,9)(17,12)) 5
((22,17)(20,17)) 1
((22,17)(16,21)) 1
((16,21)(21,17)) 1
((22,31)(18,28)) 5
((18,28)(22,31)) 5
((20,39)(20,36)) 1
((22,17)(18,15)) 2
((18,15)(16,15)) 1
((16,15)(22,17)) 1
((21,17)(22,18)) 5
((21,17)(18,20)) 1
((18,20)(18,19)) 2
((18,9)(19,7)) 2
((19,7)(17,12)) 4
((17,12)(19,7)) 6
((17,12)(18,9)) 7
((19,7)(23,14)) 1
((23,14)(23,14)) 5
((23,14)(17,12)) 1
((22,31)(19,16)) 3
((19,16)(22,31)) 3
((22,31)(18,16)) 1
((7,18)(21,17)) 2
((17,16)(7,18)) 5
((10,2)(18,13)) 3
((18,13)(10,2)) 3
((10,2)(19,17)) 1
((19,17)(10,2)) 1
((18,16)(10,9)) 9
((10,9)(18,16)) 6
((18,16)(13,15)) 3
((13,15)(14,15)) 4
((14,15)(18,16)) 6
((10,9)(18,15)) 1
((18,15)(18,16)) 5
((7,13)(7,13)) 9
((7,13)(10,14)) 3
((10,14)(7,13)) 2
((21,17)(20,26)) 5
((20,26)(21,17)) 4
((19,9)(20,8)) 2
((20,8)(16,13)) 1
((16,13)(20,12)) 2
((19,9)(17,12)) 2
((17,12)(20,9)) 1
((20,9)(20,9)) 25
((20,9)(19,9)) 1
((19,9)(22,18)) 1
((20,12)(20,9)) 3
((6,7)(20,12)) 1
((20,11)(21,17)) 2
((21,17)(6,7)) 1
((6,7)(8,8)) 1
((8,8)(6,7)) 6
((24,17)(26,20)) 10
((24,17)(28,7)) 1
((28,7)(28,7)) 18
((28,7)(24,13)) 3
((29,27)(36,32)) 5
((36,32)(27,21)) 1
((27,21)(27,21)) 19
((27,21)(26,20)) 3
((20,16)(21,16)) 7
((21,16)(22,20)) 1
((22,20)(23,20)) 1
((23,20)(23,20)) 4
((23,20)(26,20)) 1
((26,20)(29,27)) 3
((19,16)(18,13)) 1
((18,13)(13,2)) 1
((13,2)(17,7)) 1
((18,10)(18,12)) 3
((18,12)(27,21)) 1
((27,21)(29,27)) 1
((5,11)(6,11)) 3
((5,11)(19,17)) 1
((20,12)(18,9)) 9
((17,12)(18,15)) 3
((22,8)(22,12)) 1
((22,12)(18,12)) 1
((18,12)(18,13)) 6
((18,13)(18,12)) 4
((18,12)(22,8)) 1
((22,8)(21,11)) 1
((21,11)(22,8)) 1
((22,8)(21,3)) 1
((16,7)(16,7)) 7
((16,7)(17,7)) 4
((17,7)(16,7)) 2
((17,7)(15,6)) 1
((15,6)(15,6)) 2
((15,6)(16,7)) 2
((21,17)(13,14)) 3
((13,8)(10,9)) 1
((10,9)(5,11)) 1
((5,11)(15,19)) 1
((15,19)(19,17)) 1
((29,11)(29,11)) 6
((29,11)(20,12)) 1
((28,13)(21,17)) 3
((21,17)(29,11)) 1
((29,11)(22,8)) 3
((22,8)(29,11)) 2
((22,8)(21,17)) 3
((21,17)(28,13)) 3
((22,11)(23,10)) 1
((23,10)(23,10)) 5
((23,10)(22,12)) 2
((22,12)(23,10)) 2
((21,20)(15,15)) 10
((15,15)(21,20)) 10
((21,20)(14,15)) 1
((14,15)(13,14)) 2
((13,14)(21,20)) 1
((15,15)(15,13)) 2
((15,13)(15,15)) 1
((20,36)(18,16)) 2
((18,16)(12,13)) 3
((12,13)(20,36)) 2
((19,16)(20,15)) 2
((20,15)(19,16)) 2
((22,18)(34,27)) 2
((34,27)(33,27)) 8
((33,27)(33,27)) 9
((33,27)(34,27)) 6
((34,27)(26,20)) 5
((26,20)(22,18)) 3
((21,17)(34,27)) 5
((22,19)(34,27)) 2
((33,27)(26,20)) 2
((26,20)(34,27)) 1
((26,20)(33,27)) 1
((14,15)(19,16)) 2
((18,16)(17,12)) 4
((17,12)(14,15)) 2
((10,14)(12,14)) 1
((17,11)(18,14)) 2
((18,14)(21,15)) 1
((21,15)(25,15)) 1
((25,15)(25,15)) 2
((21,15)(23,13)) 2
((23,13)(23,13)) 21
((23,13)(24,13)) 11
((20,16)(19,20)) 1
((19,20)(19,20)) 7
((19,20)(18,18)) 1
((18,18)(17,19)) 3
((15,19)(17,19)) 3
((17,19)(17,12)) 1
((31,19)(31,20)) 2
((31,20)(31,20)) 4
((31,20)(31,19)) 2
((31,19)(17,25)) 1
((17,25)(17,25)) 12
((21,17)(24,27)) 1
((24,27)(14,15)) 1
((14,15)(7,18)) 3
((7,18)(8,18)) 2
((8,18)(8,18)) 2
((8,18)(7,18)) 1
((7,18)(14,15)) 3
((14,15)(24,27)) 1
((21,17)(18,13)) 1
((18,13)(20,20)) 1
((29,13)(29,13)) 47
((29,13)(28,13)) 4
((28,13)(29,13)) 1
((29,13)(33,12)) 1
((33,12)(33,12)) 14
((19,14)(20,14)) 2
((20,14)(21,15)) 5
((21,15)(18,20)) 1
((18,20)(18,21)) 1
((18,21)(18,20)) 3
((18,20)(19,16)) 1
((19,16)(21,15)) 2
((19,20)(18,20)) 2
((18,20)(19,17)) 2
((19,17)(13,14)) 4
((13,14)(19,20)) 1
((18,20)(24,17)) 1
((24,17)(8,13)) 1
((8,13)(22,17)) 3
((17,12)(26,15)) 1
((26,15)(20,17)) 1
((20,17)(26,15)) 1
((26,15)(18,14)) 1
((18,14)(26,15)) 1
((26,15)(17,16)) 1
((17,16)(20,14)) 2
((20,14)(26,15)) 1
((24,13)(26,11)) 8
((26,11)(26,11)) 20
((26,11)(24,12)) 6
((26,11)(24,13)) 2
((24,12)(16,12)) 3
((17,0)(18,5)) 8
((18,5)(18,5)) 51
((18,5)(17,0)) 6
((24,16)(17,18)) 1
((17,18)(15,19)) 2
((15,19)(17,18)) 1
((15,19)(23,13)) 1
((24,13)(24,16)) 3
((28,13)(24,13)) 6
((24,13)(25,16)) 1
((21,16)(17,12)) 7
((19,13)(17,12)) 5
((16,12)(18,13)) 1
((18,13)(17,12)) 11
((17,12)(23,8)) 1
((23,8)(23,8)) 23
((16,12)(10,9)) 3
((10,9)(16,12)) 2
((10,9)(6,12)) 1
((6,12)(12,5)) 1
((12,5)(8,13)) 1
((8,13)(6,11)) 3
((6,11)(21,17)) 2
((21,17)(6,11)) 5
((14,14)(8,8)) 2
((8,8)(17,12)) 5
((17,12)(21,3)) 11
((21,3)(15,19)) 1
((15,19)(14,14)) 1
((14,14)(18,15)) 1
((18,15)(20,14)) 1
((20,14)(21,0)) 1
((21,0)(21,0)) 25
((21,0)(21,16)) 1
((21,16)(21,3)) 9
((14,15)(17,12)) 4
((17,12)(21,6)) 1
((21,6)(28,10)) 1
((28,10)(28,10)) 1
((28,10)(21,6)) 1
((21,6)(21,3)) 6
((21,3)(17,12)) 9
((20,12)(21,3)) 12
((21,3)(22,3)) 2
((18,14)(17,12)) 6
((21,3)(19,13)) 1
((19,13)(21,3)) 1
((21,3)(19,7)) 1
((20,11)(18,19)) 1
((18,19)(18,20)) 2
((18,20)(19,21)) 1
((19,21)(19,21)) 5
((19,21)(19,22)) 1
((19,22)(19,22)) 3
((19,22)(18,22)) 1
((18,22)(22,9)) 1
((21,3)(18,8)) 3
((18,8)(19,9)) 3
((19,9)(20,20)) 1
((20,20)(20,23)) 1
((20,23)(20,23)) 2
((20,23)(19,22)) 1
((19,22)(20,22)) 2
((20,22)(20,22)) 11
((20,22)(20,15)) 1
((20,15)(21,17)) 2
((21,17)(19,21)) 1
((19,14)(20,15)) 1
((20,15)(17,12)) 1
((17,12)(14,13)) 4
((14,13)(17,12)) 3
((20,15)(14,13)) 1
((14,13)(20,12)) 5
((18,16)(19,16)) 11
((19,16)(20,29)) 2
((20,29)(18,16)) 2
((18,16)(20,29)) 3
((20,29)(19,16)) 1
((20,29)(18,19)) 1
((18,20)(21,29)) 1
((21,29)(21,29)) 1
((21,29)(20,29)) 1
((20,29)(20,28)) 2
((20,28)(20,28)) 8
((20,28)(15,26)) 1
((15,26)(15,26)) 3
((15,26)(20,29)) 1
((21,1)(21,3)) 8
((21,1)(21,0)) 2
((21,0)(21,1)) 3
((21,3)(20,12)) 8
((15,15)(7,13)) 1
((7,13)(8,13)) 1
((8,13)(15,15)) 4
((15,15)(14,16)) 3
((14,16)(14,16)) 7
((14,16)(21,17)) 1
((21,17)(22,9)) 7
((14,15)(14,16)) 3
((14,16)(14,15)) 2
((17,16)(21,17)) 11
((19,17)(15,15)) 9
((14,16)(15,15)) 2
((27,12)(8,8)) 1
((8,8)(7,10)) 1
((7,10)(24,13)) 1
((24,13)(27,12)) 2
((27,12)(19,15)) 1
((19,15)(20,14)) 2
((20,14)(19,13)) 1
((19,13)(21,16)) 1
((21,16)(27,12)) 1
((27,12)(25,14)) 2
((25,14)(25,14)) 2
((25,14)(24,13)) 2
((24,13)(15,13)) 1
((15,13)(14,12)) 2
((14,12)(14,12)) 14
((14,12)(13,11)) 2
((13,11)(27,12)) 1
((18,7)(19,11)) 2
((19,11)(22,15)) 1
((22,15)(22,16)) 1
((22,16)(18,7)) 1
((18,7)(20,16)) 1
((21,16)(18,7)) 1
((27,14)(37,29)) 5
((37,29)(38,30)) 8
((38,30)(38,30)) 15
((38,30)(37,29)) 4
((37,29)(27,14)) 2
((38,30)(34,27)) 1
((34,27)(27,14)) 2
((38,30)(27,14)) 1
((37,29)(34,27)) 3
((27,14)(18,15)) 1
((18,15)(19,15)) 2
((19,15)(37,29)) 1
((19,16)(8,13)) 8
((8,13)(17,19)) 3
((17,19)(9,12)) 3
((9,12)(8,13)) 10
((8,13)(9,12)) 9
((8,13)(10,12)) 2
((10,12)(11,9)) 1
((11,9)(9,10)) 1
((9,10)(8,11)) 1
((8,11)(8,13)) 1
((21,3)(19,9)) 1
((17,12)(35,7)) 1
((35,7)(17,12)) 1
((17,12)(22,16)) 5
((34,8)(35,7)) 1
((35,7)(34,6)) 2
((34,6)(32,3)) 5
((32,3)(34,6)) 5
((18,16)(18,13)) 3
((18,13)(18,10)) 4
((18,10)(18,9)) 4
((18,10)(18,16)) 2
((18,10)(19,16)) 1
((19,16)(18,15)) 1
((18,15)(18,10)) 1
((18,9)(18,13)) 1
((18,13)(18,16)) 3
((18,10)(18,13)) 2
((19,9)(18,10)) 1
((18,10)(20,18)) 1
((20,18)(17,12)) 1
((17,12)(13,6)) 3
((13,6)(16,1)) 1
((16,1)(16,1)) 15
((16,1)(19,9)) 1
((19,9)(18,9)) 5
((18,10)(19,9)) 1
((22,17)(24,13)) 5
((22,20)(18,16)) 8
((18,16)(22,20)) 8
((18,16)(17,16)) 8
((22,20)(17,0)) 1
((17,0)(22,20)) 1
((24,1)(24,1)) 6
((24,1)(21,3)) 1
((21,3)(24,1)) 1
((24,1)(22,1)) 1
((22,1)(22,1)) 13
((22,1)(21,12)) 1
((25,9)(24,13)) 2
((17,12)(25,9)) 2
((25,9)(24,8)) 1
((24,8)(24,13)) 1
((24,13)(25,9)) 3
((8,13)(14,15)) 8
((18,12)(8,13)) 1
((19,17)(21,1)) 4
((21,1)(22,1)) 4
((22,1)(21,1)) 4
((21,1)(11,9)) 1
((11,9)(10,10)) 1
((10,10)(10,10)) 3
((10,10)(11,10)) 1
((11,10)(11,10)) 7
((11,10)(11,9)) 1
((11,9)(13,6)) 2
((13,6)(17,0)) 1
((17,0)(21,1)) 1
((14,12)(20,14)) 1
((20,14)(14,12)) 1
((14,12)(22,17)) 2
((22,17)(18,16)) 4
((21,17)(18,15)) 2
((19,15)(18,15)) 1
((18,15)(21,17)) 2
((21,17)(18,19)) 1
((28,27)(28,27)) 1
((28,27)(27,25)) 1
((27,25)(27,25)) 7
((27,25)(27,24)) 6
((27,24)(27,24)) 29
((27,24)(27,25)) 4
((27,24)(26,23)) 1
((26,23)(26,23)) 2
((26,23)(27,25)) 1
((27,25)(26,23)) 1
((26,23)(29,20)) 1
((29,20)(29,20)) 1
((29,20)(27,24)) 1
((27,24)(35,24)) 1
((35,24)(35,24)) 2
((35,24)(34,23)) 1
((34,23)(34,23)) 10
((34,23)(27,25)) 1
((17,13)(21,17)) 1
((22,16)(20,17)) 1
((20,17)(17,12)) 2
((21,16)(14,2)) 1
((14,2)(17,13)) 1
((17,13)(17,12)) 3
((18,15)(22,16)) 1
((22,16)(21,17)) 6
((19,17)(17,12)) 4
((18,13)(18,14)) 3
((18,14)(16,4)) 1
((16,4)(18,14)) 1
((18,14)(18,13)) 3
((18,15)(26,14)) 1
((21,17)(32,12)) 2
((16,28)(12,8)) 1
((13,8)(16,28)) 1
((16,28)(19,16)) 2
((19,16)(16,28)) 2
((21,17)(24,25)) 4
((7,18)(14,14)) 1
((14,14)(16,15)) 13
((24,17)(36,32)) 2
((15,19)(18,16)) 6
((18,16)(17,11)) 2
((17,11)(18,16)) 1
((15,19)(19,16)) 1
((20,12)(24,15)) 7
((24,15)(20,12)) 6
((19,17)(21,19)) 2
((21,19)(18,12)) 4
((18,12)(21,19)) 4
((21,19)(19,17)) 1
((21,19)(21,16)) 1
((14,15)(14,13)) 3
((14,13)(21,17)) 2
((23,17)(17,12)) 1
((18,13)(19,16)) 1
((16,15)(14,14)) 12
((16,15)(16,16)) 7
((16,16)(16,16)) 14
((16,16)(16,15)) 6
((14,14)(16,16)) 1
((14,14)(22,17)) 1
((21,17)(14,14)) 2
((14,14)(13,13)) 1
((25,23)(24,17)) 3
((20,12)(22,17)) 4
((22,17)(25,22)) 1
((17,12)(24,12)) 7
((24,12)(27,10)) 4
((18,16)(14,14)) 1
((27,10)(24,12)) 2
((8,8)(7,8)) 9
((7,8)(7,8)) 10
((7,8)(8,8)) 9
((8,8)(10,9)) 3
((15,15)(22,30)) 1
((22,30)(24,27)) 2
((24,27)(15,15)) 4
((15,15)(21,33)) 4
((22,31)(24,32)) 5
((24,32)(22,30)) 5
((22,30)(15,15)) 3
((15,15)(22,31)) 1
((24,32)(15,15)) 1
((18,12)(24,32)) 1
((24,32)(22,31)) 2
((22,31)(22,30)) 1
((22,30)(21,20)) 1
((21,20)(14,17)) 1
((14,17)(14,18)) 7
((14,18)(16,12)) 1
((18,12)(16,12)) 1
((21,17)(22,30)) 1
((21,17)(21,12)) 5
((21,12)(21,17)) 2
((19,18)(16,37)) 12
((16,37)(19,18)) 13
((16,37)(16,38)) 4
((16,38)(16,38)) 8
((16,38)(19,18)) 1
((19,17)(16,37)) 11
((16,38)(16,37)) 2
((16,12)(28,13)) 2
((28,13)(30,13)) 3
((30,13)(24,16)) 1
((24,16)(16,12)) 1
((30,13)(15,15)) 1
((20,12)(23,13)) 2
((23,13)(20,12)) 1
((24,13)(23,13)) 10
((22,12)(22,10)) 1
((22,10)(22,10)) 7
((22,10)(22,9)) 4
((22,9)(24,13)) 1
((6,12)(8,13)) 8
((15,15)(8,13)) 5
((8,13)(6,12)) 3
((8,13)(12,15)) 1
((12,15)(12,15)) 6
((12,15)(6,11)) 1
((6,11)(20,12)) 3
((21,15)(20,15)) 13
((20,15)(21,15)) 11
((22,17)(22,19)) 5
((22,19)(18,17)) 1
((18,17)(20,11)) 1
((19,17)(20,19)) 2
((20,19)(20,19)) 21
((20,19)(19,18)) 1
((19,18)(19,19)) 1
((19,19)(19,19)) 6
((19,19)(20,19)) 1
((20,19)(19,17)) 2
((19,17)(18,17)) 3
((18,17)(18,18)) 2
((21,3)(18,13)) 1
((21,3)(19,5)) 1
((19,5)(19,5)) 4
((19,5)(17,12)) 1
((19,7)(21,3)) 3
((21,1)(17,12)) 1
((17,12)(21,20)) 1
((14,15)(16,19)) 5
((16,19)(14,15)) 7
((13,14)(16,19)) 1
((14,15)(14,14)) 3
((14,14)(14,13)) 6
((14,13)(15,13)) 2
((17,12)(19,15)) 1
((19,15)(19,16)) 2
((19,16)(18,18)) 2
((17,19)(16,19)) 2
((10,9)(17,15)) 7
((17,15)(21,16)) 1
((21,16)(10,9)) 1
((17,15)(23,17)) 1
((23,17)(10,9)) 1
((10,9)(15,13)) 1
((15,13)(20,12)) 1
((32,3)(24,12)) 1
((20,12)(32,3)) 4
((32,3)(15,25)) 1
((19,17)(18,13)) 8
((16,15)(12,6)) 1
((12,6)(19,14)) 3
((19,14)(12,6)) 2
((19,14)(13,6)) 1
((18,11)(21,17)) 1
((18,19)(19,13)) 2
((19,13)(21,11)) 1
((21,11)(21,12)) 1
((21,12)(18,19)) 1
((18,19)(19,16)) 1
((19,16)(23,18)) 1
((23,18)(23,18)) 25
((19,13)(21,15)) 2
((21,15)(21,14)) 2
((21,14)(19,13)) 1
((13,6)(15,9)) 1
((15,9)(17,12)) 1
((17,12)(18,13)) 4
((18,13)(20,12)) 2
((13,2)(12,5)) 3
((12,5)(14,2)) 6
((14,2)(15,3)) 1
((15,3)(12,5)) 1
((22,20)(24,25)) 1
((24,25)(21,15)) 5
((21,16)(24,25)) 4
((24,25)(21,16)) 2
((18,7)(19,7)) 3
((19,7)(18,7)) 3
((18,7)(17,12)) 2
((17,12)(18,7)) 2
((18,7)(20,6)) 1
((20,6)(20,6)) 1
((20,6)(18,7)) 1
((11,14)(22,17)) 5
((22,17)(11,14)) 5
((18,16)(17,17)) 4
((17,17)(17,17)) 10
((17,17)(18,16)) 2
((17,17)(22,17)) 1
((17,17)(19,17)) 1
((18,17)(17,17)) 1
((17,17)(21,17)) 1
((16,15)(23,24)) 1
((23,24)(16,15)) 1
((18,16)(23,21)) 1
((23,21)(23,21)) 2
((23,21)(23,24)) 1
((23,24)(23,20)) 1
((23,20)(22,24)) 1
((22,24)(22,24)) 1
((22,16)(24,15)) 2
((24,15)(16,12)) 1
((16,12)(24,12)) 1
((6,10)(11,14)) 2
((14,2)(6,10)) 1
((26,3)(17,19)) 2
((17,19)(21,15)) 1
((21,15)(26,3)) 1
((17,19)(26,3)) 1
((24,12)(26,3)) 1
((26,3)(20,12)) 2
((18,19)(20,15)) 1
((20,15)(16,21)) 1
((16,21)(22,17)) 1
((22,17)(20,12)) 4
((21,12)(15,15)) 1
((15,15)(21,16)) 1
((18,16)(23,29)) 1
((23,29)(21,16)) 1
((15,15)(13,15)) 2
((13,15)(12,14)) 3
((12,14)(15,15)) 4
((15,15)(13,14)) 3
((13,14)(13,15)) 3
((13,14)(12,14)) 1
((13,15)(18,16)) 2
((18,16)(10,15)) 1
((26,20)(22,14)) 1
((22,14)(24,17)) 1
((24,17)(20,17)) 1
((20,17)(26,20)) 1
((17,12)(22,20)) 2
((22,20)(26,20)) 1
((26,20)(21,15)) 1
((22,14)(24,13)) 2
((24,13)(26,20)) 2
((16,1)(17,1)) 1
((17,1)(17,0)) 6
((17,0)(16,1)) 3
((16,1)(20,12)) 2
((20,12)(16,1)) 2
((21,16)(15,8)) 1
((15,8)(15,8)) 17
((15,8)(13,6)) 1
((13,6)(21,16)) 3
((21,16)(18,20)) 2
((18,20)(21,15)) 1
((21,15)(13,6)) 2
((13,6)(20,15)) 1
((20,15)(21,16)) 4
((21,16)(12,5)) 1
((13,6)(10,2)) 2
((21,17)(19,9)) 2
((19,9)(21,17)) 3
((22,9)(26,6)) 1
((26,6)(26,6)) 16
((26,20)(26,15)) 1
((26,15)(33,11)) 1
((33,11)(33,11)) 7
((33,11)(35,9)) 1
((35,9)(37,18)) 1
((37,18)(37,18)) 22
((37,18)(26,20)) 4
((26,20)(20,11)) 1
((20,12)(26,15)) 1
((26,15)(26,20)) 1
((25,20)(20,36)) 1
((20,36)(17,38)) 1
((17,38)(17,38)) 3
((17,38)(16,36)) 1
((16,36)(16,36)) 2
((16,36)(16,37)) 1
((16,37)(22,31)) 2
((22,31)(37,18)) 1
((26,20)(20,23)) 1
((20,23)(21,17)) 1
((21,17)(25,16)) 3
((25,16)(22,17)) 3
((22,17)(21,18)) 1
((21,18)(25,16)) 1
((25,16)(20,18)) 2
((20,18)(20,11)) 1
((20,12)(34,8)) 6
((34,8)(28,13)) 1
((25,16)(21,18)) 1
((25,16)(26,16)) 1
((26,16)(26,16)) 3
((26,16)(25,16)) 1
((20,18)(21,16)) 1
((20,15)(19,15)) 1
((19,15)(26,15)) 1
((26,15)(26,16)) 1
((12,13)(18,16)) 2
((12,13)(20,12)) 1
((20,9)(21,10)) 1
((21,10)(18,14)) 1
((18,14)(12,13)) 1
((12,13)(14,18)) 1
((20,12)(14,17)) 1
((14,17)(13,14)) 1
((13,14)(17,12)) 1
((18,14)(6,12)) 1
((6,11)(24,13)) 6
((23,13)(20,15)) 1
((18,5)(20,11)) 3
((20,12)(18,5)) 2
((18,5)(20,12)) 3
((21,3)(19,2)) 2
((19,2)(19,2)) 2
((19,2)(20,1)) 1
((20,1)(20,1)) 2
((20,1)(21,1)) 1
((21,1)(21,16)) 4
((21,3)(19,1)) 2
((19,1)(19,1)) 3
((19,1)(21,1)) 2
((19,2)(17,0)) 1
((17,0)(19,1)) 1
((19,12)(16,13)) 1
((16,13)(19,12)) 1
((19,12)(20,12)) 1
((20,12)(19,12)) 2
((19,12)(16,12)) 1
((16,12)(19,10)) 1
((19,10)(19,12)) 1
((21,3)(21,0)) 4
((21,0)(21,6)) 4
((20,12)(21,0)) 3
((21,2)(21,0)) 1
((21,1)(22,9)) 4
((22,9)(20,16)) 1
((21,17)(15,15)) 4
((15,15)(17,12)) 3
((21,0)(20,1)) 1
((20,1)(21,0)) 1
((21,0)(24,0)) 1
((24,0)(26,3)) 1
((20,26)(20,18)) 1
((20,18)(15,15)) 1
((15,15)(18,16)) 2
((18,16)(20,25)) 1
((20,26)(24,17)) 1
((24,16)(20,25)) 1
((20,25)(20,20)) 1
((20,20)(26,20)) 1
((21,17)(18,7)) 5
((18,7)(21,17)) 3
((28,32)(28,32)) 1
((28,32)(30,31)) 1
((30,31)(30,31)) 1
((30,31)(34,31)) 1
((34,31)(34,31)) 9
((34,31)(32,28)) 1
((32,28)(29,30)) 1
((29,30)(29,30)) 3
((29,30)(28,31)) 1
((28,31)(28,31)) 1
((28,31)(29,30)) 1
((29,30)(32,28)) 1
((36,32)(34,31)) 1
((12,13)(10,12)) 1
((10,12)(12,13)) 1
((12,13)(9,11)) 1
((9,11)(9,12)) 1
((9,12)(12,12)) 1
((12,12)(14,13)) 2
((14,13)(18,12)) 3
((18,12)(14,13)) 1
((14,13)(9,12)) 1
((22,11)(22,10)) 4
((22,9)(22,12)) 3
((22,9)(22,11)) 1
((22,9)(23,11)) 1
((19,12)(24,10)) 1
((24,10)(24,13)) 1
((24,13)(28,13)) 6
((24,13)(17,16)) 1
((11,14)(17,12)) 1
((17,12)(8,13)) 2
((8,13)(27,23)) 1
((27,23)(27,23)) 21
((27,23)(24,17)) 2
((24,17)(17,12)) 1
((17,12)(11,14)) 1
((17,15)(17,16)) 2
((17,16)(21,1)) 1
((17,14)(17,12)) 1
((17,12)(18,16)) 4
((18,14)(18,9)) 1
((18,9)(17,11)) 3
((8,13)(19,16)) 5
((9,12)(19,16)) 1
((8,13)(9,13)) 3
((9,13)(9,12)) 1
((21,20)(34,31)) 1
((34,31)(21,17)) 2
((21,17)(17,14)) 1
((17,14)(20,12)) 1
((19,17)(23,18)) 1
((23,18)(21,20)) 1
((21,17)(22,20)) 6
((22,20)(22,19)) 9
((22,19)(22,20)) 6
((22,19)(21,17)) 7
((21,17)(13,15)) 1
((13,15)(14,17)) 1
((14,18)(16,21)) 3
((16,21)(17,20)) 1
((17,20)(17,20)) 1
((17,20)(23,18)) 1
((23,18)(19,17)) 1
((19,17)(17,36)) 1
((17,36)(15,25)) 2
((15,25)(29,7)) 2
((29,7)(29,7)) 5
((29,7)(29,8)) 1
((29,8)(29,8)) 1
((29,8)(20,25)) 1
((20,25)(29,7)) 1
((29,7)(17,36)) 1
((29,7)(19,34)) 1
((19,34)(17,36)) 1
((19,34)(22,31)) 3
((22,31)(21,34)) 1
((21,34)(21,33)) 1
((20,36)(18,35)) 3
((18,35)(20,36)) 1
((18,35)(18,28)) 1
((21,33)(18,35)) 1
((26,14)(14,18)) 1
((14,18)(17,19)) 1
((19,16)(26,15)) 2
((26,15)(26,14)) 1
((21,17)(8,7)) 1
((8,7)(8,7)) 1
((8,7)(9,9)) 1
((10,9)(22,17)) 2
((20,12)(17,14)) 1
((18,6)(18,7)) 1
((18,7)(20,12)) 4
((16,21)(17,19)) 2
((17,19)(16,18)) 3
((16,18)(16,18)) 4
((16,18)(17,19)) 2
((16,18)(16,21)) 1
((16,21)(15,15)) 1
((14,14)(28,13)) 3
((28,13)(14,14)) 2
((28,13)(28,14)) 5
((28,14)(28,14)) 9
((28,14)(26,15)) 1
((24,16)(14,14)) 1
((14,13)(24,16)) 1
((26,15)(28,14)) 1
((14,14)(8,13)) 1
((22,17)(29,13)) 3
((29,13)(22,17)) 1
((22,17)(14,14)) 1
((21,16)(22,9)) 1
((21,3)(17,16)) 1
((19,17)(20,14)) 3
((20,14)(21,16)) 2
((21,3)(21,16)) 3
((21,16)(21,1)) 1
((21,1)(21,17)) 1
((21,17)(14,13)) 2
((21,17)(20,14)) 8
((20,14)(19,16)) 1
((15,19)(21,17)) 3
((15,19)(15,15)) 1
((15,15)(22,17)) 1
((6,11)(8,10)) 1
((8,10)(8,10)) 14
((8,10)(9,9)) 1
((10,9)(8,10)) 1
((8,10)(6,11)) 2
((6,12)(8,10)) 1
((8,10)(8,9)) 1
((8,9)(8,9)) 10
((8,9)(9,9)) 1
((9,8)(17,12)) 1
((20,12)(9,8)) 1
((20,36)(23,29)) 1
((23,29)(18,12)) 1
((20,12)(22,11)) 3
((22,11)(19,17)) 1
((24,16)(22,16)) 1
((22,16)(22,17)) 1
((22,17)(24,16)) 1
((24,16)(23,17)) 1
((23,17)(19,15)) 1
((19,15)(21,17)) 1
((19,17)(24,16)) 1
((22,17)(36,8)) 4
((36,8)(22,17)) 5
((36,8)(35,8)) 3
((35,8)(28,13)) 1
((36,9)(36,8)) 5
((15,15)(21,17)) 7
((20,17)(20,12)) 2
((14,15)(16,37)) 1
((16,37)(14,15)) 1
((18,9)(19,9)) 4
((19,9)(19,7)) 1
((20,12)(24,12)) 5
((18,9)(20,11)) 1
((19,9)(21,16)) 1
((18,9)(20,12)) 5
((19,9)(20,11)) 1
((22,17)(23,12)) 1
((23,12)(23,12)) 5
((23,12)(24,13)) 1
((28,13)(23,12)) 1
((23,12)(23,10)) 1
((23,10)(17,16)) 1
((17,16)(22,19)) 1
((22,20)(24,13)) 1
((26,20)(28,13)) 1
((28,13)(23,10)) 1
((23,10)(24,10)) 1
((22,19)(15,17)) 2
((14,17)(18,16)) 3
((18,16)(24,12)) 1
((24,12)(25,5)) 1
((25,5)(25,5)) 11
((25,5)(24,7)) 1
((24,7)(24,7)) 5
((24,7)(28,7)) 1
((24,13)(36,9)) 1
((25,5)(20,12)) 1
((20,12)(24,9)) 2
((24,9)(24,9)) 3
((24,9)(20,12)) 1
((20,9)(21,12)) 3
((21,12)(20,9)) 2
((15,17)(22,17)) 1
((3,11)(4,10)) 6
((3,11)(3,10)) 1
((3,10)(2,9)) 1
((2,9)(2,9)) 1
((2,9)(14,15)) 1
((24,39)(22,31)) 2
((22,31)(19,17)) 4
((20,17)(30,13)) 2
((30,13)(31,13)) 3
((31,13)(31,13)) 25
((31,13)(30,13)) 3
((31,13)(20,14)) 1
((30,13)(21,17)) 3
((21,15)(20,14)) 2
((21,15)(30,13)) 1
((21,17)(30,13)) 2
((21,19)(11,14)) 1
((20,12)(22,22)) 4
((22,22)(22,23)) 4
((22,23)(22,23)) 7
((22,23)(22,22)) 2
((22,23)(19,11)) 1
((22,23)(19,10)) 1
((20,12)(22,23)) 1
((18,16)(19,17)) 13
((22,17)(28,13)) 5
((4,10)(18,16)) 1
((4,10)(17,0)) 1
((17,0)(7,10)) 1
((13,11)(12,12)) 1
((12,12)(19,17)) 1
((14,13)(12,12)) 4
((12,12)(14,15)) 1
((12,12)(21,17)) 1
((21,17)(12,12)) 1
((14,13)(21,16)) 1
((2,13)(2,13)) 5
((2,13)(3,12)) 1
((3,12)(3,12)) 1
((3,12)(4,10)) 1
((4,10)(2,13)) 2
((2,13)(8,13)) 1
((8,13)(4,10)) 2
((2,13)(4,10)) 1
((4,10)(8,13)) 1
((3,11)(17,16)) 1
((17,16)(19,16)) 1
((19,16)(5,11)) 2
((5,11)(8,13)) 1
((19,17)(7,10)) 1
((7,10)(9,14)) 1
((9,14)(17,15)) 1
((17,15)(18,18)) 1
((18,18)(16,21)) 1
((16,21)(18,18)) 1
((18,18)(17,15)) 1
((17,15)(16,15)) 1
((14,15)(9,14)) 2
((9,14)(16,15)) 2
((16,15)(9,14)) 2
((9,14)(14,15)) 2
((20,17)(11,14)) 1
((11,14)(9,14)) 1
((14,15)(19,17)) 2
((19,17)(8,13)) 3
((21,17)(10,9)) 2
((17,16)(12,14)) 4
((12,14)(17,16)) 5
((17,16)(10,9)) 3
((22,17)(10,9)) 2
((10,9)(12,14)) 2
((19,17)(10,9)) 4
((12,14)(20,12)) 1
((24,25)(20,14)) 2
((20,14)(24,25)) 2
((24,25)(15,19)) 1
((15,19)(20,14)) 1
((20,17)(18,26)) 5
((18,26)(20,17)) 1
((18,26)(17,27)) 1
((17,27)(17,27)) 4
((29,11)(22,17)) 1
((22,17)(23,24)) 1
((23,24)(22,17)) 1
((23,24)(21,16)) 1
((21,16)(36,24)) 1
((36,24)(33,12)) 1
((12,10)(13,11)) 4
((13,11)(12,10)) 3
((13,14)(22,17)) 1
((22,17)(16,12)) 1
((16,12)(14,13)) 2
((12,12)(13,11)) 1
((12,13)(11,14)) 1
((11,14)(24,15)) 1
((24,15)(11,14)) 1
((11,14)(22,19)) 1
((22,19)(20,12)) 2
((20,12)(14,13)) 6
((14,13)(11,14)) 1
((11,14)(21,18)) 1
((21,18)(24,25)) 1
((24,25)(11,13)) 1
((21,8)(21,6)) 1
((21,6)(22,8)) 1
((20,11)(21,8)) 1
((21,8)(21,10)) 1
((21,10)(21,8)) 1
((21,8)(21,7)) 1
((21,7)(21,7)) 7
((21,7)(17,19)) 1
((17,19)(21,6)) 1
((21,6)(21,4)) 1
((21,4)(21,4)) 5
((21,4)(22,9)) 1
((22,9)(3,13)) 1
((3,13)(3,13)) 1
((24,15)(22,17)) 2
((24,15)(22,15)) 1
((22,15)(24,15)) 1
((25,20)(25,21)) 2
((25,21)(21,17)) 1
((21,17)(21,3)) 3
((21,3)(21,17)) 2
((22,19)(24,19)) 1
((24,19)(22,20)) 1
((25,21)(25,20)) 2
((25,20)(24,17)) 1
((25,20)(22,19)) 1
((21,17)(22,19)) 4
((27,20)(27,20)) 6
((27,20)(26,20)) 2
((26,20)(18,14)) 4
((18,14)(26,20)) 4
((26,20)(27,20)) 2
((27,20)(28,18)) 1
((28,18)(21,17)) 2
((21,17)(27,20)) 1
((22,13)(20,12)) 2
((20,12)(22,12)) 9
((22,13)(21,16)) 3
((21,16)(18,13)) 1
((22,12)(19,11)) 1
((14,10)(13,9)) 1
((18,14)(21,33)) 3
((21,33)(7,18)) 1
((7,18)(21,33)) 1
((21,33)(17,14)) 1
((21,33)(17,36)) 1
((20,16)(19,18)) 1
((19,17)(19,18)) 3
((19,18)(20,12)) 2
((20,12)(25,13)) 1
((25,13)(19,18)) 2
((19,18)(25,13)) 1
((19,18)(24,13)) 1
((24,13)(25,13)) 2
((25,13)(18,22)) 1
((18,13)(8,13)) 2
((8,13)(18,13)) 2
((21,9)(22,9)) 2
((22,9)(24,15)) 1
((36,32)(35,31)) 2
((35,31)(35,31)) 4
((35,31)(34,31)) 1
((13,14)(13,6)) 1
((13,6)(18,7)) 1
((14,2)(20,12)) 1
((13,6)(16,16)) 1
((16,16)(15,17)) 1
((15,17)(16,23)) 1
((16,23)(16,23)) 2
((16,23)(16,37)) 1
((8,13)(11,14)) 7
((10,16)(11,14)) 4
((11,14)(8,13)) 4
((11,14)(8,12)) 1
((8,12)(8,12)) 2
((8,12)(8,13)) 2
((11,14)(7,16)) 1
((7,16)(7,16)) 1
((7,16)(8,13)) 1
((17,25)(18,24)) 1
((18,24)(18,24)) 3
((18,24)(18,19)) 1
((19,13)(18,19)) 1
((19,13)(19,18)) 1
((19,18)(16,12)) 1
((19,18)(17,19)) 1
((17,19)(18,22)) 1
((34,8)(35,9)) 1
((35,9)(34,26)) 1
((34,26)(34,26)) 1
((34,26)(34,27)) 1
((34,27)(37,22)) 1
((37,22)(37,22)) 2
((37,22)(20,12)) 1
((20,12)(16,4)) 3
((16,4)(20,12)) 6
((27,14)(25,16)) 1
((24,16)(35,9)) 4
((34,9)(34,10)) 1
((34,10)(35,9)) 1
((35,9)(24,16)) 1
((29,13)(19,17)) 1
((21,17)(24,15)) 2
((24,15)(26,14)) 1
((26,14)(21,17)) 1
((30,18)(30,18)) 1
((30,18)(21,17)) 1
((22,19)(22,17)) 4
((22,17)(34,19)) 2
((34,19)(21,17)) 1
((20,12)(17,0)) 10
((21,17)(23,24)) 5
((21,17)(24,19)) 6
((24,19)(23,24)) 1
((23,24)(21,17)) 7
((24,19)(21,17)) 4
((21,17)(23,20)) 1
((23,20)(21,21)) 1
((21,21)(21,21)) 34
((21,21)(21,17)) 2
((23,24)(7,18)) 1
((7,18)(23,24)) 1
((19,16)(17,16)) 2
((20,12)(6,12)) 1
((6,12)(7,18)) 1
((22,8)(18,7)) 1
((20,12)(23,8)) 1
((23,8)(20,12)) 1
((14,13)(22,9)) 1
((22,9)(23,8)) 1
((23,8)(17,4)) 1
((17,4)(17,4)) 3
((17,4)(22,8)) 1
((22,8)(10,16)) 1
((10,16)(23,8)) 1
((20,12)(16,28)) 2
((16,28)(17,28)) 1
((17,28)(17,28)) 3
((17,28)(20,14)) 1
((20,14)(17,28)) 2
((17,28)(7,18)) 1
((7,18)(20,14)) 1
((17,28)(16,28)) 1
((23,16)(30,13)) 4
((30,13)(23,16)) 3
((30,13)(31,12)) 1
((31,12)(31,12)) 1
((31,12)(31,13)) 1
((30,13)(30,14)) 1
((30,14)(30,14)) 4
((30,14)(33,8)) 1
((33,8)(33,8)) 3
((33,8)(31,13)) 1
((24,17)(27,23)) 2
((24,17)(20,12)) 1
((18,12)(19,14)) 1
((18,14)(24,17)) 1
((24,17)(14,15)) 1
((14,15)(6,11)) 1
((24,13)(15,19)) 2
((15,19)(24,13)) 1
((24,13)(18,16)) 1
((22,14)(25,5)) 1
((25,5)(22,14)) 1
((22,14)(19,16)) 1
((24,13)(22,14)) 4
((22,14)(26,0)) 1
((26,0)(24,13)) 1
((22,14)(17,19)) 1
((17,19)(25,10)) 1
((25,10)(22,14)) 1
((22,14)(19,15)) 1
((19,15)(21,16)) 1
((21,16)(24,13)) 3
((3,10)(22,12)) 4
((14,13)(14,15)) 1
((14,14)(3,10)) 1
((21,18)(22,19)) 2
((22,19)(25,20)) 1
((29,27)(24,16)) 1
((24,16)(24,15)) 1
((19,16)(24,12)) 1
((21,16)(19,13)) 3
((20,12)(22,16)) 3
((20,12)(26,6)) 2
((26,6)(21,16)) 1
((21,17)(34,8)) 1
((34,8)(21,17)) 1
((14,2)(16,5)) 5
((16,5)(10,9)) 3
((6,11)(16,5)) 1
((21,17)(13,17)) 1
((13,17)(13,17)) 1
((13,17)(21,17)) 1
((22,17)(20,36)) 1
((20,36)(21,34)) 1
((21,34)(22,22)) 1
((22,22)(21,21)) 1
((21,21)(15,15)) 1
((8,15)(8,15)) 23
((8,15)(9,14)) 1
((9,14)(8,15)) 1
((21,16)(21,14)) 1
((21,14)(17,12)) 1
((17,12)(17,14)) 3
((33,9)(33,9)) 5
((33,9)(33,10)) 1
((33,10)(33,10)) 15
((33,10)(33,9)) 1
((33,9)(36,8)) 1
((36,8)(33,9)) 1
((33,9)(33,11)) 1
((33,11)(16,24)) 1
((16,24)(28,13)) 1
((22,16)(26,15)) 2
((20,12)(33,14)) 1
((33,14)(20,12)) 1
((20,14)(33,14)) 1
((33,14)(20,14)) 1
((20,13)(21,12)) 1
((20,14)(32,15)) 1
((32,15)(32,15)) 1
((32,15)(32,14)) 1
((32,14)(32,14)) 3
((32,14)(20,12)) 1
((20,13)(33,14)) 1
((33,14)(32,16)) 1
((32,16)(32,16)) 6
((17,13)(18,14)) 3
((18,14)(18,15)) 6
((18,15)(16,12)) 1
((16,12)(18,15)) 1
((18,15)(17,12)) 4
((18,16)(14,15)) 5
((16,12)(16,13)) 3
((16,21)(24,13)) 5
((24,13)(16,21)) 3
((24,13)(14,18)) 1
((14,18)(24,13)) 1
((24,13)(14,17)) 1
((18,12)(34,8)) 1
((34,8)(18,12)) 1
((17,0)(20,12)) 8
((17,2)(17,2)) 34
((17,2)(18,7)) 4
((18,7)(17,2)) 3
((17,2)(20,12)) 3
((20,12)(17,2)) 4
((18,7)(17,0)) 1
((13,6)(10,7)) 1
((6,11)(6,14)) 1
((6,14)(6,14)) 5
((6,14)(10,16)) 1
((10,16)(10,15)) 1
((10,15)(6,14)) 1
((6,14)(16,14)) 1
((16,14)(6,14)) 1
((6,14)(6,12)) 1
((20,8)(21,10)) 1
((21,10)(20,17)) 1
((20,17)(19,28)) 1
((19,28)(19,28)) 2
((19,28)(20,28)) 1
((20,28)(20,29)) 2
((20,29)(19,28)) 1
((19,28)(21,2)) 1
((21,2)(21,3)) 2
((21,3)(22,9)) 4
((16,9)(20,12)) 2
((17,12)(16,9)) 3
((16,9)(21,17)) 1
((21,17)(16,9)) 1
((16,9)(21,7)) 1
((21,7)(20,12)) 4
((22,16)(16,26)) 1
((16,26)(16,26)) 5
((16,26)(17,25)) 3
((17,25)(16,26)) 3
((16,26)(18,26)) 1
((18,26)(17,25)) 1
((16,26)(16,37)) 1
((16,37)(16,26)) 1
((19,17)(35,9)) 2
((35,9)(34,8)) 2
((34,8)(19,17)) 1
((34,8)(34,6)) 1
((34,6)(34,8)) 1
((7,18)(17,16)) 4
((20,15)(19,18)) 1
((23,29)(20,21)) 5
((20,21)(20,21)) 24
((20,21)(23,29)) 4
((23,29)(22,29)) 2
((22,29)(22,29)) 2
((22,29)(23,29)) 2
((20,21)(21,16)) 2
((17,12)(14,10)) 1
((14,10)(17,12)) 1
((17,12)(20,21)) 1
((21,16)(20,21)) 2
((16,13)(24,12)) 1
((24,12)(16,13)) 1
((24,12)(16,10)) 1
((16,10)(16,10)) 12
((16,10)(16,9)) 2
((17,19)(14,15)) 1
((14,15)(17,19)) 1
((17,19)(22,19)) 1
((20,12)(17,19)) 3
((15,19)(26,12)) 1
((26,12)(26,12)) 9
((26,12)(22,17)) 1
((21,17)(26,12)) 1
((18,5)(17,2)) 1
((17,2)(21,14)) 1
((21,14)(21,12)) 1
((21,12)(17,2)) 1
((17,2)(18,8)) 2
((18,8)(20,12)) 5
((18,8)(17,11)) 1
((17,12)(18,8)) 4
((18,8)(17,2)) 1
((19,17)(20,18)) 2
((20,18)(21,20)) 2
((17,12)(20,18)) 1
((20,18)(8,8)) 1
((20,18)(19,17)) 2
((18,16)(20,18)) 1
((14,15)(12,14)) 5
((12,14)(14,15)) 3
((19,16)(14,13)) 1
((14,13)(17,15)) 1
((17,15)(13,15)) 1
((12,14)(6,11)) 1
((6,11)(8,13)) 1
((14,14)(12,12)) 1
((12,12)(13,9)) 2
((13,9)(14,14)) 1
((14,14)(19,17)) 1
((19,17)(20,16)) 1
((20,16)(22,16)) 1
((22,16)(19,17)) 2
((19,17)(14,14)) 2
((14,14)(13,14)) 3
((13,14)(14,14)) 2
((14,14)(18,12)) 1
((21,17)(19,19)) 1
((19,19)(19,20)) 3
((19,20)(19,19)) 2
((19,19)(17,19)) 1
((18,16)(20,17)) 2
((19,18)(18,16)) 1
((18,16)(6,11)) 6
((5,11)(18,14)) 1
((12,10)(13,7)) 1
((13,7)(12,6)) 1
((12,6)(20,12)) 1
((8,8)(11,9)) 1
((13,6)(16,4)) 1
((16,4)(14,7)) 1
((14,7)(16,6)) 1
((16,6)(16,6)) 4
((16,6)(12,9)) 1
((12,9)(9,12)) 1
((9,12)(11,14)) 2
((11,14)(4,10)) 2
((4,10)(6,7)) 1
((15,18)(18,16)) 4
((15,18)(15,19)) 5
((15,18)(18,14)) 1
((18,14)(15,18)) 1
((15,19)(18,12)) 1
((18,12)(18,16)) 2
((15,19)(17,11)) 1
((17,11)(15,19)) 1
((15,19)(20,12)) 6
((20,12)(15,18)) 1
((20,17)(19,16)) 5
((19,16)(18,17)) 4
((18,17)(21,17)) 4
((22,19)(27,30)) 4
((27,30)(22,19)) 4
((22,17)(27,30)) 1
((17,12)(14,14)) 2
((21,0)(17,12)) 1
((22,17)(27,21)) 4
((27,21)(24,13)) 1
((24,13)(27,21)) 1
((27,21)(22,17)) 3
((17,2)(16,1)) 1
((15,15)(20,11)) 1
((20,11)(17,7)) 1
((17,7)(18,5)) 1
((18,5)(17,7)) 1
((17,7)(28,2)) 1
((28,2)(28,2)) 2
((28,2)(16,6)) 1
((16,6)(17,7)) 1
((17,7)(21,1)) 1
((21,1)(17,7)) 1
((17,12)(7,8)) 1
((7,8)(6,7)) 1
((6,7)(5,8)) 1
((5,8)(5,8)) 4
((5,8)(14,18)) 1
((14,17)(17,12)) 1
((18,12)(18,14)) 3
((18,14)(24,13)) 1
((19,16)(24,15)) 1
((24,15)(27,12)) 2
((27,12)(26,11)) 1
((19,17)(17,15)) 1
((17,15)(16,12)) 1
((17,12)(28,13)) 4
((28,13)(27,13)) 1
((27,13)(27,13)) 8
((27,13)(24,13)) 3
((39,14)(21,17)) 1
((17,16)(17,18)) 1
((17,18)(18,16)) 1
((20,17)(20,18)) 2
((21,20)(24,27)) 1
((24,27)(21,33)) 1
((18,16)(20,33)) 1
((20,33)(20,33)) 2
((20,33)(21,33)) 1
((18,16)(21,33)) 1
((21,33)(19,34)) 1
((19,34)(20,34)) 1
((20,12)(25,11)) 1
((25,11)(25,11)) 2
((25,11)(25,10)) 1
((25,10)(37,18)) 1
((22,31)(24,17)) 3
((24,17)(35,9)) 2
((35,9)(22,31)) 1
((24,17)(22,31)) 2
((18,14)(18,25)) 4
((18,25)(18,14)) 4
((18,14)(17,25)) 1
((18,15)(19,17)) 5
((16,37)(17,38)) 1
((17,38)(16,37)) 1
((19,18)(18,15)) 4
((16,37)(18,15)) 1
((16,37)(20,36)) 1
((22,9)(18,20)) 3
((18,20)(22,9)) 3
((18,20)(16,15)) 1
((16,16)(18,20)) 1
((16,37)(16,28)) 1
((16,28)(19,17)) 1
((11,9)(10,9)) 2
((10,9)(15,11)) 1
((23,16)(21,11)) 1
((21,15)(22,16)) 3
((22,16)(20,12)) 2
((24,13)(23,14)) 2
((20,12)(18,7)) 2
((20,12)(26,14)) 1
((26,14)(25,16)) 1
((25,16)(26,14)) 1
((26,14)(22,16)) 1
((24,13)(18,13)) 1
((14,26)(14,26)) 10
((14,26)(14,25)) 1
((14,25)(14,25)) 9
((14,25)(14,26)) 1
((14,26)(15,26)) 1
((15,26)(15,25)) 2
((15,25)(24,32)) 1
((24,32)(24,31)) 2
((24,32)(16,25)) 1
((16,25)(16,24)) 1
((16,24)(24,32)) 3
((16,24)(17,24)) 1
((17,24)(17,24)) 1
((17,24)(16,24)) 1
((21,17)(4,10)) 1
((4,10)(19,17)) 3
((19,17)(6,11)) 8
((6,11)(19,17)) 5
((24,13)(14,14)) 3
((14,14)(6,11)) 1
((22,36)(22,36)) 1
((22,36)(37,29)) 1
((37,29)(23,39)) 1
((23,39)(23,39)) 23
((23,39)(37,29)) 1
((37,29)(35,28)) 2
((35,28)(38,29)) 1
((38,29)(38,29)) 1
((38,29)(37,29)) 1
((19,11)(20,11)) 3
((20,11)(31,23)) 1
((31,23)(31,23)) 1
((31,23)(21,17)) 1
((21,17)(20,11)) 1
((34,27)(21,17)) 4
((37,29)(14,15)) 1
((14,15)(15,14)) 1
((15,14)(14,15)) 1
((22,20)(23,24)) 1
((23,24)(15,15)) 1
((15,15)(10,11)) 1
((10,11)(10,11)) 1
((10,11)(28,13)) 1
((26,15)(21,17)) 1
((7,10)(8,9)) 1
((8,9)(6,11)) 1
((6,11)(7,11)) 1
((7,11)(8,9)) 1
((8,9)(7,10)) 1
((7,10)(7,11)) 1
((7,11)(6,11)) 1
((6,11)(7,10)) 2
((7,10)(9,6)) 1
((9,6)(9,6)) 1
((9,6)(10,2)) 1
((10,2)(8,9)) 1
((8,9)(6,10)) 1
((20,14)(18,8)) 1
((18,8)(18,4)) 1
((20,14)(18,4)) 3
((18,4)(20,12)) 6
((26,20)(18,4)) 1
((18,4)(18,5)) 1
((18,5)(18,4)) 1
((20,12)(16,6)) 1
((16,6)(18,4)) 1
((20,16)(21,4)) 1
((21,4)(20,16)) 1
((20,16)(21,1)) 2
((21,1)(20,16)) 2
((20,16)(15,14)) 1
((22,12)(21,17)) 5
((22,17)(14,17)) 1
((14,17)(21,17)) 3
((22,17)(18,22)) 1
((18,22)(18,14)) 1
((18,14)(22,12)) 1
((24,17)(25,19)) 2
((25,19)(25,19)) 5
((25,19)(25,23)) 2
((25,23)(20,36)) 5
((20,36)(25,17)) 1
((25,17)(20,12)) 1
((20,12)(23,18)) 1
((23,18)(20,19)) 1
((20,19)(24,17)) 1
((20,36)(23,18)) 1
((23,18)(25,17)) 1
((25,17)(24,17)) 3
((20,36)(15,22)) 1
((15,22)(15,22)) 1
((15,22)(24,17)) 1
((24,17)(25,17)) 2
((20,36)(29,9)) 1
((29,9)(24,17)) 1
((20,36)(19,37)) 2
((19,37)(19,37)) 6
((21,1)(24,1)) 1
((24,1)(21,1)) 1
((22,9)(21,1)) 2
((17,11)(23,18)) 1
((16,15)(18,17)) 1
((18,17)(19,13)) 1
((19,16)(16,15)) 2
((22,9)(19,18)) 1
((19,18)(24,19)) 1
((24,19)(20,12)) 1
((19,14)(22,18)) 1
((19,12)(17,12)) 1
((22,18)(20,14)) 1
((24,19)(19,17)) 1
((19,17)(22,19)) 1
((22,19)(28,13)) 1
((28,13)(24,17)) 1
((20,14)(18,16)) 1
((19,17)(21,20)) 3
((32,3)(30,4)) 1
((30,4)(30,4)) 1
((30,4)(20,14)) 1
((20,14)(21,1)) 1
((21,1)(20,14)) 1
((20,14)(19,14)) 1
((20,12)(19,15)) 2
((20,14)(21,3)) 2
((17,12)(16,10)) 5
((16,10)(17,12)) 4
((20,12)(16,12)) 2
((19,18)(18,35)) 1
((18,35)(15,17)) 1
((17,8)(17,8)) 4
((17,8)(20,12)) 1
((20,12)(21,33)) 1
((20,36)(22,31)) 1
((22,31)(24,27)) 7
((24,27)(21,17)) 2
((21,17)(22,31)) 1
((24,27)(23,24)) 1
((20,12)(18,10)) 4
((18,10)(16,4)) 2
((16,4)(14,2)) 2
((13,1)(18,10)) 1
((13,14)(25,8)) 1
((25,8)(25,8)) 5
((25,8)(13,14)) 1
((13,14)(28,2)) 1
((24,13)(25,10)) 1
((25,10)(21,17)) 1
((15,15)(25,10)) 2
((25,10)(15,15)) 1
((25,10)(25,11)) 1
((25,11)(21,15)) 1
((21,17)(25,10)) 1
((20,14)(20,17)) 3
((21,3)(21,6)) 3
((21,6)(22,9)) 2
((20,14)(19,17)) 1
((20,12)(20,17)) 4
((18,16)(19,14)) 3
((24,15)(24,13)) 3
((20,17)(17,39)) 1
((17,39)(17,39)) 15
((17,39)(18,16)) 2
((18,16)(17,39)) 2
((17,39)(16,37)) 1
((16,37)(18,16)) 1
((18,16)(19,37)) 1
((19,37)(16,37)) 2
((17,12)(16,15)) 2
((16,15)(10,14)) 1
((10,14)(16,15)) 1
((16,15)(8,13)) 4
((8,13)(16,15)) 1
((23,14)(24,13)) 1
((21,17)(20,16)) 1
((21,14)(22,13)) 1
((18,16)(24,13)) 1
((14,15)(17,14)) 1
((17,14)(19,17)) 1
((20,17)(23,17)) 1
((23,17)(18,16)) 1
((19,17)(15,25)) 1
((19,17)(21,21)) 1
((21,21)(38,21)) 1
((38,21)(18,17)) 1
((18,17)(19,17)) 2
((19,17)(19,27)) 2
((19,27)(19,27)) 4
((16,13)(14,15)) 1
((17,8)(7,18)) 1
((7,18)(22,20)) 1
((22,20)(21,17)) 2
((21,17)(17,15)) 1
((17,15)(7,18)) 1
((7,18)(18,7)) 1
((29,34)(29,34)) 2
((29,34)(28,34)) 1
((28,34)(28,34)) 7
((28,34)(26,35)) 1
((26,35)(26,35)) 5
((26,35)(29,27)) 2
((29,27)(22,17)) 1
((22,17)(29,27)) 2
((29,27)(26,35)) 1
((20,36)(26,35)) 1
((17,12)(10,10)) 1
((10,10)(17,12)) 2
((17,12)(15,19)) 2
((15,19)(8,13)) 1
((8,13)(10,10)) 1
((12,5)(10,9)) 1
((19,17)(12,13)) 2
((12,13)(19,17)) 1
((12,13)(10,9)) 1
((36,32)(21,17)) 2
((21,17)(28,18)) 1
((28,18)(26,20)) 2
((14,17)(40,18)) 1
((40,18)(40,18)) 5
((40,18)(21,17)) 4
((21,17)(40,18)) 3
((19,16)(26,20)) 1
((26,20)(40,18)) 1
((20,12)(21,11)) 10
((20,12)(10,12)) 1
((14,13)(9,11)) 1
((9,11)(14,13)) 1
((21,11)(20,11)) 2
((20,12)(16,15)) 1
((16,15)(9,12)) 1
((11,14)(12,14)) 3
((12,14)(16,15)) 1
((22,16)(22,9)) 1
((22,9)(18,16)) 3
((18,16)(22,9)) 1
((22,9)(20,17)) 2
((20,17)(22,9)) 1
((18,12)(22,9)) 1
((20,11)(5,11)) 1
((32,12)(35,9)) 3
((35,9)(18,35)) 1
((18,35)(35,9)) 4
((19,34)(18,35)) 3
((35,9)(19,34)) 1
((32,12)(18,35)) 1
((19,17)(20,11)) 1
((17,16)(14,17)) 1
((14,17)(15,19)) 1
((15,18)(15,16)) 1
((15,16)(17,16)) 1
((17,16)(12,17)) 1
((12,17)(12,17)) 1
((12,17)(10,16)) 1
((10,16)(15,15)) 2
((20,11)(17,16)) 1
((17,16)(16,16)) 1
((16,16)(14,17)) 1
((14,18)(15,19)) 2
((16,19)(17,18)) 1
((17,18)(21,16)) 2
((20,12)(20,24)) 1
((20,24)(20,24)) 3
((20,24)(19,23)) 1
((19,23)(19,23)) 1
((19,23)(21,16)) 1
((24,13)(13,9)) 1
((24,13)(24,6)) 2
((13,9)(18,14)) 1
((18,12)(24,6)) 1
((17,12)(19,11)) 1
((18,11)(19,11)) 4
((19,11)(17,12)) 2
((26,0)(24,7)) 2
((24,7)(15,8)) 1
((15,8)(15,7)) 4
((15,7)(14,7)) 4
((20,12)(29,3)) 1
((29,3)(26,0)) 1
((17,12)(15,8)) 3
((14,7)(15,8)) 1
((15,8)(16,13)) 1
((16,13)(17,12)) 2
((17,12)(29,3)) 1
((29,3)(26,3)) 1
((26,3)(15,8)) 1
((26,0)(29,3)) 3
((29,3)(17,12)) 1
((24,7)(24,8)) 1
((24,8)(20,12)) 1
((24,13)(26,0)) 2
((29,3)(25,5)) 1
((25,5)(24,13)) 1
((18,11)(18,1)) 1
((18,1)(18,1)) 1
((18,1)(17,2)) 1
((17,2)(17,10)) 1
((17,10)(18,10)) 1
((6,7)(19,18)) 2
((19,18)(16,15)) 1
((16,15)(16,14)) 2
((16,14)(6,7)) 1
((6,7)(19,17)) 1
((19,17)(7,13)) 1
((7,13)(14,13)) 1
((14,14)(18,21)) 1
((18,21)(6,7)) 1
((19,18)(6,7)) 1
((19,17)(7,18)) 1
((24,12)(22,14)) 1
((22,14)(24,12)) 2
((24,12)(28,13)) 3
((24,13)(37,15)) 1
((39,14)(37,15)) 1
((37,15)(24,13)) 1
((17,19)(6,11)) 1
((21,12)(15,19)) 1
((18,11)(21,21)) 3
((21,21)(18,11)) 2
((22,18)(18,18)) 1
((18,18)(26,20)) 1
((26,20)(22,19)) 1
((22,19)(18,19)) 1
((18,19)(20,16)) 1
((18,18)(20,17)) 2
((19,18)(18,19)) 1
((18,19)(18,18)) 1
((18,18)(18,17)) 1
((21,21)(24,27)) 2
((24,27)(21,21)) 2
((21,21)(19,16)) 1
((19,16)(21,21)) 1
((21,21)(21,0)) 1
((21,0)(24,27)) 1
((21,16)(6,11)) 1
((6,11)(18,16)) 6
((6,12)(18,16)) 1
((20,15)(20,17)) 3
((20,16)(19,17)) 3
((19,17)(5,12)) 1
((5,12)(5,11)) 2
((6,12)(28,13)) 1
((28,13)(20,16)) 1
((18,16)(20,16)) 2
((19,16)(13,14)) 1
((13,14)(5,12)) 1
((19,17)(16,18)) 1
((16,18)(19,17)) 1
((19,16)(17,19)) 3
((17,19)(19,17)) 2
((18,19)(16,19)) 1
((16,19)(19,17)) 1
((19,17)(16,19)) 1
((16,19)(19,18)) 1
((19,18)(25,21)) 1
((25,21)(19,18)) 1
((19,18)(15,19)) 1
((24,16)(4,10)) 1
((18,17)(19,18)) 1
((20,17)(6,11)) 1
((6,11)(24,16)) 1
((24,16)(15,15)) 1
((15,15)(6,11)) 3
((27,35)(27,35)) 6
((27,35)(25,34)) 4
((25,34)(25,34)) 7
((25,34)(27,35)) 4
((27,35)(28,34)) 2
((28,34)(27,35)) 1
((28,34)(29,34)) 1
((21,17)(18,14)) 2
((18,14)(18,16)) 2
((18,16)(22,17)) 3
((17,16)(24,13)) 1
((17,16)(24,17)) 2
((24,17)(15,15)) 1
((4,10)(14,17)) 1
((14,17)(18,12)) 2
((18,12)(28,13)) 1
((28,13)(18,14)) 1
((19,14)(6,11)) 2
((34,15)(34,15)) 4
((34,15)(16,21)) 3
((16,21)(34,15)) 2
((19,17)(15,19)) 2
((15,19)(20,15)) 1
((20,15)(15,19)) 1
((19,17)(19,14)) 1
((19,14)(20,12)) 4
((18,26)(20,13)) 1
((19,17)(20,13)) 1
((18,26)(20,12)) 1
((21,17)(10,2)) 1
((10,2)(11,2)) 1
((11,2)(10,3)) 2
((17,16)(10,3)) 1
((20,11)(11,2)) 1
((10,3)(12,5)) 1
((12,5)(13,14)) 2
((17,12)(10,3)) 2
((10,3)(17,12)) 1
((17,16)(13,14)) 2
((13,14)(10,3)) 1
((18,16)(18,17)) 8
((18,17)(18,14)) 1
((16,14)(8,8)) 4
((17,12)(19,12)) 2
((19,13)(16,14)) 1
((17,11)(20,12)) 1
((16,37)(19,17)) 4
((19,17)(20,36)) 2
((16,37)(20,12)) 1
((16,37)(20,17)) 1
((20,17)(16,37)) 1
((21,12)(24,1)) 1
((24,1)(21,12)) 1
((21,12)(23,4)) 1
((23,4)(23,4)) 16
((23,4)(24,2)) 1
((24,2)(24,1)) 2
((24,1)(19,17)) 1
((19,17)(22,12)) 2
((22,12)(24,17)) 1
((26,20)(37,29)) 3
((37,29)(24,17)) 1
((24,13)(23,2)) 1
((23,2)(23,2)) 1
((13,11)(13,8)) 3
((13,8)(13,11)) 1
((13,8)(14,12)) 1
((13,8)(18,16)) 1
((18,16)(14,17)) 3
((14,17)(15,18)) 2
((15,3)(18,9)) 1
((17,9)(17,12)) 1
((20,12)(17,7)) 1
((17,7)(15,3)) 1
((15,3)(20,12)) 1
((13,14)(13,13)) 6
((13,13)(13,14)) 4
((8,13)(13,14)) 1
((13,13)(14,14)) 1
((34,8)(20,12)) 3
((28,13)(22,17)) 5
((22,17)(15,15)) 3
((21,17)(35,20)) 1
((35,20)(35,20)) 4
((35,20)(34,22)) 1
((34,22)(34,22)) 4
((34,22)(34,23)) 2
((34,23)(35,20)) 1
((35,20)(34,23)) 1
((34,23)(34,22)) 2
((34,22)(33,19)) 1
((33,19)(33,19)) 6
((33,19)(34,19)) 1
((34,19)(34,23)) 1
((34,22)(35,20)) 1
((35,20)(26,20)) 1
((26,20)(34,22)) 1
((34,23)(36,20)) 1
((36,20)(36,20)) 1
((36,20)(35,20)) 1
((20,9)(14,14)) 1
((14,14)(20,9)) 1
((20,9)(18,7)) 1
((18,7)(18,9)) 1
((22,16)(25,5)) 1
((25,5)(25,2)) 1
((25,2)(25,2)) 1
((25,2)(22,16)) 1
((22,16)(19,16)) 1
((24,13)(23,11)) 1
((23,11)(24,10)) 1
((24,10)(24,7)) 1
((24,7)(26,3)) 1
((15,11)(16,12)) 2
((15,11)(10,16)) 1
((10,16)(15,11)) 2
((17,12)(19,19)) 1
((19,19)(17,12)) 1
((6,11)(13,14)) 1
((13,14)(15,19)) 5
((15,19)(6,11)) 1
((6,11)(15,19)) 1
((15,19)(22,13)) 1
((22,13)(22,9)) 1
((22,9)(21,17)) 3
((10,9)(13,2)) 1
((24,13)(18,12)) 2
((14,14)(15,19)) 2
((20,12)(21,9)) 1
((21,9)(28,13)) 1
((24,8)(20,11)) 1
((20,11)(22,18)) 1
((22,18)(21,18)) 1
((27,8)(13,2)) 1
((13,2)(18,10)) 2
((18,12)(18,10)) 1
((18,12)(13,2)) 1
((18,10)(24,12)) 1
((24,12)(27,8)) 1
((12,15)(14,14)) 2
((14,13)(12,5)) 1
((13,14)(12,15)) 1
((14,15)(18,8)) 1
((18,8)(13,14)) 1
((13,14)(11,15)) 1
((11,15)(11,15)) 3
((25,20)(20,20)) 1
((20,20)(20,24)) 1
((20,24)(21,17)) 1
((31,19)(21,17)) 2
((26,20)(20,25)) 1
((31,19)(18,16)) 1
((22,17)(23,18)) 1
((23,18)(31,19)) 1
((15,8)(17,12)) 2
((17,13)(12,9)) 1
((12,9)(15,8)) 1
((21,16)(18,15)) 1
((18,15)(20,16)) 1
((20,16)(12,5)) 1
((21,16)(22,17)) 1
((18,15)(21,16)) 1
((19,16)(16,29)) 1
((16,29)(16,29)) 4
((16,29)(18,16)) 1
((18,16)(16,29)) 1
((16,29)(16,28)) 1
((16,28)(18,16)) 1
((16,28)(36,24)) 1
((36,24)(17,25)) 1
((9,10)(10,9)) 1
((9,9)(14,14)) 1
((15,15)(10,9)) 3
((21,17)(33,25)) 1
((33,25)(33,25)) 6
((33,25)(32,25)) 2
((32,25)(32,25)) 2
((32,25)(26,20)) 2
((26,20)(33,25)) 1
((26,20)(20,12)) 1
((22,17)(24,14)) 3
((24,14)(21,17)) 1
((21,17)(24,14)) 2
((24,14)(17,16)) 2
((24,14)(22,17)) 2
((22,17)(7,18)) 1
((15,13)(24,13)) 1
((23,13)(22,13)) 4
((15,15)(23,13)) 1
((22,13)(23,13)) 1
((24,13)(15,15)) 3
((15,15)(24,13)) 4
((22,12)(14,15)) 1
((22,13)(24,13)) 3
((24,13)(24,14)) 3
((24,14)(22,13)) 2
((21,13)(22,12)) 1
((22,18)(26,20)) 2
((22,19)(36,8)) 1
((36,9)(28,13)) 2
((28,13)(18,16)) 1
((18,16)(36,9)) 1
((36,8)(16,15)) 1
((16,15)(17,12)) 3
((22,17)(18,17)) 1
((18,16)(28,13)) 1
((18,5)(19,5)) 1
((19,5)(18,5)) 2
((20,11)(19,5)) 1
((18,5)(19,14)) 1
((18,5)(19,9)) 2
((19,9)(21,15)) 1
((6,11)(17,12)) 4
((17,12)(6,11)) 2
((6,11)(10,7)) 1
((17,16)(12,5)) 1
((13,3)(20,12)) 1
((20,12)(14,2)) 1
((14,2)(13,3)) 1
((13,3)(9,15)) 1
((9,15)(9,15)) 1
((9,15)(8,16)) 1
((8,16)(8,16)) 1
((8,16)(7,18)) 1
((7,18)(14,2)) 1
((18,35)(19,17)) 1
((17,16)(20,36)) 1
((26,20)(22,20)) 3
((22,12)(21,11)) 1
((21,11)(19,10)) 1
((19,10)(22,16)) 1
((21,11)(22,12)) 1
((32,12)(28,13)) 2
((28,13)(15,19)) 1
((15,19)(17,12)) 1
((22,19)(18,15)) 1
((18,15)(16,14)) 1
((16,14)(14,12)) 1
((14,12)(22,19)) 1
((7,18)(8,13)) 5
((10,18)(10,18)) 1
((10,18)(8,13)) 1
((21,20)(23,29)) 2
((23,29)(21,33)) 2
((21,34)(23,29)) 1
((23,29)(14,15)) 1
((14,15)(7,15)) 1
((7,15)(15,15)) 1
((7,15)(7,17)) 1
((7,17)(7,17)) 4
((7,17)(8,13)) 1
((8,13)(23,24)) 1
((23,24)(21,33)) 3
((21,34)(21,17)) 1
((8,13)(19,17)) 1
((21,34)(10,16)) 1
((21,33)(27,34)) 1
((27,34)(27,34)) 1
((27,34)(30,34)) 1
((30,34)(30,34)) 1
((30,34)(23,29)) 1
((20,11)(21,34)) 1
((17,12)(17,9)) 1
((17,9)(18,15)) 1
((20,12)(6,11)) 1
((17,12)(19,16)) 1
((21,17)(18,11)) 1
((18,11)(18,9)) 1
((8,11)(9,10)) 1
((9,10)(8,10)) 1
((3,11)(8,11)) 1
((11,6)(7,6)) 2
((7,6)(8,8)) 3
((8,8)(6,11)) 2
((6,11)(7,6)) 1
((7,6)(7,13)) 1
((7,13)(10,15)) 1
((10,15)(13,9)) 1
((8,8)(10,14)) 1
((10,14)(10,15)) 1
((10,15)(11,14)) 1
((11,14)(11,6)) 1
((7,6)(11,15)) 1
((11,15)(21,17)) 1
((22,17)(24,19)) 2
((24,19)(34,15)) 1
((34,15)(39,13)) 1
((39,13)(39,13)) 3
((39,13)(25,21)) 1
((25,21)(22,20)) 1
((22,17)(17,15)) 1
((7,18)(15,19)) 1
((15,19)(16,21)) 1
((16,21)(16,23)) 1
((16,23)(22,31)) 1
((22,31)(23,24)) 1
((20,14)(20,28)) 1
((21,17)(15,13)) 3
((24,13)(24,15)) 2
((24,15)(24,16)) 3
((28,13)(24,15)) 2
((24,16)(22,17)) 1
((20,12)(20,10)) 1
((20,10)(20,10)) 2
((20,10)(20,12)) 1
((21,17)(20,10)) 1
((20,10)(20,11)) 1
((11,9)(17,12)) 1
((17,12)(12,9)) 3
((12,9)(18,13)) 2
((12,9)(11,6)) 1
((11,9)(6,11)) 1
((6,12)(11,6)) 1
((20,12)(23,4)) 1
((23,4)(20,12)) 1
((15,13)(24,14)) 1
((24,14)(24,15)) 2
((18,19)(32,12)) 1
((20,36)(23,37)) 3
((23,37)(23,37)) 7
((23,37)(20,36)) 3
((20,12)(31,10)) 1
((31,10)(31,10)) 3
((31,10)(17,19)) 1
((17,19)(24,13)) 1
((20,12)(32,10)) 1
((32,10)(32,10)) 1
((32,10)(31,10)) 1
((31,10)(20,12)) 1
((20,12)(33,8)) 1
((18,15)(20,12)) 1
((20,19)(22,18)) 6
((22,18)(20,19)) 5
((22,18)(20,17)) 1
((21,17)(24,22)) 2
((24,22)(24,22)) 5
((24,22)(24,17)) 1
((24,17)(24,22)) 1
((24,22)(22,19)) 1
((15,15)(23,29)) 1
((23,29)(15,15)) 1
((15,15)(24,27)) 2
((24,27)(23,29)) 2
((23,29)(24,27)) 2
((10,15)(12,12)) 1
((12,12)(10,15)) 1
((17,16)(32,12)) 1
((28,13)(34,9)) 1
((20,14)(20,13)) 2
((20,13)(20,14)) 2
((21,17)(21,11)) 1
((21,11)(20,14)) 2
((21,16)(26,13)) 1
((26,13)(26,13)) 2
((26,13)(20,16)) 1
((19,16)(26,13)) 1
((26,13)(25,13)) 1
((25,13)(19,16)) 2
((19,16)(25,13)) 1
((18,17)(19,16)) 3
((14,14)(14,18)) 1
((14,18)(22,12)) 1
((21,12)(24,13)) 1
((20,12)(15,19)) 3
((22,12)(23,8)) 7
((23,8)(22,12)) 6
((23,8)(24,13)) 1
((22,12)(18,19)) 1
((18,19)(15,19)) 1
((15,19)(18,19)) 1
((18,19)(22,13)) 1
((18,16)(18,21)) 1
((18,20)(20,18)) 1
((20,18)(18,14)) 1
((20,12)(20,18)) 1
((11,14)(15,11)) 1
((15,11)(11,14)) 2
((13,9)(7,18)) 1
((7,18)(10,16)) 1
((10,16)(9,16)) 1
((9,16)(10,16)) 1
((11,14)(7,18)) 1
((9,16)(11,14)) 1
((11,14)(13,14)) 2
((13,14)(15,11)) 1
((18,15)(19,16)) 1
((31,28)(23,29)) 2
((23,29)(31,28)) 1
((23,29)(19,16)) 1
((21,17)(8,13)) 2
((9,13)(21,17)) 1
((21,3)(17,10)) 1
((17,10)(21,3)) 1
((21,3)(18,9)) 1
((18,9)(21,3)) 1
((21,3)(13,9)) 1
((22,8)(8,13)) 2
((8,13)(21,15)) 1
((22,8)(17,12)) 1
((19,16)(22,8)) 1
((22,8)(15,15)) 1
((15,15)(22,8)) 1
((24,12)(29,5)) 1
((29,5)(29,5)) 37
((29,5)(18,18)) 1
((18,18)(17,17)) 1
((17,17)(17,18)) 1
((17,18)(19,18)) 1
((5,6)(5,6)) 31
((5,6)(5,8)) 1
((5,8)(22,18)) 1
((22,18)(19,14)) 1
((17,12)(20,36)) 1
((14,10)(20,12)) 1
((14,13)(19,16)) 2
((17,12)(18,20)) 1
((18,20)(17,12)) 1
((18,20)(17,11)) 1
((17,11)(18,20)) 1
((18,20)(21,16)) 2
((19,13)(18,20)) 1
((18,20)(19,18)) 1
((19,18)(20,18)) 1
((20,18)(18,20)) 1
((24,13)(32,3)) 2
((32,3)(16,21)) 1
((16,37)(16,36)) 1
((16,36)(24,13)) 1
((24,13)(28,34)) 1
((22,17)(22,31)) 2
((21,33)(20,12)) 2
((20,12)(25,23)) 1
((25,23)(14,13)) 1
((14,13)(24,17)) 1
((24,15)(21,33)) 1
((20,12)(23,29)) 1
((24,17)(21,12)) 1
((22,17)(19,16)) 2
((20,15)(20,14)) 5
((20,17)(8,13)) 1
((20,12)(14,18)) 1
((14,18)(20,12)) 2
((21,17)(21,9)) 3
((21,9)(20,12)) 1
((21,12)(22,12)) 3
((22,12)(21,13)) 2
((21,13)(21,17)) 1
((21,9)(21,17)) 2
((25,20)(25,23)) 1
((24,17)(22,17)) 2
((26,20)(26,19)) 2
((26,19)(26,19)) 2
((24,12)(19,13)) 1
((19,13)(18,16)) 2
((18,16)(23,16)) 1
((23,16)(17,12)) 1
((22,16)(16,37)) 2
((20,31)(21,17)) 1
((21,15)(16,37)) 1
((16,37)(21,17)) 2
((21,20)(21,15)) 1
((21,16)(19,37)) 1
((19,37)(21,15)) 1
((20,14)(21,20)) 1
((20,16)(26,20)) 1
((37,29)(38,28)) 2
((38,28)(26,20)) 1
((18,14)(20,16)) 1
((18,14)(21,17)) 3
((34,27)(38,28)) 1
((38,28)(37,29)) 1
((37,29)(36,29)) 1
((15,16)(7,15)) 1
((7,15)(5,11)) 1
((5,11)(7,11)) 1
((15,16)(12,13)) 1
((23,4)(22,12)) 1
((22,12)(19,16)) 1
((19,16)(25,5)) 1
((25,5)(23,4)) 1
((23,4)(20,11)) 1
((24,12)(14,14)) 1
((14,14)(17,12)) 3
((24,12)(29,11)) 1
((29,11)(29,10)) 1
((29,10)(25,13)) 1
((24,12)(15,15)) 1
((10,9)(24,13)) 1
((24,13)(23,12)) 1
((24,27)(22,31)) 4
((24,27)(21,20)) 1
((21,17)(30,28)) 4
((30,28)(30,28)) 8
((30,28)(20,17)) 3
((30,28)(26,20)) 1
((26,20)(30,28)) 1
((18,12)(24,13)) 1
((13,14)(19,17)) 1
((19,27)(13,14)) 1
((13,14)(20,17)) 3
((20,17)(22,31)) 2
((22,31)(19,27)) 1
((19,27)(19,17)) 2
((20,17)(19,27)) 1
((13,14)(18,16)) 1
((19,14)(20,17)) 1
((34,8)(17,12)) 2
((28,13)(20,12)) 5
((34,8)(24,13)) 1
((15,17)(15,18)) 2
((14,17)(15,17)) 1
((15,17)(18,16)) 2
((15,16)(13,18)) 1
((13,18)(14,18)) 1
((14,18)(14,14)) 1
((18,12)(21,17)) 2
((21,12)(21,13)) 1
((21,13)(21,15)) 1
((21,15)(21,12)) 1
((21,12)(25,9)) 1
((25,9)(22,9)) 1
((22,9)(21,12)) 2
((21,12)(21,11)) 1
((21,11)(22,9)) 1
((21,12)(15,13)) 1
((15,13)(13,11)) 3
((13,11)(24,13)) 1
((24,13)(24,7)) 1
((24,7)(25,9)) 1
((24,13)(18,10)) 1
((17,19)(20,12)) 1
((15,19)(15,17)) 1
((16,14)(22,16)) 2
((22,16)(16,14)) 2
((8,8)(22,16)) 1
((16,15)(19,14)) 1
((18,16)(19,13)) 1
((15,13)(18,16)) 1
((19,16)(19,14)) 1
((17,12)(23,14)) 1
((23,14)(23,12)) 1
((23,12)(18,8)) 1
((18,8)(26,15)) 1
((26,15)(21,16)) 1
((21,16)(24,15)) 1
((24,15)(19,17)) 1
((17,12)(25,16)) 1
((21,16)(22,13)) 1
((21,16)(15,9)) 1
((13,6)(22,13)) 1
((22,13)(21,15)) 1
((22,17)(15,19)) 1
((17,19)(14,18)) 1
((16,5)(21,11)) 1
((22,16)(17,11)) 1
((17,11)(19,11)) 1
((13,14)(4,10)) 5
((4,10)(13,14)) 4
((13,15)(13,14)) 1
((6,12)(5,12)) 1
((22,9)(19,13)) 1
((19,13)(22,9)) 1
((7,18)(10,15)) 1
((10,15)(14,15)) 1
((22,20)(22,18)) 1
((19,17)(19,34)) 1
((8,8)(5,8)) 1
((5,8)(5,6)) 1
((5,6)(17,12)) 2
((17,12)(14,17)) 2
((17,12)(19,9)) 1
((20,12)(22,10)) 1
((22,10)(17,12)) 1
((20,12)(18,8)) 7
((21,16)(18,16)) 1
((18,16)(18,8)) 1
((6,11)(19,16)) 4
((19,15)(6,11)) 1
((19,16)(6,11)) 2
((19,16)(14,15)) 1
((14,15)(5,12)) 1
((13,11)(12,14)) 1
((12,14)(22,17)) 1
((21,15)(22,11)) 2
((22,11)(23,16)) 1
((23,16)(22,16)) 1
((22,16)(22,11)) 1
((22,11)(21,15)) 2
((19,17)(22,9)) 1
((22,9)(22,17)) 1
((22,17)(21,7)) 1
((20,36)(20,38)) 7
((20,38)(20,36)) 5
((21,3)(20,14)) 1
((19,18)(18,25)) 1
((18,25)(24,39)) 1
((19,18)(26,20)) 3
((11,14)(10,14)) 2
((10,14)(11,14)) 1
((14,15)(18,12)) 1
((16,1)(17,0)) 2
((17,0)(16,0)) 6
((16,0)(16,0)) 11
((16,0)(16,1)) 1
((18,12)(24,17)) 1
((24,17)(20,16)) 2
((20,16)(18,13)) 1
((18,13)(21,12)) 1
((21,0)(19,15)) 1
((19,15)(26,20)) 1
((22,17)(22,12)) 1
((22,12)(23,18)) 1
((23,18)(21,17)) 3
((21,17)(23,19)) 1
((23,19)(23,19)) 10
((23,19)(18,21)) 1
((18,21)(22,19)) 1
((22,19)(21,14)) 1
((21,14)(21,15)) 2
((21,15)(19,16)) 1
((22,19)(23,19)) 1
((26,19)(26,20)) 1
((26,20)(28,18)) 2
((28,18)(37,18)) 1
((37,18)(38,18)) 1
((26,20)(14,15)) 1
((18,8)(18,9)) 2
((18,9)(18,8)) 1
((17,16)(11,15)) 1
((11,15)(12,15)) 1
((12,15)(11,16)) 1
((11,16)(11,16)) 1
((11,16)(17,16)) 1
((19,16)(37,29)) 2
((37,29)(35,27)) 1
((35,27)(35,27)) 2
((35,27)(37,29)) 1
((21,8)(27,23)) 1
((27,23)(21,8)) 1
((21,8)(20,12)) 3
((21,17)(22,8)) 1
((20,12)(21,8)) 2
((17,12)(21,8)) 1
((21,8)(15,19)) 1
((21,17)(23,29)) 1
((21,33)(21,17)) 2
((21,33)(19,17)) 1
((22,17)(25,20)) 1
((23,29)(23,24)) 1
((22,8)(21,18)) 1
((22,19)(21,18)) 1
((21,18)(21,8)) 1
((29,27)(27,23)) 1
((27,23)(23,24)) 2
((23,24)(21,21)) 1
((21,21)(24,25)) 1
((24,25)(27,24)) 1
((27,24)(29,27)) 1
((21,17)(33,29)) 1
((33,28)(33,29)) 1
((33,29)(17,12)) 1
((20,12)(24,19)) 1
((24,19)(29,27)) 1
((29,27)(17,16)) 1
((17,16)(29,27)) 1
((29,27)(34,29)) 1
((17,16)(16,15)) 1
((11,14)(9,13)) 1
((9,13)(11,9)) 1
((11,9)(14,15)) 1
((14,15)(11,9)) 1
((11,9)(21,17)) 1
((16,12)(8,12)) 1
((17,12)(8,11)) 1
((22,20)(17,15)) 1
((17,15)(29,13)) 1
((29,13)(29,14)) 1
((29,14)(29,14)) 1
((29,14)(21,17)) 1
((28,13)(31,10)) 1
((31,10)(34,8)) 1
((34,8)(21,6)) 1
((18,14)(17,8)) 1
((17,8)(16,8)) 1
((16,8)(16,8)) 3
((16,8)(17,9)) 1
((17,9)(16,9)) 1
((16,9)(16,8)) 1
((16,8)(17,12)) 1
((13,6)(16,8)) 1
((21,16)(20,17)) 3
((26,15)(15,19)) 1
((18,16)(8,13)) 1
((11,14)(20,12)) 1
((19,14)(18,15)) 2
((18,15)(36,16)) 1
((36,16)(36,16)) 14
((36,16)(17,14)) 3
((17,14)(36,16)) 2
((36,16)(39,14)) 1
((39,14)(36,16)) 1
((33,10)(6,11)) 1
((5,11)(33,11)) 1
((33,11)(6,12)) 1
((6,11)(33,11)) 1
((33,11)(33,10)) 2
((33,10)(5,11)) 1
((6,11)(33,10)) 1
((33,10)(21,17)) 1
((21,17)(33,11)) 1
((21,16)(18,17)) 1
((18,18)(17,18)) 1
((18,8)(21,17)) 1
((21,16)(18,18)) 1
((20,17)(18,18)) 1
((18,18)(21,16)) 1
((21,16)(19,17)) 1
((32,28)(31,28)) 2
((34,19)(18,12)) 1
((21,17)(34,19)) 1
((34,19)(22,17)) 1
((19,14)(19,15)) 3
((19,15)(6,7)) 2
((6,7)(19,15)) 1
((19,13)(29,5)) 1
((29,5)(19,13)) 1
((19,13)(24,25)) 1
((21,15)(19,13)) 1
((18,13)(25,25)) 1
((25,25)(25,25)) 1
((25,25)(18,16)) 1
((32,3)(18,12)) 1
((32,3)(29,5)) 3
((29,5)(24,13)) 5
((32,3)(28,7)) 1
((19,16)(11,14)) 1
((11,14)(20,15)) 1
((20,15)(19,17)) 1
((19,17)(11,14)) 1
((6,11)(20,15)) 1
((19,16)(10,7)) 1
((23,39)(24,39)) 6
((24,39)(15,25)) 1
((15,25)(23,39)) 3
((24,39)(23,39)) 3
((19,18)(23,39)) 1
((23,39)(18,14)) 1
((18,14)(15,25)) 1
((23,39)(22,31)) 1
((22,31)(15,26)) 1
((19,17)(21,6)) 1
((17,0)(10,9)) 1
((10,9)(21,6)) 1
((21,6)(21,17)) 1
((6,11)(17,16)) 1
((17,12)(30,13)) 1
((30,13)(28,13)) 1
((22,17)(30,13)) 1
((25,23)(27,30)) 1
((24,17)(27,30)) 1
((24,17)(18,13)) 1
((21,8)(22,20)) 1
((22,20)(21,8)) 1
((22,8)(19,13)) 1
((19,13)(21,8)) 1
((21,8)(19,17)) 1
((21,17)(22,12)) 2
((20,12)(22,19)) 1
((18,15)(18,17)) 1
((18,17)(22,18)) 1
((18,16)(22,19)) 1
((17,14)(22,16)) 2
((22,16)(22,20)) 1
((22,20)(17,16)) 2
((17,15)(17,14)) 1
((17,16)(18,15)) 1
((17,16)(15,19)) 1
((15,19)(17,16)) 1
((24,15)(7,10)) 1
((7,10)(21,20)) 2
((21,20)(7,10)) 1
((7,10)(10,7)) 1
((10,7)(7,10)) 1
((21,20)(18,20)) 1
((9,11)(8,13)) 2
((24,19)(22,17)) 1
((14,15)(32,28)) 1
((17,12)(27,14)) 1
((27,14)(20,12)) 1
((20,12)(27,13)) 3
((27,13)(17,12)) 1
((27,13)(20,12)) 1
((27,13)(14,14)) 1
((14,14)(15,18)) 1
((15,18)(27,14)) 1
((14,2)(12,5)) 2
((12,5)(6,11)) 1
((6,12)(14,2)) 1
((8,13)(8,14)) 5
((13,1)(6,11)) 1
((8,14)(8,13)) 2
((13,2)(6,11)) 1
((7,14)(8,13)) 1
((7,14)(7,15)) 1
((7,15)(8,15)) 1
((14,13)(14,16)) 1
((14,16)(22,17)) 1
((24,27)(6,11)) 1
((6,11)(17,36)) 1
((17,36)(20,14)) 1
((20,14)(16,12)) 1
((16,28)(18,17)) 2
((10,9)(10,7)) 1
((10,7)(10,9)) 1
((18,17)(16,28)) 1
((16,28)(15,15)) 1
((8,13)(11,9)) 1
((11,9)(19,16)) 1
((19,16)(16,21)) 1
((15,15)(17,27)) 1
((17,27)(16,28)) 1
((15,28)(5,14)) 1
((27,15)(27,15)) 4
((27,15)(26,15)) 1
((26,15)(24,13)) 1
((19,17)(26,15)) 1
((26,15)(27,15)) 1
((27,15)(27,14)) 1
((27,14)(21,15)) 1
((21,15)(15,19)) 1
((15,19)(34,11)) 1
((34,11)(34,11)) 2
((34,11)(34,14)) 1
((34,14)(34,14)) 1
((34,23)(39,14)) 1
((39,14)(38,21)) 1
((38,21)(36,24)) 1
((36,24)(34,27)) 1
((19,17)(22,20)) 1
((22,20)(37,18)) 1
((22,1)(21,7)) 2
((20,12)(22,1)) 2
((13,14)(11,14)) 1
((11,14)(18,12)) 1
((18,12)(11,14)) 1
((15,25)(19,18)) 1
((19,18)(17,12)) 1
((18,11)(20,12)) 1
((20,12)(25,8)) 1
((25,8)(24,8)) 1
((24,8)(25,8)) 1
((25,8)(20,12)) 1
((21,17)(24,16)) 2
((24,16)(24,13)) 1
((21,16)(21,18)) 2
((21,18)(21,16)) 2
((11,12)(11,12)) 11
((11,12)(14,13)) 4
((18,12)(22,19)) 1
((22,19)(18,16)) 2
((18,16)(22,18)) 1
((22,18)(16,9)) 1
((16,9)(22,18)) 1
((22,19)(11,12)) 1
((11,12)(22,19)) 1
((24,13)(28,7)) 1
((28,7)(24,17)) 1
((24,13)(35,9)) 2
((35,9)(36,8)) 1
((36,8)(24,13)) 1
((14,2)(18,9)) 1
((18,9)(18,11)) 1
((18,12)(18,11)) 1
((18,11)(17,12)) 1
((18,11)(14,2)) 1
((20,17)(32,9)) 2
((32,9)(32,9)) 7
((32,9)(20,17)) 1
((32,9)(19,17)) 1
((20,17)(28,13)) 1
((28,13)(32,9)) 1
((32,9)(33,8)) 1
((10,9)(12,13)) 2
((12,13)(21,17)) 1
((21,17)(23,18)) 4
((23,18)(10,9)) 1
((12,13)(26,15)) 1
((26,15)(23,18)) 1
((23,18)(19,16)) 1
((19,16)(34,11)) 1
((15,15)(19,17)) 8
((24,17)(25,15)) 1
((25,15)(28,13)) 1
((28,13)(15,15)) 2
((22,19)(14,15)) 2
((21,20)(19,17)) 2
((20,12)(12,9)) 1
((12,9)(6,7)) 1
((16,28)(16,21)) 1
((19,15)(13,6)) 1
((13,14)(16,28)) 1
((19,16)(15,25)) 1
((16,28)(13,6)) 2
((13,6)(16,28)) 1
((13,6)(21,17)) 1
((14,11)(14,11)) 1
((14,11)(21,17)) 1
((22,20)(12,13)) 2
((12,13)(22,20)) 2
((14,14)(20,17)) 2
((20,17)(14,14)) 1
((19,16)(23,38)) 1
((23,38)(23,38)) 3
((23,38)(23,37)) 1
((5,8)(6,7)) 1
((6,7)(24,17)) 1
((27,23)(15,13)) 1
((15,13)(17,12)) 1
((15,15)(19,16)) 2
((19,16)(20,12)) 2
((14,15)(22,15)) 1
((35,24)(36,32)) 1
((22,17)(22,8)) 1
((22,8)(17,8)) 1
((7,18)(7,17)) 1
((7,17)(17,16)) 1
((17,16)(22,9)) 1
((22,9)(18,14)) 1
((18,14)(21,19)) 1
((22,20)(19,17)) 2
((16,0)(17,0)) 5
((21,18)(21,19)) 1
((24,15)(17,16)) 3
((17,16)(24,15)) 2
((18,9)(18,16)) 1
((19,16)(17,11)) 1
((17,12)(23,18)) 1
((14,13)(11,12)) 4
((11,12)(10,12)) 4
((10,12)(11,12)) 2
((10,12)(8,13)) 1
((15,1)(15,1)) 5
((15,1)(12,5)) 1
((12,5)(29,5)) 1
((29,5)(27,8)) 1
((27,8)(18,18)) 1
((18,18)(19,18)) 1
((18,15)(17,16)) 1
((20,14)(18,10)) 1
((21,15)(24,17)) 3
((24,17)(27,17)) 1
((16,14)(33,14)) 1
((33,14)(23,16)) 1
((28,14)(19,17)) 1
((28,13)(7,18)) 1
((7,18)(28,13)) 1
((28,14)(20,12)) 1
((27,9)(24,13)) 3
((24,13)(27,9)) 3
((27,9)(27,8)) 1
((27,8)(21,15)) 1
((21,15)(19,17)) 1
((19,17)(22,18)) 2
((28,13)(27,9)) 1
((29,5)(28,7)) 4
((28,7)(29,5)) 3
((24,12)(28,7)) 3
((19,18)(20,22)) 4
((20,22)(19,18)) 2
((20,22)(20,20)) 1
((20,20)(19,18)) 1
((17,12)(19,18)) 1
((20,22)(17,12)) 1
((15,19)(18,24)) 1
((18,24)(19,18)) 1
((21,15)(17,14)) 1
((17,14)(17,15)) 1
((17,15)(18,14)) 1
((24,13)(21,15)) 1
((22,17)(18,12)) 1
((18,12)(27,13)) 1
((24,13)(23,18)) 2
((23,18)(22,17)) 1
((26,20)(35,19)) 2
((35,19)(35,19)) 7
((35,19)(30,14)) 1
((30,14)(29,13)) 1
((26,20)(34,19)) 1
((34,19)(35,19)) 1
((35,19)(34,19)) 1
((34,19)(33,19)) 1
((33,19)(24,17)) 1
((24,13)(26,12)) 1
((26,12)(29,13)) 1
((29,13)(30,14)) 1
((30,14)(31,15)) 2
((31,15)(31,15)) 4
((31,15)(29,13)) 1
((29,13)(26,12)) 2
((26,12)(28,13)) 1
((28,13)(30,14)) 1
((31,15)(32,16)) 1
((32,16)(29,13)) 1
((26,12)(24,13)) 1
((35,19)(38,21)) 1
((16,12)(17,13)) 1
((17,13)(8,8)) 1
((16,12)(21,17)) 2
((6,7)(16,12)) 2
((16,12)(6,7)) 2
((6,7)(13,14)) 1
((15,19)(13,14)) 2
((13,14)(13,9)) 1
((13,9)(6,7)) 1
((22,11)(20,12)) 1
((18,8)(17,0)) 2
((17,0)(18,8)) 1
((35,9)(32,3)) 1
((28,7)(29,7)) 2
((29,7)(28,7)) 1
((28,7)(21,15)) 1
((21,17)(24,12)) 1
((29,7)(29,5)) 1
((23,8)(24,4)) 1
((24,4)(24,4)) 6
((24,4)(21,17)) 1
((24,19)(24,4)) 1
((24,4)(24,13)) 1
((24,13)(22,11)) 2
((22,11)(23,4)) 1
((18,17)(20,14)) 1
((20,8)(21,8)) 1
((20,8)(18,9)) 2
((17,9)(18,10)) 2
((21,10)(20,8)) 1
((17,9)(20,8)) 1
((20,8)(17,9)) 1
((17,9)(18,9)) 1
((18,9)(15,9)) 1
((13,11)(13,6)) 1
((13,11)(10,9)) 1
((10,9)(13,9)) 2
((13,9)(13,11)) 1
((15,1)(21,17)) 1
((15,5)(15,5)) 16
((15,5)(16,4)) 2
((16,4)(15,5)) 2
((15,5)(14,2)) 1
((14,2)(15,5)) 1
((19,17)(18,12)) 1
((22,9)(19,9)) 1
((19,9)(19,17)) 1
((13,9)(20,12)) 1
((15,15)(28,13)) 1
((29,12)(17,12)) 1
((21,17)(16,12)) 1
((16,12)(13,9)) 1
((13,9)(11,10)) 1
((29,27)(20,36)) 2
((20,36)(19,17)) 2
((20,36)(29,27)) 1
((20,36)(22,20)) 1
((22,20)(21,20)) 3
((27,12)(29,10)) 2
((27,12)(21,16)) 3
((21,16)(21,20)) 2
((23,29)(20,12)) 1
((27,12)(16,15)) 1
((10,9)(27,12)) 1
((21,18)(16,21)) 1
((24,13)(17,21)) 3
((17,21)(17,21)) 3
((17,21)(22,17)) 1
((22,17)(22,15)) 1
((22,15)(24,13)) 2
((17,21)(21,17)) 1
((21,17)(22,15)) 1
((17,21)(22,15)) 1
((22,15)(21,17)) 1
((12,5)(17,12)) 3
((20,12)(12,5)) 2
((20,12)(10,2)) 1
((10,2)(12,5)) 1
((22,12)(24,2)) 7
((21,20)(24,17)) 2
((24,17)(21,20)) 1
((21,20)(21,21)) 1
((21,21)(21,20)) 1
((21,20)(20,14)) 1
((17,39)(15,39)) 3
((15,39)(17,39)) 2
((17,39)(21,33)) 1
((21,33)(26,24)) 1
((26,24)(22,20)) 1
((22,20)(17,39)) 1
((10,9)(6,7)) 2
((19,17)(11,9)) 1
((6,7)(15,15)) 1
((17,16)(20,17)) 1
((20,17)(22,17)) 4
((17,16)(6,12)) 1
((6,12)(22,17)) 1
((29,29)(29,29)) 1
((29,29)(29,27)) 1
((34,27)(29,30)) 1
((24,13)(25,12)) 2
((25,12)(24,17)) 2
((24,17)(25,12)) 1
((24,17)(24,12)) 1
((21,16)(16,12)) 1
((22,17)(20,18)) 1
((20,18)(37,29)) 1
((37,29)(36,32)) 2
((21,33)(22,17)) 1
((21,33)(17,38)) 1
((17,0)(17,11)) 1
((17,11)(17,0)) 1
((17,0)(21,17)) 1
((21,17)(17,0)) 1
((17,0)(23,18)) 1
((23,18)(20,12)) 1
((6,12)(16,15)) 1
((14,18)(14,15)) 1
((34,19)(20,12)) 1
((22,11)(36,32)) 1
((36,30)(37,29)) 1
((37,29)(36,30)) 1
((34,19)(36,30)) 1
((36,30)(34,30)) 1
((34,30)(34,30)) 1
((34,30)(36,32)) 1
((21,17)(22,11)) 1
((22,11)(22,17)) 1
((20,12)(33,12)) 2
((33,12)(22,17)) 1
((22,17)(33,12)) 1
((33,12)(33,11)) 2
((33,11)(33,12)) 1
((33,11)(24,13)) 1
((24,13)(8,13)) 1
((22,12)(19,13)) 1
((22,16)(24,16)) 1
((24,16)(27,14)) 1
((27,14)(22,16)) 1
((22,16)(27,14)) 1
((27,14)(28,13)) 1
((8,8)(22,14)) 2
((22,15)(22,14)) 2
((22,14)(21,15)) 1
((21,15)(8,8)) 1
((8,8)(21,15)) 1
((22,15)(18,16)) 1
((18,16)(22,14)) 1
((22,14)(8,8)) 1
((24,39)(21,20)) 1
((21,20)(24,39)) 1
((24,39)(19,14)) 3
((19,14)(24,39)) 2
((24,39)(20,33)) 1
((20,33)(20,18)) 1
((20,18)(24,39)) 1
((33,29)(29,27)) 1
((29,27)(27,21)) 1
((21,17)(19,15)) 1
((19,15)(18,13)) 1
((18,9)(14,2)) 1
((14,2)(16,4)) 3
((16,4)(17,7)) 2
((17,7)(17,9)) 2
((18,10)(31,28)) 1
((33,29)(35,31)) 2
((35,31)(33,29)) 2
((33,29)(22,31)) 2
((22,31)(18,25)) 1
((18,25)(20,16)) 1
((28,14)(28,13)) 2
((29,27)(32,28)) 1
((22,31)(19,34)) 2
((19,34)(32,28)) 1
((35,31)(26,20)) 1
((36,32)(19,13)) 1
((19,13)(34,32)) 1
((34,32)(34,32)) 1
((20,17)(21,33)) 1
((20,38)(22,18)) 1
((22,18)(23,23)) 1
((23,23)(23,23)) 1
((23,23)(36,24)) 1
((36,24)(21,33)) 1
((22,16)(17,19)) 1
((17,19)(18,18)) 2
((21,15)(22,9)) 2
((22,9)(22,13)) 1
((24,13)(29,5)) 2
((29,5)(37,18)) 1
((37,18)(32,3)) 1
((28,13)(19,16)) 2
((19,16)(28,13)) 1
((19,16)(22,19)) 1
((22,20)(28,13)) 1
((16,9)(16,10)) 2
((20,12)(22,0)) 1
((22,0)(22,0)) 3
((22,0)(21,0)) 1
((21,0)(24,13)) 1
((25,20)(14,15)) 1
((20,17)(37,18)) 1
((37,18)(34,8)) 1
((22,17)(20,14)) 1
((14,13)(11,10)) 1
((11,10)(14,13)) 1
((19,16)(16,37)) 1
((16,21)(22,20)) 1
((22,20)(16,37)) 1
((15,39)(17,36)) 1
((17,36)(21,15)) 1
((27,14)(21,17)) 1
((18,16)(10,12)) 1
((10,12)(27,13)) 1
((22,31)(24,39)) 1
((24,39)(21,15)) 3
((21,15)(24,39)) 3
((24,12)(21,15)) 1
((19,18)(22,17)) 1
((26,20)(18,16)) 1
((18,16)(26,20)) 2
((20,17)(19,13)) 1
((19,13)(18,13)) 1
((18,13)(24,17)) 1
((13,2)(19,7)) 1
((19,7)(19,17)) 1
((24,12)(21,8)) 1
((26,17)(24,16)) 2
((18,9)(28,13)) 1
((24,16)(23,12)) 1
((23,12)(21,12)) 1
((21,12)(28,13)) 1
((29,12)(24,13)) 1
((22,10)(23,8)) 1
((23,8)(23,7)) 1
((23,7)(23,7)) 1
((23,7)(24,0)) 1
((17,0)(17,2)) 1
((17,2)(17,0)) 1
((10,14)(14,15)) 1
((22,12)(23,4)) 1
((23,4)(21,12)) 1
((21,18)(29,36)) 2
((29,36)(29,36)) 7
((29,36)(21,18)) 1
((21,18)(28,34)) 1
((28,34)(19,34)) 1
((19,34)(15,19)) 1
((15,19)(18,18)) 1
((18,18)(21,18)) 1
((29,36)(15,16)) 1
((15,16)(21,18)) 1
((21,18)(19,34)) 1
((19,34)(29,36)) 1
((29,36)(24,34)) 1
((24,34)(24,34)) 1
((13,13)(15,13)) 1
((15,13)(13,13)) 1
((13,13)(16,12)) 1
((19,16)(13,13)) 2
((13,13)(19,16)) 1
((13,13)(13,12)) 1
((13,12)(13,12)) 1
((13,12)(17,12)) 1
((35,9)(36,9)) 2
((36,9)(21,1)) 1
((21,1)(17,0)) 1
((36,9)(17,0)) 1
((19,17)(36,9)) 1
((36,9)(37,10)) 1
((37,10)(37,10)) 1
((13,15)(24,13)) 3
((24,13)(25,5)) 3
((25,5)(26,3)) 2
((24,13)(13,15)) 1
((25,5)(24,8)) 1
((26,3)(13,15)) 1
((26,3)(17,15)) 1
((22,20)(28,18)) 4
((28,18)(22,20)) 3
((23,17)(22,19)) 1
((15,18)(21,12)) 1
((14,13)(15,15)) 2
((20,12)(23,24)) 1
((24,13)(23,24)) 1
((7,18)(19,17)) 1
((34,31)(33,29)) 1
((31,28)(30,28)) 1
((30,28)(29,27)) 1
((29,27)(27,24)) 1
((27,24)(27,23)) 1
((27,23)(27,21)) 1
((26,20)(25,18)) 1
((25,18)(25,18)) 2
((25,18)(24,17)) 1
((24,17)(23,16)) 1
((23,16)(23,17)) 1
((22,17)(20,16)) 1
((19,15)(18,14)) 1
((20,12)(26,8)) 1
((26,8)(26,8)) 1
((26,8)(24,13)) 1
((24,13)(8,8)) 1
((8,8)(21,17)) 1
((16,15)(26,20)) 1
((26,20)(16,15)) 1
((13,6)(17,12)) 2
((20,12)(21,16)) 1
((22,16)(13,14)) 1
((15,19)(14,18)) 1
((14,17)(12,5)) 1
((12,5)(16,14)) 1
((6,15)(6,15)) 1
((6,15)(6,11)) 1
((6,12)(14,15)) 1
((14,15)(22,17)) 1
((17,12)(5,6)) 4
((5,6)(4,7)) 4
((4,7)(4,7)) 4
((4,7)(20,11)) 1
((4,7)(20,12)) 2
((4,7)(17,12)) 1
((20,12)(5,6)) 1
((20,12)(19,13)) 2
((14,14)(21,8)) 1
((24,17)(19,17)) 1
((19,17)(16,24)) 2
((16,24)(15,25)) 1
((15,25)(34,27)) 1
((21,17)(25,17)) 2
((25,17)(19,17)) 1
((16,24)(21,17)) 1
((25,17)(25,18)) 1
((25,18)(27,23)) 1
((27,23)(18,25)) 1
((18,25)(19,16)) 1
((22,17)(16,24)) 1
((16,24)(34,27)) 1
((20,11)(18,5)) 2
((19,9)(18,12)) 1
((7,18)(18,25)) 1
((18,25)(20,25)) 1
((20,25)(26,24)) 1
((26,24)(26,22)) 1
((26,22)(26,22)) 1
((26,22)(25,22)) 1
((25,22)(26,24)) 1
((26,24)(34,23)) 1
((34,23)(26,24)) 1
((19,17)(21,16)) 1
((20,12)(8,13)) 1
((8,13)(29,17)) 1
((29,17)(29,17)) 1
((29,17)(24,17)) 1
((24,17)(6,11)) 1
((18,15)(6,11)) 1
((20,12)(15,1)) 1
((15,1)(10,9)) 1
((20,12)(29,13)) 1
((29,13)(24,13)) 1
((23,18)(24,17)) 1
((16,21)(19,34)) 1
((19,34)(19,17)) 1
((16,12)(21,1)) 1
((20,2)(20,12)) 2
((21,2)(20,2)) 1
((24,12)(14,7)) 1
((30,13)(38,21)) 1
((38,21)(24,13)) 1
((24,13)(13,6)) 1
((8,13)(15,19)) 1
((20,17)(22,18)) 1
((22,18)(22,16)) 1
((24,16)(21,17)) 1
((22,18)(19,17)) 2
((22,18)(18,17)) 1
((19,17)(22,16)) 2
((21,16)(23,20)) 1
((23,20)(22,20)) 1
((21,33)(34,23)) 1
((34,23)(28,11)) 1
((28,11)(28,11)) 1
((28,11)(21,33)) 1
((21,33)(25,34)) 3
((25,34)(21,33)) 1
((25,34)(23,29)) 1
((23,29)(24,17)) 1
((24,17)(23,37)) 1
((23,37)(21,33)) 1
((19,17)(19,13)) 1
((19,13)(20,17)) 1
((17,15)(20,12)) 1
((26,6)(24,13)) 1
((26,6)(21,19)) 1
((20,11)(26,6)) 1
((26,6)(17,12)) 1
((19,12)(26,6)) 1
((20,26)(22,27)) 2
((22,27)(22,27)) 3
((22,27)(21,18)) 1
((21,18)(20,26)) 1
((22,27)(20,26)) 2
((20,26)(22,26)) 3
((22,26)(22,26)) 3
((22,26)(22,27)) 1
((22,26)(20,26)) 1
((16,5)(14,2)) 3
((13,2)(16,4)) 1
((16,4)(16,6)) 1
((16,6)(14,2)) 1
((18,14)(29,5)) 1
((29,5)(21,15)) 2
((21,15)(29,5)) 1
((21,15)(19,18)) 1
((19,18)(21,15)) 1
((18,8)(21,15)) 1
((21,15)(18,13)) 1
((29,9)(21,16)) 1
((21,16)(18,21)) 1
((29,9)(21,17)) 1
((29,9)(14,7)) 1
((14,7)(13,7)) 1
((13,7)(20,13)) 1
((20,13)(19,13)) 1
((22,12)(18,9)) 1
((18,9)(21,12)) 1
((21,12)(15,7)) 1
((15,7)(7,18)) 1
((7,18)(22,12)) 1
((20,12)(15,7)) 1
((15,7)(21,12)) 1
((21,12)(16,4)) 1
((16,4)(21,12)) 1
((22,31)(19,18)) 1
((19,18)(21,16)) 1
((21,16)(20,36)) 1
((22,20)(21,16)) 1
((17,12)(20,11)) 1
((26,20)(18,25)) 1
((18,25)(20,17)) 1
((28,13)(19,9)) 1
((20,8)(19,5)) 1
((19,5)(19,9)) 1
((17,9)(18,11)) 1
((9,12)(21,15)) 1
((8,13)(12,14)) 2
((12,14)(8,13)) 2
((22,17)(9,11)) 1
((21,17)(21,8)) 1
((21,8)(22,6)) 2
((22,6)(21,6)) 2
((22,5)(21,17)) 1
((24,16)(22,6)) 1
((21,6)(21,12)) 1
((21,12)(21,6)) 1
((22,5)(21,8)) 1
((16,15)(22,12)) 2
((22,12)(16,15)) 3
((14,15)(22,12)) 1
((22,12)(18,16)) 1
((18,16)(22,12)) 1
((21,17)(37,22)) 1
((24,13)(17,2)) 1
((25,12)(20,12)) 1
((17,12)(20,16)) 1
((21,17)(20,22)) 1
((20,22)(20,12)) 1
((17,0)(24,13)) 1
((20,14)(15,17)) 1
((15,17)(17,12)) 1
((17,12)(17,15)) 1
((17,15)(18,17)) 1
((8,13)(7,13)) 1
((7,13)(6,12)) 1
((6,12)(9,14)) 1
((9,14)(6,12)) 1
((8,13)(10,14)) 1
((10,14)(5,11)) 1
((6,12)(4,11)) 1
((4,11)(4,11)) 1
((22,13)(24,2)) 1
((24,1)(24,2)) 1
((24,2)(20,12)) 1
((25,9)(17,12)) 1
((13,1)(14,1)) 1
((14,1)(14,1)) 1
((14,1)(13,1)) 1
((13,1)(14,2)) 1
((14,14)(12,13)) 1
((12,13)(16,15)) 1
((14,14)(10,9)) 1
((17,12)(17,0)) 1
((16,1)(17,12)) 1
((17,12)(18,17)) 1
((18,17)(18,8)) 1
((19,17)(19,19)) 1
((19,20)(20,17)) 1
((24,16)(19,16)) 1
((18,14)(20,11)) 1
((20,14)(21,11)) 1
((20,12)(25,16)) 1
((20,12)(19,20)) 1
((19,20)(22,20)) 1
((17,12)(14,2)) 1
((21,33)(18,14)) 1
((18,14)(15,13)) 1
((15,13)(16,15)) 1
((16,15)(18,14)) 1
((18,14)(20,18)) 1
((20,18)(21,33)) 1
((20,14)(18,3)) 1
((18,3)(19,11)) 1
((19,11)(20,14)) 1
((20,14)(17,4)) 1
((17,4)(18,4)) 1
((18,4)(18,8)) 1
((17,12)(19,0)) 1
((19,0)(19,0)) 1
((19,0)(17,4)) 1
((6,9)(6,11)) 1
((19,17)(21,4)) 2
((21,4)(22,8)) 2
((13,11)(21,4)) 1
((21,4)(15,13)) 1
((19,17)(21,10)) 1
((21,10)(21,17)) 1
((17,16)(17,14)) 1
((18,14)(19,13)) 2
((20,11)(21,10)) 1
((22,11)(24,9)) 1
((24,9)(24,8)) 1
((18,17)(18,19)) 1
((21,10)(21,1)) 1
((20,12)(15,13)) 1
((16,13)(15,14)) 1
((15,14)(15,13)) 1
((16,15)(25,13)) 1
((25,13)(20,12)) 1
((20,12)(21,18)) 1
((21,17)(32,7)) 1
((32,7)(32,7)) 1
((32,7)(28,13)) 1
((28,13)(25,13)) 1
((18,14)(22,20)) 1
((22,20)(19,16)) 1
((22,8)(18,16)) 1
((22,18)(37,29)) 1
((21,11)(37,29)) 1
((21,11)(22,18)) 1
((22,18)(27,23)) 1
((10,9)(12,6)) 1
((6,11)(11,7)) 1
((11,6)(16,15)) 1
((15,15)(7,18)) 1
((21,11)(17,12)) 1
((17,12)(21,11)) 1
((21,16)(23,16)) 2
((21,20)(21,16)) 1
((13,9)(12,10)) 1
((13,9)(19,15)) 1
((19,15)(17,19)) 1
((18,28)(20,34)) 1
((20,34)(19,34)) 1
((18,35)(20,39)) 1
((22,31)(16,21)) 1
((16,21)(20,15)) 1
((20,39)(19,15)) 1
((17,12)(19,17)) 2
((19,17)(22,31)) 1
((10,9)(14,13)) 1
((13,9)(10,9)) 1
((20,28)(19,17)) 1
((19,17)(20,28)) 1
((14,26)(15,25)) 3
((15,25)(14,26)) 3
((26,20)(24,13)) 2
((36,32)(24,13)) 2
((36,32)(29,27)) 1
((29,27)(21,33)) 1
((29,27)(14,15)) 2
((14,15)(29,27)) 2
((29,27)(19,16)) 1
((17,7)(14,2)) 1
((17,7)(18,11)) 1
((18,11)(17,7)) 1
((17,7)(18,13)) 1
((20,16)(18,10)) 1
((18,10)(20,16)) 1
((21,17)(36,9)) 1
((36,8)(21,17)) 1
((5,11)(4,10)) 1
((21,17)(22,10)) 1
((22,10)(21,12)) 1
((21,20)(18,14)) 1
((18,14)(21,20)) 1
((34,27)(22,18)) 1
((24,8)(34,27)) 1
((20,15)(26,0)) 1
((26,0)(20,14)) 1
((20,14)(20,15)) 4
((20,15)(24,13)) 1
((24,13)(26,1)) 1
((26,1)(26,1)) 1
((26,1)(20,14)) 1
((20,15)(22,20)) 1
((22,12)(19,12)) 1
((32,3)(21,17)) 1
((23,17)(20,12)) 1
((26,15)(21,15)) 1
((26,15)(20,15)) 1
((20,15)(20,12)) 1
((24,13)(26,15)) 1
((26,15)(21,3)) 1
((21,3)(19,14)) 1
((18,15)(26,15)) 1
((24,12)(26,11)) 1
((21,17)(18,12)) 1
((18,12)(22,16)) 1
((17,11)(22,8)) 1
((26,16)(24,16)) 1
((24,16)(23,13)) 1
((23,13)(26,15)) 1
((26,15)(23,21)) 1
((23,21)(18,35)) 1
((18,35)(25,16)) 1
((16,15)(21,16)) 1
((21,15)(16,15)) 1
((16,15)(16,9)) 2
((16,9)(16,15)) 2
((16,10)(7,18)) 1
((6,11)(24,17)) 1
((15,18)(24,17)) 2
((26,20)(37,18)) 3
((37,18)(14,17)) 1
((14,17)(37,18)) 1
((37,18)(18,16)) 2
((18,16)(24,17)) 1
((24,17)(37,18)) 1
((24,17)(18,16)) 1
((19,13)(18,14)) 1
((21,3)(18,16)) 1
((20,22)(20,14)) 1
((22,12)(21,16)) 1
((20,21)(19,21)) 2
((19,21)(18,20)) 1
((19,9)(20,24)) 1
((20,24)(19,21)) 1
((19,21)(18,19)) 1
((18,19)(18,16)) 1
((21,17)(20,21)) 2
((21,17)(20,29)) 1
((20,28)(22,31)) 1
((22,31)(15,25)) 1
((15,25)(19,16)) 1
((20,12)(27,14)) 1
((27,14)(35,9)) 1
((35,9)(37,21)) 1
((37,21)(27,23)) 1
((27,23)(26,20)) 1
((22,20)(21,15)) 1
((21,3)(20,17)) 1
((21,17)(21,0)) 1
((14,16)(36,8)) 1
((26,15)(4,10)) 1
((4,10)(15,15)) 3
((21,17)(27,12)) 1
((24,12)(27,12)) 1
((27,12)(25,13)) 1
((25,13)(27,12)) 1
((22,17)(25,19)) 1
((25,19)(26,20)) 1
((34,27)(38,30)) 1
((38,30)(18,12)) 1
((18,13)(37,29)) 1
((20,12)(35,7)) 2
((34,6)(35,9)) 1
((35,9)(34,6)) 1
((34,6)(20,12)) 1
((25,9)(17,16)) 1
((6,11)(5,12)) 1
((6,11)(20,20)) 2
((20,20)(6,11)) 2
((20,11)(22,12)) 1
((20,12)(24,2)) 1
((22,12)(20,11)) 1
((20,11)(14,15)) 1
((15,15)(4,10)) 3
((21,17)(19,11)) 1
((19,11)(21,17)) 1
((21,17)(35,27)) 1
((35,27)(21,17)) 1
((27,24)(18,12)) 1
((18,12)(27,24)) 1
((18,20)(21,20)) 1
((22,20)(18,24)) 1
((18,24)(19,17)) 1
((24,25)(21,17)) 1
((20,21)(20,12)) 1
((20,14)(12,5)) 1
((12,5)(20,11)) 1
((16,10)(20,14)) 1
((16,9)(20,14)) 1
((16,9)(15,3)) 1
((19,16)(20,18)) 1
((20,18)(14,14)) 1
((15,15)(26,20)) 1
((22,13)(22,14)) 1
((22,14)(21,17)) 1
((28,13)(24,12)) 2
((21,19)(24,27)) 1
((13,14)(16,15)) 1
((14,14)(21,17)) 1
((22,19)(21,19)) 1
((21,19)(20,11)) 1
((24,17)(25,22)) 1
((14,15)(13,15)) 1
((13,15)(22,20)) 1
((22,20)(25,23)) 4
((27,10)(20,12)) 1
((23,9)(22,12)) 1
((20,12)(8,8)) 2
((19,17)(24,17)) 1
((25,23)(18,16)) 1
((22,17)(25,23)) 1
((22,20)(20,17)) 1
((20,17)(22,20)) 1
((25,23)(21,17)) 1
((20,12)(19,10)) 1
((19,10)(20,9)) 1
((20,9)(21,17)) 1
((24,25)(24,27)) 1
((20,12)(24,32)) 1
((21,17)(17,19)) 1
((29,12)(20,12)) 1
((19,18)(22,12)) 1
((21,12)(19,17)) 1
((22,31)(16,37)) 1
((23,13)(19,17)) 1
((19,17)(23,13)) 1
((15,15)(6,12)) 1
((20,16)(21,15)) 1
((21,16)(19,14)) 1
((19,14)(15,15)) 1
((15,15)(18,12)) 1
((16,19)(17,19)) 1
((18,18)(20,19)) 1
((20,19)(18,18)) 1
((16,19)(20,16)) 1
((17,15)(6,11)) 1
((32,3)(19,17)) 1
((18,13)(18,15)) 1
((19,12)(24,13)) 1
((23,14)(21,16)) 1
((12,5)(14,7)) 1
((14,7)(17,11)) 1
((17,11)(20,11)) 1
((12,5)(15,3)) 1
((8,8)(14,14)) 1
((6,11)(8,8)) 1
((11,9)(16,12)) 1
((21,17)(15,11)) 1
((15,11)(13,9)) 1
((11,9)(8,8)) 1
((21,15)(24,25)) 1
((18,7)(20,14)) 1
((20,14)(21,14)) 1
((21,17)(14,17)) 1
((21,17)(7,18)) 1
((21,8)(17,15)) 1
((17,15)(21,8)) 1
((21,8)(22,9)) 1
((22,8)(20,7)) 1
((20,7)(20,7)) 1
((20,7)(21,8)) 1
((21,8)(24,13)) 1
((15,14)(17,19)) 1
((6,7)(18,9)) 3
((19,9)(20,15)) 1
((20,14)(8,8)) 1
((18,9)(6,7)) 2
((11,14)(18,16)) 1
((19,17)(14,18)) 1
