(31,19): 0.002
(12,5): 0.005
(9,9): 0.004
(24,14): 0.001
(22,17): 0.019
(28,13): 0.004
(13,2): 0.005
(16,15): 0.015
(2,11): 0.001
(6,7): 0.003
(32,12): 0.005
(34,9): 0.001
(21,12): 0.009
(23,9): 0.001
(13,9): 0.004
(22,20): 0.004
(24,12): 0.003
(17,12): 0.037
(19,17): 0.029
(21,15): 0.009
(38,28): 0.001
(21,17): 0.072
(16,21): 0.003
(13,18): 0.001
(16,5): 0.003
(20,12): 0.068
(20,38): 0.002
(24,39): 0.004
(37,29): 0.005
(21,33): 0.004
(8,8): 0.008
(21,16): 0.013
(31,28): 0.002
(24,25): 0.003
(14,15): 0.012
(30,13): 0.001
(24,17): 0.01
(22,8): 0.004
(22,19): 0.007
(9,11): 0.001
(8,14): 0.002
(37,15): 0.001
(17,14): 0.002
(13,14): 0.007
(7,18): 0.012
(20,36): 0.007
(24,15): 0.007
(24,2): 0.001
(11,14): 0.015
(32,33): 0.001
(36,32): 0.008
(19,13): 0.002
(22,37): 0.001
(24,13): 0.028
(33,29): 0.002
(18,4): 0.001
(38,18): 0.001
(16,37): 0.002
(29,12): 0.001
(19,11): 0.001
(26,3): 0.002
(26,20): 0.006
(21,20): 0.008
(26,24): 0.002
(14,2): 0.005
(21,1): 0.007
(29,9): 0.002
(22,12): 0.012
(17,0): 0.013
(19,7): 0.001
(19,9): 0.003
(21,6): 0.002
(16,28): 0.003
(15,15): 0.018
(19,16): 0.013
(11,6): 0.001
(23,16): 0.003
(22,31): 0.009
(20,29): 0.001
(19,15): 0.002
(18,13): 0.003
(26,14): 0.003
(18,14): 0.015
(19,10): 0.002
(35,9): 0.001
(8,13): 0.008
(34,8): 0.004
(18,16): 0.017
(20,11): 0.007
(24,31): 0.001
(20,14): 0.008
(14,7): 0.002
(17,16): 0.008
(15,3): 0.002
(13,13): 0.002
(15,11): 0.002
(27,8): 0.002
(4,10): 0.005
(10,9): 0.01
(12,13): 0.004
(27,10): 0.002
(25,20): 0.004
(19,14): 0.004
(20,17): 0.01
(7,10): 0.002
(23,29): 0.003
(23,24): 0.001
(13,15): 0.003
(6,12): 0.005
(25,13): 0.001
(18,36): 0.001
(14,14): 0.011
(21,19): 0.003
(16,12): 0.007
(22,5): 0.001
(21,11): 0.002
(17,11): 0.002
(24,16): 0.003
(6,11): 0.007
(10,7): 0.001
(13,11): 0.005
(15,19): 0.003
(15,13): 0.001
(12,9): 0.001
(16,9): 0.002
(13,10): 0.002
(18,9): 0.003
(10,2): 0.001
(7,13): 0.001
(5,11): 0.001
(20,18): 0.002
(16,7): 0.001
(29,11): 0.002
(22,18): 0.005
(29,13): 0.003
(19,20): 0.001
(27,12): 0.002
(18,7): 0.003
(27,14): 0.002
(21,3): 0.004
(24,1): 0.001
(25,9): 0.002
(14,12): 0.001
(28,27): 0.001
(22,16): 0.005
(19,18): 0.007
(17,15): 0.001
(32,3): 0.003
(18,19): 0.002
(19,12): 0.004
(13,6): 0.002
(21,18): 0.005
(16,1): 0.001
(18,5): 0.005
(20,25): 0.001
(28,32): 0.001
(23,11): 0.001
(19,34): 0.001
(25,5): 0.001
(15,17): 0.001
(2,13): 0.001
(12,10): 0.002
(21,8): 0.005
(27,20): 0.001
(22,13): 0.004
(14,10): 0.002
(20,16): 0.004
(18,12): 0.002
(17,25): 0.001
(30,18): 0.001
(22,14): 0.001
(8,15): 0.001
(33,9): 0.001
(17,2): 0.001
(20,8): 0.001
(16,13): 0.001
(17,19): 0.001
(18,17): 0.004
(15,18): 0.001
(39,14): 0.001
(18,15): 0.001
(22,9): 0.001
(14,26): 0.002
(22,36): 0.001
(15,14): 0.001
(17,8): 0.002
(23,14): 0.001
(29,34): 0.001
(14,17): 0.002
(24,6): 0.001
(18,10): 0.001
(18,11): 0.002
(21,21): 0.001
(27,35): 0.001
(34,15): 0.001
(20,13): 0.001
(20,9): 0.001
(12,15): 0.001
(15,8): 0.001
(10,18): 0.001
(8,11): 0.001
(20,19): 0.001
(10,15): 0.001
(5,6): 0.001
(36,8): 0.001
(23,4): 0.001
(16,14): 0.001
(18,8): 0.002
(29,27): 0.003
(33,10): 0.001
(32,28): 0.001
(34,19): 0.002
(20,15): 0.002
(23,39): 0.001
(14,13): 0.003
(27,15): 0.001
(34,23): 0.001
(15,25): 0.001
(11,12): 0.002
(14,11): 0.001
(5,8): 0.001
(35,24): 0.001
(15,1): 0.002
(28,14): 0.001
(27,9): 0.001
(29,5): 0.003
(23,8): 0.001
(15,5): 0.001
(29,10): 0.001
(17,39): 0.001
(29,29): 0.001
(26,17): 0.001
(16,0): 0.001
(10,14): 0.001
(34,31): 0.001
(6,15): 0.001
(24,19): 0.001
(26,6): 0.001
(20,26): 0.001
(9,12): 0.001
(9,14): 0.001
(13,1): 0.001
(16,4): 0.001
(6,9): 0.001
(21,10): 0.001
(12,6): 0.001
(20,28): 0.001
(15,6): 0.001
(34,27): 0.001
(21,13): 0.001
(26,15): 0.001
(26,16): 0.001
(19,22): 0.001
(27,24): 0.001
(18,20): 0.001
(25,23): 0.001
(24,32): 0.001
(16,19): 0.001
(14,18): 0.001
