(31,19): 0.001
(22,16): 0.004
(9,9): 0.004
(15,15): 0.016
(22,17): 0.027
(36,9): 0.004
(13,2): 0.004
(21,34): 0.002
(4,10): 0.006
(8,5): 0.001
(32,12): 0.005
(35,9): 0.003
(20,12): 0.058
(23,9): 0.001
(7,18): 0.009
(20,15): 0.001
(24,12): 0.008
(10,2): 0.004
(19,17): 0.029
(21,15): 0.007
(38,28): 0.001
(7,11): 0.003
(15,25): 0.004
(16,5): 0.003
(17,12): 0.024
(20,36): 0.012
(24,39): 0.004
(21,17): 0.057
(21,33): 0.006
(8,8): 0.004
(13,9): 0.004
(31,28): 0.002
(19,18): 0.003
(14,15): 0.012
(30,13): 0.003
(24,17): 0.016
(22,8): 0.004
(9,11): 0.003
(8,14): 0.002
(38,14): 0.001
(18,12): 0.005
(13,14): 0.003
(33,14): 0.002
(27,12): 0.004
(13,6): 0.004
(12,5): 0.002
(24,3): 0.001
(11,14): 0.009
(32,33): 0.002
(36,30): 0.002
(19,13): 0.002
(22,37): 0.001
(24,13): 0.04
(22,14): 0.002
(33,29): 0.002
(17,5): 0.001
(23,17): 0.002
(21,20): 0.008
(16,37): 0.006
(29,12): 0.001
(19,11): 0.004
(26,3): 0.002
(21,12): 0.006
(24,27): 0.004
(26,24): 0.002
(6,11): 0.01
(21,1): 0.005
(29,9): 0.001
(17,1): 0.003
(19,7): 0.003
(19,9): 0.004
(22,6): 0.002
(15,28): 0.001
(24,16): 0.002
(11,7): 0.003
(23,16): 0.002
(20,39): 0.003
(20,29): 0.004
(17,13): 0.002
(34,7): 0.001
(25,23): 0.002
(20,26): 0.002
(23,11): 0.002
(17,16): 0.01
(16,12): 0.006
(26,14): 0.003
(18,6): 0.001
(9,8): 0.002
(21,19): 0.005
(3,10): 0.002
(15,39): 0.002
(16,25): 0.001
(18,3): 0.001
(19,16): 0.008
(18,16): 0.013
(14,14): 0.005
(9,12): 0.004
(29,3): 0.002
(6,12): 0.006
(8,13): 0.016
(16,14): 0.002
(15,3): 0.004
(13,13): 0.003
(15,11): 0.004
(3,11): 0.002
(11,9): 0.002
(36,29): 0.002
(22,20): 0.008
(26,15): 0.004
(34,29): 0.001
(21,16): 0.005
(14,17): 0.002
(22,31): 0.003
(21,3): 0.008
(20,11): 0.005
(25,16): 0.004
(18,14): 0.003
(21,18): 0.002
(14,10): 0.001
(21,10): 0.001
(34,27): 0.003
(20,13): 0.001
(26,20): 0.006
(5,14): 0.002
(22,18): 0.002
(18,19): 0.003
(10,9): 0.005
(10,14): 0.003
(20,9): 0.001
(6,7): 0.007
(36,32): 0.002
(18,15): 0.001
(16,7): 0.001
(28,13): 0.005
(23,10): 0.001
(12,14): 0.002
(25,15): 0.001
(17,25): 0.004
(20,20): 0.001
(33,12): 0.003
(20,14): 0.005
(26,11): 0.002
(18,5): 0.002
(23,8): 0.002
(19,21): 0.002
(17,0): 0.011
(38,30): 0.002
(34,6): 0.001
(25,9): 0.003
(27,24): 0.002
(20,17): 0.003
(16,28): 0.002
(24,25): 0.002
(19,15): 0.001
(25,22): 0.001
(22,30): 0.002
(18,18): 0.001
(16,19): 0.001
(23,18): 0.004
(19,12): 0.005
(14,2): 0.004
(18,7): 0.005
(22,24): 0.001
(16,1): 0.002
(26,6): 0.002
(26,16): 0.001
(14,18): 0.001
(19,1): 0.001
(34,31): 0.001
(5,11): 0.005
(18,9): 0.005
(17,36): 0.002
(18,35): 0.001
(27,14): 0.002
(16,21): 0.003
(28,14): 0.002
(24,10): 0.001
(28,7): 0.002
(24,9): 0.001
(22,23): 0.001
(36,8): 0.001
(17,27): 0.001
(13,11): 0.002
(11,13): 0.001
(3,13): 0.001
(24,15): 0.003
(27,20): 0.001
(22,13): 0.002
(18,22): 0.002
(18,13): 0.002
(29,13): 0.001
(23,24): 0.003
(31,13): 0.001
(8,15): 0.002
(17,14): 0.003
(32,16): 0.001
(34,8): 0.003
(20,21): 0.001
(16,9): 0.001
(17,19): 0.002
(26,12): 0.001
(18,17): 0.002
(17,2): 0.001
(20,18): 0.002
(15,18): 0.001
(27,30): 0.001
(27,21): 0.001
(17,7): 0.001
(20,34): 0.001
(23,14): 0.001
(24,31): 0.001
(37,29): 0.003
(6,10): 0.002
(18,4): 0.001
(20,16): 0.002
(22,12): 0.005
(19,37): 0.001
(15,17): 0.001
(28,2): 0.001
(25,10): 0.001
(19,27): 0.001
(26,35): 0.001
(40,18): 0.001
(22,9): 0.002
(24,6): 0.001
(18,10): 0.002
(15,19): 0.008
(22,5): 0.001
(29,34): 0.001
(18,26): 0.001
(10,3): 0.001
(16,38): 0.001
(23,2): 0.001
(35,20): 0.001
(22,19): 0.002
(11,15): 0.001
(15,8): 0.001
(17,15): 0.002
(20,28): 0.001
(11,6): 0.001
(33,8): 0.002
(24,22): 0.001
(21,8): 0.005
(28,34): 0.001
(23,29): 0.001
(26,19): 0.001
(23,12): 0.001
(30,28): 0.001
(16,16): 0.001
(18,8): 0.004
(23,19): 0.001
(29,27): 0.001
(33,28): 0.001
(16,8): 0.001
(33,10): 0.001
(34,19): 0.001
(10,7): 0.001
(18,20): 0.001
(32,28): 0.001
(34,14): 0.001
(37,18): 0.002
(20,38): 0.002
(34,11): 0.001
(16,15): 0.001
(23,37): 0.001
(22,15): 0.001
(17,8): 0.001
(10,12): 0.001
(27,9): 0.001
(37,21): 0.001
(29,5): 0.002
(23,4): 0.001
(15,9): 0.001
(15,5): 0.001
(11,10): 0.001
(12,6): 0.001
(24,2): 0.001
(29,30): 0.001
(17,38): 0.001
(19,14): 0.002
(34,32): 0.001
(21,0): 0.001
(24,0): 0.001
(24,34): 0.001
(37,10): 0.001
(8,18): 0.001
(20,2): 0.001
(25,34): 0.001
(22,26): 0.001
(16,0): 0.001
(37,22): 0.001
(4,11): 0.001
(17,4): 0.001
(15,13): 0.001
(25,13): 0.001
(14,26): 0.001
(33,27): 0.001
(35,7): 0.001
