(19,10): 0.003
(7,18): 0.015
(15,15): 0.026
(19,16): 0.006
(20,12): 0.06
(16,37): 0.005
(6,12): 0.004
(13,11): 0.008
(15,13): 0.004
(10,9): 0.013
(17,12): 0.037
(11,6): 0.003
(16,15): 0.013
(21,17): 0.06
(13,9): 0.006
(21,39): 0.001
(22,17): 0.024
(20,11): 0.005
(21,15): 0.013
(18,13): 0.007
(19,17): 0.029
(20,28): 0.002
(15,25): 0.004
(20,18): 0.004
(21,16): 0.014
(6,7): 0.002
(17,19): 0.002
(29,27): 0.005
(15,6): 0.001
(20,17): 0.007
(15,9): 0.001
(18,14): 0.011
(20,36): 0.013
(22,18): 0.003
(22,12): 0.008
(32,3): 0.004
(21,20): 0.003
(18,20): 0.002
(24,13): 0.025
(20,38): 0.001
(27,12): 0.002
(21,0): 0.003
(37,29): 0.006
(13,15): 0.005
(21,3): 0.006
(21,12): 0.005
(17,0): 0.012
(36,30): 0.001
(9,12): 0.001
(18,16): 0.016
(37,21): 0.001
(13,18): 0.001
(18,17): 0.003
(19,11): 0.004
(27,24): 0.001
(18,24): 0.001
(20,21): 0.003
(16,28): 0.003
(25,4): 0.001
(18,12): 0.005
(20,16): 0.003
(22,19): 0.005
(27,10): 0.003
(8,8): 0.006
(22,13): 0.004
(28,21): 0.002
(32,28): 0.001
(19,15): 0.003
(23,10): 0.001
(24,16): 0.005
(14,15): 0.015
(17,15): 0.002
(19,37): 0.001
(22,9): 0.004
(8,6): 0.001
(12,5): 0.005
(19,13): 0.005
(14,2): 0.003
(5,14): 0.001
(21,8): 0.003
(14,14): 0.009
(6,11): 0.009
(18,19): 0.001
(15,19): 0.001
(26,20): 0.007
(16,1): 0.002
(13,14): 0.002
(14,13): 0.003
(21,18): 0.003
(12,13): 0.002
(20,15): 0.002
(18,5): 0.004
(20,2): 0.001
(21,10): 0.004
(24,17): 0.006
(34,32): 0.001
(12,15): 0.003
(23,11): 0.001
(21,1): 0.009
(23,14): 0.002
(24,12): 0.007
(21,7): 0.001
(24,39): 0.005
(17,13): 0.001
(9,11): 0.002
(16,12): 0.008
(8,10): 0.001
(19,9): 0.003
(22,8): 0.003
(4,10): 0.004
(13,2): 0.002
(12,14): 0.003
(22,16): 0.006
(20,14): 0.004
(21,6): 0.003
(19,28): 0.002
(11,14): 0.003
(13,6): 0.003
(22,14): 0.003
(24,15): 0.006
(25,13): 0.005
(24,19): 0.003
(34,19): 0.002
(23,24): 0.002
(23,8): 0.001
(16,5): 0.001
(8,15): 0.001
(33,9): 0.001
(5,6): 0.002
(38,18): 0.001
(23,29): 0.003
(18,35): 0.002
(11,5): 0.001
(17,2): 0.001
(7,7): 0.002
(36,8): 0.002
(23,39): 0.001
(34,31): 0.001
(18,15): 0.003
(20,33): 0.001
(19,18): 0.005
(5,11): 0.001
(8,13): 0.009
(10,7): 0.003
(6,9): 0.002
(16,24): 0.001
(38,29): 0.001
(36,32): 0.005
(7,10): 0.001
(17,16): 0.008
(24,27): 0.002
(33,19): 0.002
(24,8): 0.003
(20,29): 0.002
(20,8): 0.002
(9,13): 0.002
(14,7): 0.002
(28,13): 0.004
(11,4): 0.001
(21,21): 0.001
(25,34): 0.001
(15,39): 0.001
(40,18): 0.001
(10,3): 0.002
(16,38): 0.001
(17,7): 0.002
(13,13): 0.001
(21,33): 0.007
(27,8): 0.001
(31,19): 0.001
(27,14): 0.002
(10,14): 0.002
(16,11): 0.001
(15,11): 0.002
(18,9): 0.003
(8,11): 0.001
(7,6): 0.001
(15,12): 0.002
(21,11): 0.001
(20,4): 0.001
(17,9): 0.001
(35,9): 0.002
(20,37): 0.001
(31,28): 0.002
(35,8): 0.001
(21,19): 0.004
(20,13): 0.003
(17,11): 0.004
(38,28): 0.001
(28,34): 0.001
(18,8): 0.002
(22,20): 0.003
(12,4): 0.001
(24,10): 0.001
(6,8): 0.001
(23,17): 0.001
(33,29): 0.001
(27,9): 0.001
(18,23): 0.001
(23,6): 0.001
(28,14): 0.001
(34,8): 0.001
(28,18): 0.001
(32,12): 0.001
(18,22): 0.001
(14,12): 0.002
(16,21): 0.002
(11,12): 0.001
(23,16): 0.003
(26,12): 0.001
(15,0): 0.001
(16,4): 0.003
(28,12): 0.001
(24,2): 0.001
(17,39): 0.001
(14,8): 0.001
(22,31): 0.003
(34,27): 0.001
(26,24): 0.002
(25,14): 0.002
(21,14): 0.002
(29,12): 0.001
(24,21): 0.001
(26,3): 0.001
(17,14): 0.001
(21,4): 0.001
(22,5): 0.001
(18,7): 0.001
(39,14): 0.001
(23,13): 0.002
(19,0): 0.001
(9,15): 0.001
(16,6): 0.001
(29,13): 0.001
(26,11): 0.001
(16,14): 0.001
(19,21): 0.001
(25,9): 0.001
(22,11): 0.001
(27,21): 0.002
(26,23): 0.001
(20,23): 0.001
(25,23): 0.001
(23,19): 0.001
(22,30): 0.001
(26,25): 0.001
(21,9): 0.001
(19,7): 0.001
(14,18): 0.002
(17,17): 0.001
(19,36): 0.001
(20,9): 0.001
(18,26): 0.001
(15,16): 0.001
(25,16): 0.001
(29,30): 0.001
(22,22): 0.002
(10,12): 0.001
(22,10): 0.001
(26,14): 0.001
(18,6): 0.001
(39,13): 0.001
(23,15): 0.001
(30,13): 0.001
(15,14): 0.001
(19,14): 0.001
(12,12): 0.001
(24,25): 0.001
(12,10): 0.001
(17,18): 0.001
(27,20): 0.001
(18,4): 0.001
(34,23): 0.001
(16,0): 0.001
(9,8): 0.001
(34,9): 0.001
