(19,10): 0.002
(7,18): 0.012
(24,17): 0.01
(18,16): 0.009
(17,0): 0.011
(20,12): 0.046
(17,12): 0.036
(12,14): 0.002
(24,13): 0.033
(19,17): 0.037
(14,15): 0.016
(21,10): 0.003
(11,6): 0.003
(6,11): 0.014
(6,7): 0.005
(23,16): 0.003
(13,10): 0.001
(26,20): 0.011
(21,39): 0.002
(22,17): 0.021
(22,16): 0.003
(21,3): 0.005
(18,13): 0.004
(21,18): 0.003
(10,9): 0.011
(17,36): 0.002
(14,26): 0.002
(14,7): 0.001
(21,20): 0.008
(19,9): 0.002
(19,14): 0.002
(7,7): 0.001
(21,17): 0.07
(15,17): 0.001
(29,27): 0.002
(15,8): 0.002
(9,10): 0.001
(22,20): 0.005
(13,13): 0.003
(20,36): 0.015
(22,18): 0.001
(34,27): 0.002
(16,12): 0.005
(13,11): 0.004
(33,8): 0.001
(7,10): 0.002
(25,16): 0.001
(24,14): 0.001
(17,15): 0.004
(32,3): 0.007
(39,14): 0.001
(24,12): 0.003
(11,14): 0.002
(21,12): 0.008
(19,21): 0.002
(20,29): 0.003
(27,12): 0.005
(22,12): 0.003
(37,29): 0.007
(9,12): 0.006
(19,16): 0.005
(18,9): 0.007
(25,9): 0.002
(21,1): 0.007
(15,15): 0.01
(35,27): 0.001
(27,24): 0.003
(18,20): 0.003
(26,6): 0.002
(16,28): 0.004
(34,7): 0.001
(27,13): 0.001
(25,5): 0.001
(21,19): 0.005
(25,23): 0.002
(8,8): 0.009
(18,10): 0.003
(22,9): 0.005
(16,37): 0.007
(23,10): 0.001
(26,25): 0.001
(24,7): 0.003
(18,3): 0.001
(23,23): 0.003
(17,25): 0.001
(8,6): 0.001
(19,18): 0.003
(12,5): 0.004
(19,12): 0.002
(14,2): 0.008
(18,7): 0.003
(24,8): 0.001
(20,7): 0.001
(14,14): 0.004
(9,8): 0.004
(18,14): 0.003
(6,10): 0.002
(18,26): 0.001
(15,19): 0.001
(24,19): 0.003
(15,13): 0.001
(22,14): 0.002
(20,14): 0.003
(25,8): 0.002
(26,16): 0.003
(19,37): 0.001
(20,2): 0.003
(21,0): 0.002
(20,26): 0.001
(36,24): 0.001
(9,14): 0.001
(23,11): 0.001
(27,14): 0.002
(21,7): 0.002
(24,39): 0.003
(18,6): 0.002
(28,13): 0.008
(9,11): 0.003
(21,16): 0.009
(16,19): 0.001
(24,16): 0.005
(36,8): 0.002
(22,8): 0.004
(18,17): 0.003
(28,7): 0.001
(30,13): 0.004
(22,23): 0.001
(4,10): 0.002
(13,2): 0.003
(15,14): 0.002
(12,12): 0.002
(18,22): 0.001
(19,28): 0.001
(7,4): 0.001
(25,21): 0.002
(27,20): 0.002
(26,0): 0.003
(28,5): 0.001
(35,9): 0.002
(20,17): 0.004
(23,8): 0.002
(3,10): 0.001
(16,5): 0.003
(10,14): 0.002
(19,1): 0.001
(32,14): 0.001
(23,18): 0.002
(18,12): 0.009
(37,18): 0.002
(24,10): 0.002
(22,13): 0.002
(16,9): 0.002
(34,8): 0.002
(20,21): 0.002
(23,29): 0.004
(17,19): 0.003
(6,12): 0.003
(17,2): 0.001
(11,10): 0.002
(34,23): 0.002
(17,3): 0.001
(35,31): 0.002
(18,25): 0.002
(16,24): 0.003
(15,26): 0.001
(19,19): 0.001
(18,11): 0.002
(5,11): 0.001
(10,7): 0.002
(6,8): 0.002
(24,31): 0.001
(36,32): 0.004
(9,13): 0.002
(18,4): 0.003
(18,15): 0.001
(17,16): 0.005
(7,17): 0.002
(28,19): 0.001
(21,31): 0.001
(34,19): 0.003
(26,2): 0.001
(10,13): 0.001
(32,12): 0.002
(24,6): 0.001
(19,11): 0.003
(10,4): 0.001
(5,12): 0.002
(29,34): 0.001
(18,38): 0.001
(22,19): 0.004
(10,2): 0.001
(19,34): 0.001
(15,3): 0.001
(29,11): 0.001
(27,8): 0.001
(12,15): 0.002
(26,15): 0.002
(13,14): 0.002
(16,29): 0.001
(16,13): 0.001
(7,9): 0.001
(14,17): 0.002
(18,5): 0.003
(21,11): 0.002
(21,34): 0.002
(15,25): 0.004
(28,18): 0.001
(16,10): 0.001
(8,13): 0.004
(20,4): 0.001
(34,9): 0.001
(23,9): 0.001
(13,6): 0.007
(26,24): 0.003
(17,13): 0.002
(21,8): 0.002
(27,30): 0.001
(18,19): 0.001
(18,8): 0.002
(38,28): 0.001
(23,4): 0.003
(30,28): 0.001
(22,11): 0.001
(16,16): 0.001
(28,34): 0.001
(19,6): 0.001
(22,31): 0.003
(9,9): 0.001
(25,22): 0.001
(21,15): 0.004
(16,15): 0.006
(17,1): 0.002
(16,1): 0.002
(23,17): 0.001
(27,10): 0.002
(21,33): 0.003
(34,28): 0.001
(27,9): 0.002
(11,9): 0.001
(25,13): 0.001
(24,27): 0.001
(29,5): 0.002
(31,28): 0.001
(25,25): 0.001
(19,13): 0.001
(7,14): 0.001
(24,18): 0.001
(30,17): 0.001
(11,12): 0.001
(38,21): 0.001
(20,38): 0.002
(18,24): 0.001
(16,21): 0.003
(36,15): 0.001
(17,22): 0.001
(14,13): 0.003
(10,12): 0.001
(20,16): 0.001
(33,14): 0.001
(17,14): 0.002
(15,0): 0.001
(15,5): 0.001
(13,9): 0.003
(12,6): 0.001
(24,2): 0.001
(29,8): 0.001
(17,39): 0.001
(6,13): 0.001
(32,33): 0.001
(32,10): 0.001
(33,29): 0.001
(18,35): 0.002
(17,5): 0.001
(20,19): 0.001
(14,12): 0.001
(29,36): 0.001
(36,12): 0.001
(5,6): 0.001
(21,6): 0.002
(30,14): 0.001
(20,8): 0.001
(14,18): 0.001
(16,36): 0.001
(17,7): 0.002
(20,13): 0.001
(11,8): 0.002
(36,16): 0.001
(26,11): 0.001
(22,1): 0.001
(10,15): 0.001
(27,25): 0.001
(27,23): 0.001
(21,9): 0.001
(22,24): 0.002
(24,25): 0.001
(23,12): 0.001
(17,17): 0.001
(20,9): 0.001
(15,18): 0.001
(12,13): 0.001
(11,15): 0.001
(27,15): 0.001
(28,14): 0.001
(17,20): 0.001
(13,18): 0.001
(36,9): 0.001
(8,18): 0.001
(23,13): 0.001
(22,22): 0.001
(20,25): 0.001
(23,20): 0.001
(20,39): 0.001
(4,9): 0.001
(19,15): 0.001
