(21,17): 0.037
(32,12): 0.003
(24,17): 0.01
(22,19): 0.008
(20,36): 0.011
(16,15): 0.011
(21,6): 0.003
(17,19): 0.001
(21,1): 0.011
(30,13): 0.005
(17,0): 0.024
(20,1): 0.003
(7,18): 0.012
(20,38): 0.003
(18,12): 0.002
(20,12): 0.05
(22,17): 0.017
(20,29): 0.002
(10,8): 0.002
(14,13): 0.006
(20,11): 0.004
(16,9): 0.001
(24,19): 0.002
(17,14): 0.002
(21,8): 0.003
(22,8): 0.001
(20,18): 0.005
(18,8): 0.004
(23,37): 0.001
(33,10): 0.002
(15,15): 0.02
(16,21): 0.004
(22,9): 0.01
(16,12): 0.015
(27,15): 0.001
(6,7): 0.001
(17,12): 0.035
(10,12): 0.004
(17,15): 0.003
(13,1): 0.001
(31,22): 0.002
(15,19): 0.004
(22,12): 0.013
(22,20): 0.009
(37,15): 0.001
(10,7): 0.006
(24,13): 0.033
(34,19): 0.004
(21,33): 0.015
(16,28): 0.003
(34,8): 0.003
(19,16): 0.009
(20,17): 0.013
(24,12): 0.006
(38,28): 0.004
(24,14): 0.001
(27,24): 0.001
(15,3): 0.002
(17,16): 0.005
(19,14): 0.007
(14,15): 0.008
(19,17): 0.016
(15,11): 0.006
(21,16): 0.009
(36,8): 0.003
(10,16): 0.004
(15,28): 0.004
(24,25): 0.004
(11,14): 0.008
(6,10): 0.006
(24,39): 0.005
(22,16): 0.009
(20,15): 0.005
(9,9): 0.001
(19,18): 0.009
(24,15): 0.005
(8,13): 0.007
(36,32): 0.002
(37,29): 0.011
(21,15): 0.009
(13,9): 0.006
(25,8): 0.001
(18,5): 0.003
(10,14): 0.004
(16,5): 0.001
(13,2): 0.003
(20,21): 0.005
(36,30): 0.001
(18,7): 0.001
(12,10): 0.007
(25,16): 0.002
(18,35): 0.002
(18,10): 0.004
(16,19): 0.004
(16,37): 0.007
(19,34): 0.002
(23,12): 0.001
(21,3): 0.004
(26,0): 0.004
(22,31): 0.01
(34,9): 0.003
(22,18): 0.002
(22,37): 0.004
(20,13): 0.001
(23,29): 0.008
(18,21): 0.002
(18,16): 0.014
(12,4): 0.003
(35,9): 0.003
(35,31): 0.003
(21,2): 0.002
(13,11): 0.006
(23,17): 0.001
(13,6): 0.007
(36,27): 0.001
(14,14): 0.004
(27,10): 0.004
(33,19): 0.001
(6,11): 0.013
(32,9): 0.004
(24,2): 0.002
(7,8): 0.001
(25,13): 0.004
(24,27): 0.001
(19,9): 0.005
(27,14): 0.002
(30,28): 0.001
(20,14): 0.004
(21,0): 0.004
(21,12): 0.013
(29,12): 0.001
(22,14): 0.004
(13,15): 0.002
(12,5): 0.004
(6,9): 0.003
(32,3): 0.002
(29,5): 0.001
(32,33): 0.004
(6,5): 0.002
(26,20): 0.002
(18,14): 0.004
(18,17): 0.003
(40,18): 0.002
(30,18): 0.001
(36,16): 0.002
(9,14): 0.001
(20,8): 0.002
(23,18): 0.001
(17,11): 0.001
(8,8): 0.002
(4,10): 0.001
(21,10): 0.003
(22,7): 0.002
(19,11): 0.001
(22,13): 0.001
(18,4): 0.002
(33,30): 0.002
(8,14): 0.001
(17,39): 0.002
(25,20): 0.004
(17,1): 0.001
(31,28): 0.003
(29,36): 0.002
(21,20): 0.007
(10,3): 0.002
(25,23): 0.001
(24,8): 0.005
(21,18): 0.001
(34,27): 0.001
(7,10): 0.002
(18,9): 0.003
(16,4): 0.002
(26,13): 0.002
(13,8): 0.002
(23,24): 0.003
(6,12): 0.001
(15,16): 0.002
(13,4): 0.002
(24,32): 0.001
(14,2): 0.003
(29,11): 0.002
(20,25): 0.001
(33,29): 0.004
(26,11): 0.003
(18,26): 0.001
(16,10): 0.001
(29,10): 0.001
(35,8): 0.001
(7,15): 0.001
(29,30): 0.002
(10,9): 0.004
(29,27): 0.001
(18,19): 0.001
(29,3): 0.002
(2,11): 0.002
(26,14): 0.002
(17,5): 0.002
(1,12): 0.002
(9,11): 0.001
(22,6): 0.002
(25,18): 0.001
(20,22): 0.002
(11,9): 0.001
(19,15): 0.001
(18,15): 0.001
(31,23): 0.002
(33,9): 0.001
(23,11): 0.004
(21,4): 0.001
(15,25): 0.001
(37,18): 0.002
(22,11): 0.002
(26,12): 0.002
(25,9): 0.001
(16,6): 0.001
(24,16): 0.002
(19,7): 0.002
(21,21): 0.001
(12,8): 0.001
(24,6): 0.001
(23,4): 0.002
(22,0): 0.001
(15,1): 0.002
(26,6): 0.001
(27,9): 0.001
(21,7): 0.001
(30,6): 0.001
(12,6): 0.001
(19,13): 0.001
(16,13): 0.001
(22,27): 0.001
(26,24): 0.001
(11,2): 0.001
(19,27): 0.001
(23,16): 0.001
(16,26): 0.001
