(35,9): 0.003
(21,17): 0.079
(18,12): 0.003
(21,3): 0.008
(17,25): 0.001
(22,16): 0.006
(15,13): 0.005
(20,22): 0.001
(14,2): 0.005
(17,12): 0.027
(21,1): 0.005
(18,25): 0.002
(17,0): 0.018
(7,18): 0.002
(21,33): 0.014
(19,16): 0.012
(18,14): 0.008
(19,15): 0.002
(24,17): 0.014
(20,14): 0.002
(24,13): 0.029
(17,18): 0.002
(7,10): 0.001
(20,17): 0.014
(18,26): 0.003
(9,9): 0.001
(33,29): 0.002
(21,9): 0.001
(13,2): 0.004
(21,20): 0.005
(10,7): 0.001
(7,8): 0.001
(29,27): 0.002
(14,15): 0.017
(8,13): 0.012
(19,17): 0.022
(20,36): 0.017
(23,8): 0.001
(11,13): 0.003
(20,12): 0.058
(17,16): 0.016
(22,17): 0.01
(6,11): 0.015
(16,37): 0.008
(18,16): 0.015
(15,7): 0.001
(33,12): 0.003
(21,8): 0.003
(34,8): 0.003
(22,14): 0.001
(6,7): 0.002
(18,11): 0.001
(22,38): 0.002
(21,19): 0.005
(4,10): 0.007
(19,14): 0.003
(22,12): 0.018
(25,20): 0.005
(22,9): 0.004
(9,14): 0.002
(17,11): 0.006
(10,6): 0.001
(13,14): 0.006
(8,11): 0.001
(16,21): 0.006
(15,15): 0.014
(26,0): 0.005
(20,26): 0.002
(9,12): 0.001
(24,18): 0.001
(22,20): 0.011
(26,6): 0.002
(20,18): 0.004
(8,8): 0.005
(26,3): 0.001
(16,12): 0.009
(11,14): 0.009
(20,20): 0.001
(15,3): 0.002
(14,13): 0.004
(13,1): 0.002
(14,17): 0.002
(24,39): 0.001
(21,15): 0.004
(30,28): 0.001
(19,18): 0.008
(20,19): 0.001
(11,9): 0.002
(13,9): 0.004
(21,11): 0.001
(7,4): 0.001
(34,10): 0.002
(16,28): 0.007
(20,39): 0.001
(18,8): 0.003
(20,11): 0.008
(30,13): 0.002
(26,20): 0.004
(26,12): 0.001
(25,8): 0.001
(15,25): 0.002
(23,11): 0.001
(2,11): 0.001
(18,10): 0.004
(36,32): 0.004
(24,12): 0.004
(29,5): 0.002
(23,19): 0.001
(22,18): 0.006
(16,5): 0.002
(15,28): 0.002
(34,27): 0.002
(12,11): 0.001
(20,21): 0.001
(23,12): 0.001
(18,7): 0.003
(10,2): 0.001
(21,10): 0.003
(17,37): 0.001
(26,17): 0.001
(34,6): 0.003
(32,3): 0.006
(18,15): 0.002
(16,15): 0.012
(9,11): 0.001
(18,9): 0.001
(6,12): 0.005
(24,3): 0.001
(22,19): 0.002
(17,14): 0.005
(25,21): 0.001
(8,14): 0.002
(20,38): 0.004
(20,16): 0.005
(34,14): 0.001
(29,36): 0.001
(6,9): 0.002
(37,29): 0.004
(14,12): 0.001
(13,6): 0.004
(19,37): 0.001
(22,5): 0.002
(34,9): 0.003
(19,13): 0.003
(32,28): 0.003
(26,35): 0.001
(29,3): 0.001
(10,9): 0.005
(33,9): 0.001
(28,13): 0.004
(33,27): 0.001
(23,16): 0.002
(22,33): 0.003
(27,9): 0.001
(14,14): 0.007
(18,35): 0.001
(16,10): 0.003
(5,6): 0.004
(36,8): 0.002
(23,29): 0.002
(36,9): 0.001
(22,31): 0.008
(22,13): 0.003
(21,16): 0.011
(18,17): 0.002
(12,13): 0.002
(25,13): 0.005
(29,9): 0.001
(36,16): 0.001
(27,13): 0.001
(9,13): 0.002
(10,14): 0.004
(19,7): 0.001
(27,24): 0.001
(38,28): 0.002
(27,10): 0.002
(35,24): 0.001
(40,18): 0.001
(20,29): 0.002
(21,12): 0.008
(11,7): 0.001
(18,28): 0.002
(24,34): 0.002
(17,5): 0.001
(32,12): 0.001
(23,15): 0.002
(20,7): 0.001
(12,14): 0.003
(12,10): 0.001
(21,7): 0.001
(17,2): 0.003
(7,14): 0.003
(24,0): 0.001
(27,23): 0.001
(29,29): 0.001
(24,16): 0.003
(17,39): 0.002
(33,11): 0.003
(23,9): 0.003
(31,19): 0.001
(19,21): 0.001
(19,9): 0.002
(24,15): 0.001
(16,29): 0.001
(23,18): 0.002
(19,12): 0.001
(18,13): 0.001
(20,25): 0.001
(26,15): 0.001
(24,19): 0.002
(10,13): 0.001
(19,20): 0.001
(28,27): 0.002
(23,17): 0.001
(23,23): 0.001
(11,6): 0.003
(24,2): 0.002
(24,27): 0.001
(36,19): 0.001
(16,19): 0.001
(22,37): 0.001
(20,13): 0.001
(21,13): 0.001
(26,14): 0.001
(15,19): 0.002
(13,11): 0.001
(17,8): 0.001
(12,6): 0.001
(23,37): 0.001
(21,4): 0.001
(25,12): 0.001
(16,9): 0.001
(33,8): 0.002
(24,14): 0.001
(8,18): 0.001
(20,35): 0.001
(14,7): 0.002
(22,11): 0.001
(11,10): 0.001
(23,24): 0.001
(21,18): 0.001
(17,26): 0.001
(23,13): 0.001
(21,0): 0.001
(6,14): 0.001
(34,19): 0.001
(10,12): 0.001
(24,32): 0.001
(31,13): 0.001
(15,8): 0.001
(26,4): 0.001
(19,34): 0.001
(12,5): 0.001
(5,12): 0.001
(20,23): 0.001
