(4,2): 0.021
(4,4): 0.064
(5,5): 0.017
(6,3): 0.063
(4,3): 0.065
(5,3): 0.102
(5,2): 0.048
(5,4): 0.117
(1,4): 0.015
(2,2): 0.03
(6,5): 0.013
(3,1): 0.018
(6,4): 0.013
(6,6): 0.01
(4,1): 0.013
(4,0): 0.026
(2,3): 0.025
(4,9): 0.009
(6,2): 0.014
(3,0): 0.014
(6,0): 0.006
(9,7): 0.007
(1,3): 0.004
(5,7): 0.015
(2,0): 0.01
(3,4): 0.011
(1,2): 0.017
(5,0): 0.022
(3,3): 0.076
(6,1): 0.001
(5,1): 0.007
(7,7): 0.003
(2,1): 0.004
(7,4): 0.003
(7,3): 0.019
(2,4): 0.001
(8,0): 0.003
(4,6): 0.004
(3,2): 0.012
(8,3): 0.002
(8,4): 0.002
(6,7): 0.001
(5,6): 0.006
(8,2): 0.003
(7,9): 0.003
(5,8): 0.009
(4,7): 0.006
(8,7): 0.006
(9,4): 0.001
(7,8): 0.003
(8,8): 0.001
(4,8): 0.002
(7,1): 0.002
(8,6): 0.003
(6,9): 0.004
(4,5): 0.005
(7,2): 0.001
(5,9): 0.004
(3,6): 0.003
(9,2): 0.001
(9,8): 0.001
(3,7): 0.002
(1,1): 0.005
(7,5): 0.001
(9,5): 0.001
