(2,2): 0.025
(6,0): 0.006
(8,8): 0.002
(3,0): 0.011
(5,3): 0.097
(5,4): 0.172
(9,7): 0.004
(2,3): 0.024
(5,2): 0.023
(4,3): 0.12
(3,6): 0.003
(8,0): 0.003
(4,4): 0.068
(4,0): 0.014
(6,3): 0.063
(4,1): 0.012
(6,5): 0.018
(3,4): 0.015
(3,2): 0.01
(5,8): 0.005
(6,2): 0.008
(5,9): 0.013
(6,4): 0.019
(6,6): 0.008
(8,7): 0.01
(1,1): 0.004
(1,3): 0.006
(5,0): 0.019
(3,3): 0.044
(9,8): 0.005
(4,7): 0.004
(2,0): 0.002
(0,2): 0.001
(8,6): 0.001
(5,7): 0.011
(1,4): 0.007
(7,3): 0.012
(5,5): 0.016
(5,6): 0.005
(4,9): 0.014
(3,1): 0.009
(7,2): 0.005
(1,2): 0.015
(8,2): 0.004
(9,4): 0.001
(5,1): 0.002
(2,1): 0.004
(8,1): 0.001
(7,9): 0.001
(6,1): 0.007
(7,7): 0.003
(8,4): 0.001
(4,2): 0.017
(3,5): 0.001
(4,5): 0.006
(4,6): 0.003
(7,6): 0.004
(4,8): 0.003
(2,4): 0.001
(0,3): 0.001
(9,2): 0.004
(6,8): 0.001
(3,7): 0.001
(8,5): 0.001
