(11,15): 0.007
(3,9): 0.02
(9,8): 0.057
(6,3): 0.004
(7,7): 0.037
(11,10): 0.004
(11,9): 0.014
(13,1): 0.002
(9,7): 0.019
(6,5): 0.011
(10,6): 0.073
(7,1): 0.009
(9,6): 0.008
(13,7): 0.016
(10,19): 0.006
(11,8): 0.039
(8,6): 0.045
(12,8): 0.019
(10,13): 0.003
(12,10): 0.004
(10,8): 0.099
(16,14): 0.004
(14,6): 0.009
(18,14): 0.005
(12,4): 0.002
(7,5): 0.011
(8,0): 0.012
(6,7): 0.013
(13,17): 0.001
(10,7): 0.024
(12,6): 0.029
(12,3): 0.002
(11,18): 0.002
(12,7): 0.009
(4,4): 0.012
(3,5): 0.011
(7,9): 0.009
(7,3): 0.004
(12,12): 0.001
(7,6): 0.007
(12,0): 0.001
(11,6): 0.01
(9,17): 0.002
(8,10): 0.002
(8,19): 0.002
(15,14): 0.006
(6,4): 0.009
(8,4): 0.005
(10,5): 0.009
(17,7): 0.003
(6,6): 0.004
(3,3): 0.003
(12,15): 0.002
(5,7): 0.018
(14,16): 0.005
(10,4): 0.004
(12,16): 0.005
(10,10): 0.013
(5,4): 0.014
(8,9): 0.002
(4,6): 0.007
(14,2): 0.002
(5,3): 0.001
(2,5): 0.003
(9,4): 0.006
(11,4): 0.004
(3,6): 0.006
(18,16): 0.007
(8,7): 0.019
(9,9): 0.005
(10,14): 0.001
(17,9): 0.002
(8,5): 0.003
(13,10): 0.009
(9,5): 0.004
(6,1): 0.004
(5,1): 0.001
(6,2): 0.004
(10,0): 0.006
(15,9): 0.002
(16,1): 0.004
(8,8): 0.004
(13,4): 0.004
(2,3): 0.003
(10,9): 0.006
(9,10): 0.002
(12,1): 0.001
(2,4): 0.001
(17,4): 0.005
(11,14): 0.001
(11,2): 0.002
(15,6): 0.002
(10,1): 0.004
(16,6): 0.007
(1,6): 0.001
(13,5): 0.002
(12,19): 0.006
(10,16): 0.006
(4,5): 0.001
(19,14): 0.002
(4,7): 0.003
(14,7): 0.002
(11,5): 0.003
(1,5): 0.001
(8,14): 0.004
(7,13): 0.001
(8,2): 0.003
(17,12): 0.004
(10,18): 0.008
(17,15): 0.003
(14,4): 0.003
(14,5): 0.001
(13,3): 0.001
(14,13): 0.001
(5,6): 0.001
(11,7): 0.002
(9,2): 0.002
(9,3): 0.003
(8,1): 0.001
(11,19): 0.003
(13,6): 0.002
(13,12): 0.002
(9,18): 0.001
(13,8): 0.001
(6,0): 0.001
(10,3): 0.001
