(10,8): 0.122
(10,19): 0.004
(11,8): 0.032
(7,7): 0.027
(13,12): 0.003
(12,6): 0.043
(8,5): 0.005
(3,5): 0.021
(10,6): 0.057
(11,19): 0.001
(7,1): 0.005
(13,7): 0.012
(8,2): 0.002
(10,18): 0.009
(7,9): 0.012
(18,14): 0.002
(9,9): 0.011
(18,9): 0.002
(9,8): 0.061
(9,5): 0.005
(8,9): 0.004
(10,9): 0.008
(7,12): 0.001
(8,6): 0.036
(3,6): 0.008
(11,2): 0.003
(10,0): 0.005
(12,8): 0.018
(9,6): 0.013
(13,0): 0.001
(16,16): 0.002
(16,14): 0.008
(4,7): 0.012
(15,14): 0.005
(15,6): 0.003
(11,10): 0.003
(10,1): 0.011
(14,3): 0.003
(10,16): 0.014
(14,6): 0.01
(11,6): 0.013
(11,15): 0.011
(4,4): 0.007
(9,10): 0.002
(11,5): 0.003
(13,10): 0.012
(2,5): 0.011
(8,8): 0.015
(8,0): 0.012
(14,2): 0.002
(18,16): 0.009
(10,14): 0.005
(10,7): 0.021
(17,4): 0.01
(9,7): 0.014
(9,4): 0.006
(3,3): 0.007
(11,9): 0.008
(8,10): 0.003
(5,7): 0.01
(4,6): 0.012
(8,7): 0.01
(18,4): 0.002
(11,4): 0.007
(13,5): 0.002
(16,6): 0.004
(9,17): 0.003
(8,18): 0.01
(12,1): 0.004
(8,3): 0.002
(17,9): 0.001
(12,19): 0.002
(3,9): 0.008
(16,1): 0.003
(8,1): 0.002
(13,11): 0.001
(6,2): 0.005
(12,7): 0.004
(14,9): 0.002
(10,10): 0.01
(12,12): 0.002
(18,5): 0.002
(3,7): 0.001
(4,5): 0.004
(7,5): 0.002
(12,13): 0.002
(8,4): 0.003
(6,4): 0.003
(12,10): 0.003
(11,14): 0.002
(13,6): 0.002
(7,13): 0.001
(17,3): 0.002
(11,7): 0.001
(12,17): 0.001
(9,2): 0.002
(11,12): 0.001
(7,4): 0.001
(2,6): 0.002
(6,6): 0.002
(17,13): 0.002
(14,18): 0.001
(5,3): 0.002
(12,4): 0.001
(6,7): 0.007
(16,5): 0.001
(17,16): 0.002
(10,4): 0.003
(16,12): 0.001
(13,1): 0.001
(7,6): 0.006
(5,8): 0.002
(13,8): 0.001
(12,11): 0.002
(4,2): 0.002
(11,1): 0.001
(9,3): 0.005
(6,1): 0.001
(10,11): 0.001
(6,3): 0.002
(5,4): 0.007
(12,16): 0.002
(6,5): 0.002
(15,7): 0.001
(7,19): 0.001
(16,7): 0.001
(2,7): 0.001
(12,9): 0.001
(7,2): 0.001
(9,13): 0.001
(8,14): 0.001
(5,6): 0.001
(8,13): 0.001
(19,15): 0.001
(1,5): 0.001
(14,4): 0.001
(10,3): 0.001
(3,8): 0.001
(19,10): 0.001
(10,13): 0.001
(17,11): 0.001
(9,18): 0.002
(17,5): 0.001
(19,14): 0.001
(13,17): 0.002
(17,14): 0.001
(8,12): 0.001
(14,13): 0.001
