(15,27): 0.013
(12,9): 0.012
(15,8): 0.005
(16,13): 0.048
(23,17): 0.003
(14,1): 0.001
(17,21): 0.004
(26,7): 0.004
(17,8): 0.004
(14,12): 0.03
(19,10): 0.003
(13,6): 0.007
(18,6): 0.002
(23,21): 0.004
(16,6): 0.004
(15,9): 0.053
(16,12): 0.01
(18,9): 0.038
(11,10): 0.005
(9,4): 0.007
(11,14): 0.003
(13,9): 0.031
(22,7): 0.001
(5,14): 0.01
(13,14): 0.004
(13,12): 0.021
(11,11): 0.032
(16,5): 0.004
(14,8): 0.008
(12,28): 0.007
(28,21): 0.003
(11,12): 0.001
(27,21): 0.007
(19,15): 0.006
(14,10): 0.001
(15,12): 0.016
(12,4): 0.002
(13,8): 0.001
(9,11): 0.004
(16,7): 0.006
(16,9): 0.005
(16,23): 0.007
(12,0): 0.008
(15,13): 0.013
(12,11): 0.012
(14,13): 0.013
(8,10): 0.01
(13,0): 0.012
(17,14): 0.003
(15,10): 0.004
(29,13): 0.001
(15,15): 0.007
(17,13): 0.018
(6,6): 0.006
(25,22): 0.004
(8,7): 0.002
(23,10): 0.006
(16,11): 0.011
(20,6): 0.002
(13,18): 0.002
(17,18): 0.006
(13,17): 0.001
(16,1): 0.009
(14,11): 0.006
(18,19): 0.003
(24,2): 0.006
(15,11): 0.004
(13,10): 0.004
(18,13): 0.009
(17,9): 0.014
(16,25): 0.01
(7,8): 0.003
(6,10): 0.009
(21,11): 0.001
(13,7): 0.003
(26,6): 0.007
(19,6): 0.001
(7,9): 0.003
(5,13): 0.002
(10,1): 0.004
(24,7): 0.002
(12,7): 0.004
(15,28): 0.004
(15,16): 0.008
(13,26): 0.005
(17,28): 0.001
(14,16): 0.002
(18,11): 0.005
(10,10): 0.006
(7,5): 0.002
(9,6): 0.003
(21,10): 0.003
(20,7): 0.004
(22,4): 0.002
(15,6): 0.005
(9,8): 0.007
(6,9): 0.002
(9,7): 0.004
(21,20): 0.001
(21,7): 0.001
(18,1): 0.002
(12,29): 0.002
(16,8): 0.003
(3,7): 0.002
(22,22): 0.001
(24,25): 0.002
(27,22): 0.001
(16,28): 0.003
(19,14): 0.001
(18,29): 0.003
(25,20): 0.003
(16,21): 0.002
(12,21): 0.003
(13,4): 0.001
(7,6): 0.004
(16,0): 0.003
(18,12): 0.003
(13,11): 0.004
(22,9): 0.002
(7,11): 0.002
(21,27): 0.001
(16,15): 0.006
(11,9): 0.003
(18,14): 0.002
(4,8): 0.008
(19,18): 0.002
(16,3): 0.001
(20,4): 0.001
(18,10): 0.005
(16,20): 0.002
(24,14): 0.001
(12,1): 0.003
(16,4): 0.003
(10,5): 0.003
(11,21): 0.002
(18,7): 0.002
(11,0): 0.002
(14,15): 0.001
(4,7): 0.001
(8,5): 0.001
(17,12): 0.007
(16,2): 0.005
(12,5): 0.001
(27,24): 0.002
(10,11): 0.002
(21,4): 0.001
(16,10): 0.004
(23,14): 0.001
(20,8): 0.002
(14,4): 0.003
(19,11): 0.003
(15,21): 0.002
(5,7): 0.002
(14,7): 0.004
(20,18): 0.001
(7,7): 0.002
(14,9): 0.003
(18,17): 0.001
(18,24): 0.002
(12,14): 0.001
(15,1): 0.003
(5,6): 0.001
(14,5): 0.002
(4,5): 0.002
(5,8): 0.003
(19,12): 0.002
(15,19): 0.001
(21,23): 0.001
(27,20): 0.001
(12,16): 0.003
(7,10): 0.002
(14,21): 0.001
(20,15): 0.001
(7,12): 0.001
(22,10): 0.001
(17,15): 0.001
(6,11): 0.001
(25,7): 0.001
(25,11): 0.002
(4,4): 0.001
(12,19): 0.001
(8,3): 0.001
(19,9): 0.002
(13,13): 0.001
(5,5): 0.001
(24,6): 0.001
(28,14): 0.001
(18,23): 0.001
(26,23): 0.002
(13,3): 0.003
(16,14): 0.004
(19,1): 0.001
(30,13): 0.001
(24,9): 0.003
(18,5): 0.001
(22,2): 0.001
(13,19): 0.001
(11,2): 0.003
(12,27): 0.001
(22,8): 0.001
(19,13): 0.001
(27,7): 0.001
(4,9): 0.001
(10,2): 0.001
(5,11): 0.001
(2,8): 0.001
(19,0): 0.002
(14,25): 0.002
(15,14): 0.001
(11,8): 0.001
(17,3): 0.001
(18,20): 0.002
(14,20): 0.001
(12,3): 0.002
(9,3): 0.001
(13,5): 0.001
(27,12): 0.001
(11,19): 0.003
(20,10): 0.002
(20,11): 0.001
(28,11): 0.001
(10,3): 0.001
(21,14): 0.001
(8,9): 0.001
(25,14): 0.002
(23,4): 0.001
(26,5): 0.001
(19,17): 0.001
(20,5): 0.001
(8,2): 0.002
(14,14): 0.001
(9,1): 0.001
(25,5): 0.001
(22,14): 0.001
(1,9): 0.001
(27,6): 0.001
