(15,27): 0.015
(12,9): 0.011
(24,7): 0.001
(16,13): 0.061
(16,7): 0.009
(8,6): 0.001
(11,11): 0.024
(26,7): 0.006
(17,7): 0.003
(19,9): 0.002
(9,11): 0.005
(15,17): 0.001
(17,6): 0.002
(12,0): 0.019
(17,21): 0.001
(13,9): 0.043
(9,7): 0.007
(14,14): 0.003
(15,9): 0.054
(10,5): 0.006
(11,13): 0.002
(15,8): 0.003
(23,17): 0.001
(5,14): 0.008
(13,14): 0.004
(17,13): 0.019
(14,12): 0.035
(13,8): 0.004
(16,4): 0.003
(17,9): 0.013
(19,15): 0.003
(10,11): 0.002
(15,23): 0.002
(28,21): 0.002
(5,8): 0.005
(18,9): 0.04
(16,15): 0.003
(16,12): 0.008
(12,11): 0.006
(4,8): 0.012
(13,10): 0.007
(16,23): 0.005
(14,10): 0.001
(8,10): 0.005
(13,12): 0.013
(6,9): 0.003
(29,14): 0.001
(27,6): 0.002
(27,21): 0.003
(20,7): 0.004
(16,25): 0.008
(6,6): 0.007
(25,22): 0.006
(17,10): 0.001
(8,7): 0.003
(23,10): 0.008
(21,10): 0.01
(14,13): 0.003
(17,17): 0.002
(13,28): 0.001
(18,20): 0.001
(21,20): 0.002
(16,1): 0.006
(5,13): 0.007
(15,13): 0.006
(24,2): 0.005
(17,29): 0.002
(18,8): 0.001
(13,11): 0.002
(16,6): 0.005
(17,4): 0.001
(9,4): 0.002
(7,8): 0.004
(16,0): 0.004
(20,10): 0.002
(5,10): 0.001
(11,14): 0.001
(26,6): 0.004
(28,11): 0.002
(16,14): 0.003
(13,21): 0.001
(24,6): 0.003
(15,28): 0.004
(15,12): 0.006
(11,6): 0.002
(21,13): 0.001
(18,10): 0.006
(11,5): 0.002
(7,9): 0.005
(12,12): 0.002
(6,14): 0.001
(15,16): 0.005
(28,16): 0.001
(22,4): 0.003
(15,6): 0.004
(11,10): 0.004
(3,5): 0.002
(17,28): 0.001
(14,5): 0.002
(7,2): 0.004
(18,2): 0.001
(4,5): 0.005
(8,11): 0.002
(12,29): 0.003
(15,7): 0.002
(7,6): 0.007
(22,22): 0.001
(18,13): 0.005
(24,25): 0.002
(27,24): 0.005
(25,9): 0.002
(16,28): 0.002
(13,19): 0.003
(24,14): 0.001
(14,11): 0.006
(25,20): 0.003
(14,16): 0.001
(6,10): 0.009
(13,4): 0.002
(10,10): 0.005
(12,28): 0.012
(18,29): 0.004
(16,2): 0.007
(18,12): 0.005
(22,9): 0.001
(12,1): 0.003
(7,10): 0.004
(18,26): 0.001
(27,7): 0.002
(26,21): 0.001
(20,18): 0.001
(15,14): 0.003
(13,18): 0.001
(19,18): 0.002
(15,1): 0.003
(16,3): 0.001
(21,25): 0.001
(10,1): 0.007
(20,4): 0.001
(17,20): 0.001
(18,14): 0.003
(13,0): 0.006
(19,6): 0.001
(16,9): 0.002
(11,19): 0.005
(12,22): 0.001
(7,7): 0.002
(14,15): 0.002
(13,6): 0.003
(9,8): 0.001
(12,16): 0.003
(15,10): 0.002
(8,5): 0.003
(15,29): 0.002
(12,7): 0.003
(15,11): 0.002
(23,14): 0.001
(15,15): 0.008
(22,6): 0.001
(14,4): 0.004
(15,21): 0.002
(11,12): 0.001
(20,9): 0.002
(28,22): 0.002
(26,5): 0.003
(18,7): 0.001
(24,8): 0.003
(24,21): 0.001
(25,5): 0.001
(18,6): 0.001
(18,17): 0.001
(5,6): 0.001
(12,14): 0.001
(13,7): 0.003
(14,9): 0.004
(16,10): 0.002
(15,5): 0.001
(16,18): 0.001
(14,7): 0.004
(10,2): 0.001
(19,12): 0.001
(16,24): 0.002
(15,19): 0.001
(13,5): 0.002
(21,11): 0.001
(19,11): 0.005
(12,8): 0.001
(16,17): 0.002
(3,7): 0.002
(7,11): 0.001
(10,8): 0.001
(14,21): 0.001
(18,11): 0.001
(20,15): 0.001
(19,10): 0.002
(7,12): 0.001
(12,21): 0.003
(17,18): 0.003
(2,7): 0.001
(12,4): 0.002
(6,11): 0.002
(22,11): 0.001
(24,11): 0.001
(17,14): 0.003
(4,10): 0.001
(16,5): 0.001
(7,4): 0.001
(4,9): 0.004
(26,23): 0.001
(14,8): 0.002
(12,6): 0.001
(18,24): 0.001
(6,7): 0.001
(13,3): 0.002
(14,28): 0.001
(13,20): 0.001
(18,1): 0.002
(4,7): 0.001
(24,9): 0.003
(18,15): 0.001
(18,4): 0.001
(19,0): 0.002
(21,26): 0.001
(11,2): 0.001
(12,27): 0.002
(22,8): 0.001
(17,12): 0.002
(20,6): 0.002
(15,26): 0.003
(2,8): 0.001
(19,2): 0.002
(23,9): 0.001
(18,0): 0.001
(11,8): 0.001
(17,3): 0.001
(23,21): 0.001
(14,22): 0.001
(29,10): 0.001
(25,6): 0.001
(14,25): 0.002
(13,1): 0.001
(27,11): 0.001
(16,11): 0.002
(21,14): 0.001
(12,18): 0.002
(9,10): 0.001
(26,14): 0.001
(13,16): 0.001
(10,9): 0.001
(22,27): 0.001
(19,25): 0.001
(15,20): 0.001
(22,3): 0.001
(29,13): 0.001
(21,7): 0.001
(14,6): 0.001
(11,21): 0.001
(13,26): 0.001
(20,8): 0.001
(17,22): 0.001
(22,14): 0.001
(17,8): 0.001
(18,23): 0.001
(18,5): 0.001
