(1,2): 0.02
(1,3): 0.008
(3,2): 0.01
(5,3): 0.098
(5,4): 0.139
(3,3): 0.046
(5,5): 0.029
(4,3): 0.108
(5,2): 0.032
(8,3): 0.009
(7,7): 0.004
(2,0): 0.003
(9,7): 0.011
(5,8): 0.004
(5,0): 0.017
(3,1): 0.012
(6,3): 0.046
(4,4): 0.079
(2,3): 0.027
(8,2): 0.019
(1,4): 0.014
(5,9): 0.013
(8,7): 0.007
(9,8): 0.003
(8,6): 0.002
(6,2): 0.011
(3,6): 0.004
(2,2): 0.025
(9,2): 0.005
(3,0): 0.007
(4,2): 0.027
(6,0): 0.006
(7,3): 0.01
(2,1): 0.003
(4,1): 0.007
(4,7): 0.005
(6,1): 0.005
(6,5): 0.012
(4,0): 0.023
(6,4): 0.012
(7,2): 0.003
(4,9): 0.013
(7,6): 0.006
(7,1): 0.002
(0,2): 0.002
(1,1): 0.004
(5,7): 0.006
(5,1): 0.008
(4,5): 0.005
(4,8): 0.003
(6,8): 0.003
(7,4): 0.003
(5,6): 0.004
(6,6): 0.002
(2,4): 0.001
(6,9): 0.002
(7,0): 0.001
(3,4): 0.005
(4,6): 0.001
(8,5): 0.001
(9,4): 0.001
(8,8): 0.001
(8,0): 0.001
