(6,7): 0.002
(8,3): 0.005
(5,2): 0.028
(6,2): 0.006
(5,4): 0.188
(5,3): 0.089
(4,9): 0.006
(4,4): 0.068
(4,3): 0.092
(6,3): 0.061
(5,5): 0.02
(6,1): 0.006
(2,3): 0.026
(6,4): 0.018
(2,0): 0.005
(6,5): 0.014
(5,9): 0.02
(5,8): 0.016
(1,1): 0.004
(3,3): 0.041
(4,2): 0.018
(4,8): 0.004
(9,7): 0.006
(3,4): 0.012
(2,2): 0.019
(5,7): 0.006
(7,4): 0.001
(6,0): 0.005
(3,0): 0.01
(1,4): 0.005
(7,1): 0.002
(5,0): 0.017
(8,7): 0.013
(4,0): 0.016
(1,2): 0.019
(3,2): 0.01
(4,6): 0.007
(9,4): 0.003
(6,9): 0.001
(3,1): 0.016
(3,6): 0.006
(7,3): 0.009
(1,3): 0.01
(8,8): 0.003
(5,1): 0.002
(4,5): 0.004
(8,2): 0.009
(9,2): 0.003
(4,1): 0.014
(7,0): 0.001
(6,6): 0.004
(8,6): 0.002
(9,8): 0.01
(8,5): 0.002
(4,7): 0.002
(5,6): 0.002
(2,4): 0.001
(7,5): 0.001
(3,7): 0.001
(8,1): 0.001
(6,8): 0.002
(9,6): 0.001
(2,1): 0.002
(3,5): 0.001
(7,8): 0.001
(8,4): 0.001
