(8,2): 0.003
(14,6): 0.008
(10,0): 0.01
(12,19): 0.006
(10,8): 0.081
(8,10): 0.006
(12,8): 0.007
(8,6): 0.044
(13,8): 0.001
(9,8): 0.058
(8,0): 0.021
(5,7): 0.008
(9,4): 0.01
(10,19): 0.004
(10,5): 0.012
(11,10): 0.009
(13,12): 0.005
(10,18): 0.014
(7,6): 0.007
(10,6): 0.044
(7,7): 0.032
(3,5): 0.017
(6,2): 0.007
(10,9): 0.01
(5,1): 0.005
(18,14): 0.006
(9,6): 0.007
(11,6): 0.008
(4,6): 0.017
(12,4): 0.006
(12,6): 0.041
(10,7): 0.02
(12,11): 0.005
(4,4): 0.01
(9,0): 0.001
(8,14): 0.008
(8,8): 0.008
(10,10): 0.009
(5,3): 0.003
(11,4): 0.009
(7,4): 0.004
(6,4): 0.003
(11,9): 0.007
(3,8): 0.002
(11,8): 0.023
(10,16): 0.006
(9,9): 0.007
(12,5): 0.006
(10,1): 0.008
(5,4): 0.019
(7,3): 0.001
(6,5): 0.004
(3,3): 0.003
(18,16): 0.003
(10,4): 0.006
(17,13): 0.002
(15,10): 0.001
(8,7): 0.009
(16,1): 0.004
(9,10): 0.003
(10,14): 0.002
(17,4): 0.009
(16,5): 0.001
(13,11): 0.003
(8,4): 0.005
(6,7): 0.011
(13,5): 0.003
(3,4): 0.005
(3,9): 0.014
(8,18): 0.011
(15,9): 0.003
(11,12): 0.005
(12,12): 0.003
(9,3): 0.004
(5,2): 0.001
(7,9): 0.002
(11,5): 0.005
(9,17): 0.001
(13,7): 0.003
(9,7): 0.013
(4,5): 0.006
(9,5): 0.007
(18,4): 0.003
(13,6): 0.002
(15,6): 0.004
(11,11): 0.002
(2,5): 0.006
(6,1): 0.004
(11,15): 0.004
(9,14): 0.002
(13,10): 0.006
(10,3): 0.001
(14,7): 0.002
(11,7): 0.005
(4,7): 0.004
(12,1): 0.003
(8,1): 0.004
(12,7): 0.005
(18,12): 0.002
(12,15): 0.001
(12,9): 0.003
(3,6): 0.004
(5,6): 0.003
(12,3): 0.004
(14,1): 0.002
(12,13): 0.003
(7,5): 0.002
(9,13): 0.003
(7,2): 0.002
(7,1): 0.004
(13,9): 0.002
(5,8): 0.002
(14,9): 0.001
(1,5): 0.001
(13,0): 0.003
(11,14): 0.004
(19,14): 0.001
(7,12): 0.005
(16,14): 0.002
(9,12): 0.002
(15,14): 0.001
(6,6): 0.004
(18,7): 0.001
(9,11): 0.002
(13,4): 0.002
(10,11): 0.001
(14,13): 0.001
(14,5): 0.001
(8,19): 0.002
(11,0): 0.003
(16,16): 0.001
(7,19): 0.001
(8,5): 0.001
(18,15): 0.001
(11,18): 0.001
(16,15): 0.001
(18,9): 0.001
(14,18): 0.001
(12,10): 0.002
(10,2): 0.001
(13,3): 0.003
(12,0): 0.001
(11,2): 0.001
(7,14): 0.001
(6,3): 0.002
(9,2): 0.003
(8,9): 0.004
(7,13): 0.001
(15,7): 0.001
(10,12): 0.001
(15,2): 0.001
(16,4): 0.001
(16,7): 0.001
(3,7): 0.001
(8,13): 0.001
(16,2): 0.001
(17,15): 0.001
(8,3): 0.001
(2,6): 0.001
(12,16): 0.001
(9,18): 0.001
(13,14): 0.001
(20,9): 0.001
(18,10): 0.001
(9,1): 0.001
