(8,2): 0.004
(9,8): 0.053
(10,0): 0.013
(9,9): 0.008
(8,18): 0.012
(12,19): 0.006
(12,8): 0.009
(8,6): 0.027
(14,6): 0.005
(8,0): 0.024
(5,7): 0.01
(10,8): 0.07
(10,10): 0.012
(10,19): 0.005
(10,6): 0.053
(13,10): 0.007
(3,5): 0.013
(9,3): 0.008
(10,18): 0.013
(9,6): 0.016
(7,4): 0.002
(6,7): 0.008
(2,3): 0.003
(8,12): 0.003
(5,1): 0.007
(11,4): 0.008
(3,6): 0.004
(10,1): 0.013
(10,2): 0.002
(11,8): 0.027
(10,4): 0.007
(4,6): 0.018
(11,10): 0.008
(12,3): 0.002
(12,6): 0.043
(8,14): 0.01
(12,7): 0.005
(9,5): 0.006
(9,19): 0.001
(5,3): 0.004
(7,7): 0.022
(10,16): 0.008
(9,10): 0.004
(11,6): 0.009
(2,4): 0.001
(7,3): 0.002
(3,3): 0.006
(18,16): 0.002
(4,5): 0.004
(16,13): 0.002
(15,9): 0.003
(6,5): 0.002
(13,5): 0.003
(8,5): 0.005
(9,7): 0.011
(5,4): 0.014
(16,1): 0.005
(10,11): 0.001
(10,14): 0.002
(14,4): 0.001
(19,15): 0.002
(16,12): 0.001
(10,9): 0.011
(13,12): 0.002
(7,1): 0.007
(17,3): 0.003
(12,11): 0.004
(4,4): 0.014
(3,9): 0.007
(8,9): 0.007
(11,15): 0.006
(8,8): 0.009
(7,13): 0.002
(11,11): 0.003
(6,2): 0.007
(13,3): 0.003
(12,12): 0.003
(7,6): 0.005
(14,3): 0.001
(4,8): 0.001
(7,9): 0.004
(13,8): 0.001
(9,18): 0.003
(9,2): 0.004
(11,5): 0.002
(11,0): 0.001
(13,7): 0.004
(10,3): 0.003
(8,10): 0.002
(14,7): 0.002
(6,4): 0.004
(18,4): 0.004
(4,9): 0.001
(0,12): 0.002
(15,6): 0.005
(10,7): 0.008
(8,7): 0.008
(6,1): 0.004
(6,6): 0.003
(4,7): 0.004
(9,14): 0.002
(11,9): 0.009
(12,10): 0.003
(17,4): 0.007
(1,5): 0.004
(12,1): 0.003
(16,7): 0.003
(8,1): 0.004
(8,4): 0.005
(13,6): 0.005
(13,11): 0.002
(17,15): 0.003
(8,11): 0.002
(18,7): 0.003
(3,4): 0.004
(12,16): 0.002
(12,4): 0.004
(12,5): 0.005
(10,5): 0.007
(20,9): 0.001
(16,6): 0.003
(13,0): 0.004
(3,7): 0.002
(8,19): 0.002
(9,13): 0.002
(17,10): 0.001
(11,3): 0.003
(7,5): 0.002
(7,8): 0.005
(2,5): 0.005
(2,6): 0.003
(12,13): 0.003
(16,14): 0.006
(15,11): 0.002
(2,7): 0.001
(18,14): 0.004
(13,4): 0.002
(12,9): 0.003
(9,4): 0.004
(12,0): 0.001
(5,6): 0.001
(7,2): 0.001
(16,16): 0.001
(11,18): 0.001
(16,9): 0.001
(17,13): 0.002
(11,14): 0.002
(6,10): 0.002
(19,7): 0.002
(14,2): 0.001
(7,12): 0.001
(11,12): 0.002
(4,2): 0.001
(9,0): 0.001
(15,7): 0.001
(10,13): 0.001
(18,13): 0.001
(9,17): 0.001
(15,2): 0.001
(11,7): 0.001
(6,3): 0.001
(16,5): 0.001
(18,10): 0.001
(19,10): 0.001
(1,4): 0.001
(9,12): 0.001
(13,9): 0.001
(10,17): 0.003
(18,12): 0.001
(5,5): 0.001
(14,1): 0.001
(7,19): 0.001
(17,11): 0.001
(14,5): 0.001
