(25,45): 352
(27,41): 58
(24,21): 1102
(21,15): 100
(26,21): 1406
(9,19): 2
(22,15): 1594
(20,15): 212
(27,20): 282
(18,18): 340
(28,15): 202
(22,13): 20
(25,15): 2288
(38,16): 298
(26,25): 228
(24,16): 68
(28,30): 330
(25,18): 194
(27,10): 112
(22,0): 230
(19,16): 72
(23,18): 152
(26,22): 2384
(26,15): 240
(27,39): 130
(29,36): 98
(23,24): 20
(26,20): 172
(17,17): 244
(30,16): 1622
(27,21): 268
(36,33): 4
(18,19): 454
(40,12): 138
(32,25): 150
(30,21): 202
(28,21): 104
(28,25): 104
(43,10): 76
(40,4): 134
(23,11): 24
(28,22): 650
(29,17): 44
(22,19): 24
(32,17): 16
(21,19): 160
(10,10): 40
(22,16): 228
(28,29): 4
(27,17): 120
(31,11): 12
(22,4): 4
(22,17): 68
(21,46): 66
(20,46): 168
(21,35): 116
(11,16): 166
(23,10): 168
(24,9): 44
(22,31): 2
(16,12): 300
(26,13): 46
(27,19): 254
(43,12): 94
(18,17): 120
(32,18): 34
(13,15): 38
(20,16): 120
(18,22): 28
(23,20): 568
(9,16): 4
(15,6): 50
(30,19): 16
(21,20): 332
(35,17): 184
(24,23): 30
(23,14): 42
(39,28): 14
(26,27): 20
(11,18): 40
(10,19): 112
(23,21): 130
(23,16): 84
(24,20): 34
(27,22): 186
(26,10): 18
(25,14): 192
(22,12): 46
(16,13): 114
(28,16): 118
(27,16): 56
(28,24): 86
(31,20): 44
(46,23): 2
(36,34): 50
(23,15): 156
(45,40): 16
(25,19): 140
(10,16): 14
(18,32): 2
(25,27): 16
(26,26): 36
(28,37): 2
(26,19): 74
(26,23): 126
(22,20): 216
(24,17): 36
(25,22): 96
(31,10): 32
(12,11): 104
(24,18): 182
(12,15): 16
(19,9): 12
(29,10): 12
(24,15): 6
(27,24): 18
(21,0): 376
(23,17): 68
(28,20): 32
(7,14): 234
(23,19): 36
(14,17): 366
(31,21): 4
(18,15): 24
(8,15): 40
(10,14): 4
(9,14): 14
(27,18): 52
(16,18): 100
(27,12): 142
(30,18): 160
(7,15): 66
(34,25): 56
(27,15): 18
(19,32): 90
(33,8): 16
(28,23): 76
(30,20): 4
(44,39): 22
(18,16): 14
(27,3): 16
(25,21): 260
(27,7): 22
(34,11): 36
(25,36): 6
(29,16): 8
(25,20): 100
(13,12): 110
(32,26): 10
(32,28): 2
(15,18): 4
(32,16): 8
(33,16): 34
(33,17): 2
(27,14): 66
(31,19): 16
(46,36): 58
(24,22): 266
(30,34): 24
(20,17): 8
(20,19): 354
(41,35): 40
(33,31): 18
(27,0): 8
(5,12): 110
(43,8): 34
(20,27): 52
(25,47): 206
(30,17): 18
(32,4): 6
(26,14): 28
(27,2): 194
(14,18): 20
(13,9): 22
(31,16): 18
(22,18): 94
(13,7): 2
(20,12): 80
(16,19): 30
(26,32): 8
(35,19): 16
(32,30): 16
(16,8): 42
(34,18): 42
(11,14): 34
(18,3): 2
(24,13): 20
(22,44): 2
(24,14): 6
(39,13): 6
(30,23): 56
(21,24): 8
(35,9): 6
(13,16): 6
(23,12): 106
(15,7): 68
(30,49): 150
(25,2): 2
(26,18): 14
(41,31): 14
(21,47): 106
(21,18): 52
(32,31): 4
(9,23): 28
(27,28): 28
(27,29): 4
(41,15): 10
(20,18): 8
(32,20): 28
(28,46): 14
(32,24): 6
(20,30): 8
(22,24): 18
(23,33): 24
(37,16): 24
(25,16): 18
(10,18): 4
(31,25): 2
(21,49): 2
(26,41): 54
(19,10): 14
(10,17): 12
(36,43): 2
(40,15): 74
(27,4): 230
(20,8): 58
(21,17): 4
(23,9): 96
(23,13): 62
(13,3): 12
(5,8): 6
(13,18): 4
(23,23): 2
(17,6): 4
(18,24): 4
(15,13): 8
(20,5): 10
(23,7): 14
(17,19): 38
(21,2): 24
(23,5): 54
(24,19): 4
(42,34): 66
(19,31): 8
(19,20): 4
(14,16): 8
(29,15): 54
(26,3): 4
(17,3): 48
(21,9): 16
(19,19): 22
(26,2): 8
(13,17): 16
(29,22): 20
(27,23): 4
(45,11): 28
(23,22): 6
(30,15): 8
(21,1): 2
(36,17): 150
(29,20): 8
(28,13): 4
(30,2): 44
(30,39): 6
(28,14): 48
(38,25): 10
(17,8): 2
(14,12): 22
(25,23): 8
(24,42): 10
(17,18): 8
(31,17): 4
(31,13): 14
(18,9): 12
(23,44): 12
(8,9): 12
(25,49): 2
(16,1): 24
(22,26): 36
(22,21): 10
(22,9): 2
(46,19): 4
(11,15): 4
(12,13): 4
(30,24): 34
(27,42): 10
(20,6): 26
(28,19): 4
(23,27): 2
(17,7): 2
(29,19): 10
(42,36): 6
(39,35): 4
(35,23): 16
(8,14): 8
(47,26): 2
(15,10): 56
(45,12): 20
(34,13): 20
(42,7): 10
(34,30): 18
(34,31): 6
(26,43): 6
(44,35): 6
(36,12): 6
(30,3): 14
(23,8): 4
(21,30): 4
(14,8): 4
(41,24): 10
(22,14): 26
(9,12): 2
(42,8): 14
(26,17): 6
(29,47): 6
(29,21): 2
(17,2): 14
(16,10): 2
(47,37): 4
(33,19): 2
(11,10): 8
(25,24): 28
(19,18): 4
(17,20): 2
(23,47): 20
(26,12): 10
(19,23): 4
(12,16): 2
(11,12): 4
(38,35): 6
(27,34): 2
(19,35): 26
(21,16): 18
(32,29): 6
(35,7): 10
(30,33): 4
(19,4): 2
(41,11): 22
(37,14): 6
(36,15): 16
(25,9): 2
(20,13): 8
(26,11): 2
(33,18): 2
(15,16): 2
(12,12): 2
(22,22): 4
(36,46): 4
(31,22): 4
(25,42): 2
(27,8): 2
(25,28): 2
(22,3): 8
(22,27): 12
(34,17): 10
(29,23): 2
(27,25): 2
(28,33): 6
(23,34): 20
(28,36): 38
(25,43): 2
(29,48): 4
(32,21): 14
(7,8): 4
(27,9): 2
