((2,3)(2,3)) 0.8058608058608059
((2,3)(4,3)) 0.010073260073260074
((2,3)(2,2)) 0.02564102564102564
((2,3)(4,4)) 0.018315018315018316
((2,3)(3,3)) 0.055860805860805864
((2,3)(1,2)) 0.016483516483516484
((2,3)(4,8)) 0.0009157509157509158
((2,3)(6,3)) 0.0009157509157509158
((2,3)(1,1)) 0.0009157509157509158
((2,3)(5,3)) 0.007326007326007326
((2,3)(5,4)) 0.020146520146520148
((2,3)(2,0)) 0.0009157509157509158
((2,3)(8,2)) 0.0018315018315018315
((2,3)(1,3)) 0.0173992673992674
((2,3)(3,0)) 0.0009157509157509158
((2,3)(3,1)) 0.003663003663003663
((2,3)(1,4)) 0.004578754578754579
((2,3)(5,2)) 0.0018315018315018315
((2,3)(2,1)) 0.0009157509157509158
((2,3)(5,5)) 0.0009157509157509158
((2,3)(7,1)) 0.0009157509157509158
((2,3)(7,3)) 0.0009157509157509158
((2,3)(2,4)) 0.0009157509157509158
((2,3)(3,4)) 0.0009157509157509158
((2,3)(3,7)) 0.0009157509157509158
((4,3)(4,3)) 0.7856504912176243
((4,3)(2,3)) 0.0026793688597796963
((4,3)(5,4)) 0.022625781482584102
((4,3)(4,4)) 0.02947305745757666
((4,3)(4,2)) 0.022625781482584102
((4,3)(3,3)) 0.016671628460851445
((4,3)(6,3)) 0.01518309020541828
((4,3)(3,2)) 0.01012206013694552
((4,3)(1,4)) 0.0011908306043465317
((4,3)(5,2)) 0.0056564453706460256
((4,3)(3,1)) 0.004167907115212861
((4,3)(1,1)) 0.005358737719559393
((4,3)(5,3)) 0.035129502828222685
((4,3)(4,6)) 0.0020839535576064306
((4,3)(2,0)) 0.0011908306043465317
((4,3)(9,8)) 0.00029770765108663293
((4,3)(6,2)) 0.0014885382554331646
((4,3)(4,9)) 0.00029770765108663293
((4,3)(7,1)) 0.0005954153021732659
((4,3)(2,2)) 0.006549568323905924
((4,3)(6,0)) 0.0023816612086930635
((4,3)(1,2)) 0.0023816612086930635
((4,3)(3,4)) 0.0011908306043465317
((4,3)(3,0)) 0.0008931229532598987
((4,3)(6,5)) 0.0020839535576064306
((4,3)(5,0)) 0.0017862459065197975
((4,3)(4,0)) 0.0011908306043465317
((4,3)(5,5)) 0.0017862459065197975
((4,3)(7,4)) 0.00029770765108663293
((4,3)(4,5)) 0.0014885382554331646
((4,3)(5,7)) 0.0005954153021732659
((4,3)(9,4)) 0.0005954153021732659
((4,3)(9,2)) 0.00029770765108663293
((4,3)(6,6)) 0.0020839535576064306
((4,3)(1,3)) 0.0008931229532598987
((4,3)(8,2)) 0.00029770765108663293
((4,3)(7,6)) 0.00029770765108663293
((4,3)(2,1)) 0.00029770765108663293
((4,3)(6,9)) 0.0017862459065197975
((4,3)(7,5)) 0.00029770765108663293
((4,3)(7,3)) 0.0020839535576064306
((4,3)(6,1)) 0.0005954153021732659
((4,3)(5,1)) 0.0011908306043465317
((4,3)(4,7)) 0.00029770765108663293
((4,3)(6,4)) 0.0017862459065197975
((4,3)(4,1)) 0.0011908306043465317
((4,3)(9,7)) 0.00029770765108663293
((4,3)(5,8)) 0.00029770765108663293
((4,3)(7,2)) 0.00029770765108663293
((2,2)(2,2)) 0.8289855072463768
((2,2)(2,3)) 0.01352657004830918
((2,2)(3,3)) 0.020289855072463767
((2,2)(1,1)) 0.008695652173913044
((2,2)(3,1)) 0.008695652173913044
((2,2)(4,3)) 0.024154589371980676
((2,2)(1,2)) 0.03285024154589372
((2,2)(4,4)) 0.01642512077294686
((2,2)(2,1)) 0.007729468599033816
((2,2)(1,3)) 0.002898550724637681
((2,2)(5,3)) 0.011594202898550725
((2,2)(4,2)) 0.000966183574879227
((2,2)(5,4)) 0.003864734299516908
((2,2)(3,0)) 0.00966183574879227
((2,2)(0,2)) 0.000966183574879227
((2,2)(9,2)) 0.000966183574879227
((2,2)(3,2)) 0.003864734299516908
((2,2)(7,3)) 0.000966183574879227
((2,2)(5,1)) 0.000966183574879227
((2,2)(1,4)) 0.000966183574879227
((2,2)(4,1)) 0.000966183574879227
((4,4)(4,4)) 0.7701453104359313
((4,4)(5,4)) 0.05779392338177015
((4,4)(7,3)) 0.0009907529722589167
((4,4)(5,3)) 0.018824306472919418
((4,4)(8,2)) 0.00297225891677675
((4,4)(6,4)) 0.003963011889035667
((4,4)(3,4)) 0.0059445178335535
((4,4)(3,3)) 0.017173051519154558
((4,4)(4,3)) 0.02906208718626156
((4,4)(2,3)) 0.01023778071334214
((4,4)(8,7)) 0.00033025099075297226
((4,4)(5,0)) 0.0009907529722589167
((4,4)(5,9)) 0.003963011889035667
((4,4)(1,2)) 0.007595772787318362
((4,4)(4,9)) 0.005614266842800529
((4,4)(3,6)) 0.0009907529722589167
((4,4)(2,2)) 0.0042932628797886395
((4,4)(5,2)) 0.0033025099075297227
((4,4)(6,3)) 0.012549537648612946
((4,4)(5,5)) 0.006935270805812417
((4,4)(1,3)) 0.0019815059445178335
((4,4)(4,5)) 0.005614266842800529
((4,4)(4,6)) 0.003632760898282695
((4,4)(2,0)) 0.001321003963011889
((4,4)(4,1)) 0.0009907529722589167
((4,4)(4,7)) 0.002642007926023778
((4,4)(6,6)) 0.001321003963011889
((4,4)(5,6)) 0.0009907529722589167
((4,4)(1,4)) 0.0042932628797886395
((4,4)(6,5)) 0.002311756935270806
((4,4)(6,2)) 0.001321003963011889
((4,4)(2,4)) 0.00033025099075297226
((4,4)(9,7)) 0.0006605019815059445
((4,4)(5,8)) 0.001321003963011889
((4,4)(3,2)) 0.00033025099075297226
((4,4)(7,1)) 0.0006605019815059445
((4,4)(4,2)) 0.0009907529722589167
((4,4)(3,0)) 0.00033025099075297226
((4,4)(5,7)) 0.0019815059445178335
((4,4)(8,1)) 0.00033025099075297226
((4,4)(5,1)) 0.0006605019815059445
((4,4)(4,0)) 0.00033025099075297226
((4,4)(3,1)) 0.0006605019815059445
((4,4)(8,3)) 0.0006605019815059445
((4,4)(7,7)) 0.00033025099075297226
((4,4)(6,9)) 0.00033025099075297226
((5,4)(5,4)) 0.855515587529976
((5,4)(4,2)) 0.0016486810551558752
((5,4)(4,3)) 0.010941247002398081
((5,4)(6,5)) 0.005545563549160672
((5,4)(7,3)) 0.0022482014388489208
((5,4)(5,5)) 0.00749400479616307
((5,4)(1,4)) 0.00014988009592326138
((5,4)(6,4)) 0.006145083932853717
((5,4)(4,4)) 0.022931654676258992
((5,4)(6,3)) 0.010491606714628298
((5,4)(4,5)) 0.0022482014388489208
((5,4)(5,3)) 0.02053357314148681
((5,4)(5,2)) 0.0044964028776978415
((5,4)(1,3)) 0.000749400479616307
((5,4)(8,7)) 0.0010491606714628297
((5,4)(7,6)) 0.0010491606714628297
((5,4)(6,6)) 0.001498800959232614
((5,4)(3,3)) 0.009292565947242206
((5,4)(1,2)) 0.001199040767386091
((5,4)(9,7)) 0.002697841726618705
((5,4)(9,8)) 0.0017985611510791368
((5,4)(4,0)) 0.0008992805755395684
((5,4)(7,2)) 0.0004496402877697842
((5,4)(5,9)) 0.0013489208633093526
((5,4)(2,0)) 0.001199040767386091
((5,4)(4,9)) 0.000749400479616307
((5,4)(2,2)) 0.0010491606714628297
((5,4)(10,4)) 0.0004496402877697842
((5,4)(8,3)) 0.0010491606714628297
((5,4)(6,0)) 0.00014988009592326138
((5,4)(3,2)) 0.0017985611510791368
((5,4)(8,5)) 0.0004496402877697842
((5,4)(6,2)) 0.0004496402877697842
((5,4)(7,4)) 0.0010491606714628297
((5,4)(5,6)) 0.0016486810551558752
((5,4)(3,1)) 0.000749400479616307
((5,4)(8,6)) 0.0008992805755395684
((5,4)(9,2)) 0.0004496402877697842
((5,4)(2,1)) 0.00014988009592326138
((5,4)(2,3)) 0.002398081534772182
((5,4)(8,2)) 0.002547961630695444
((5,4)(3,4)) 0.0022482014388489208
((5,4)(5,7)) 0.001199040767386091
((5,4)(7,7)) 0.000749400479616307
((5,4)(5,8)) 0.0016486810551558752
((5,4)(7,1)) 0.00014988009592326138
((5,4)(3,0)) 0.00014988009592326138
((5,4)(5,0)) 0.0013489208633093526
((5,4)(7,9)) 0.0004496402877697842
((5,4)(5,1)) 0.000749400479616307
((5,4)(6,1)) 0.00014988009592326138
((5,4)(9,5)) 0.00014988009592326138
((5,4)(9,4)) 0.00014988009592326138
((5,4)(4,1)) 0.00014988009592326138
((5,4)(4,6)) 0.00029976019184652276
((5,4)(7,8)) 0.00014988009592326138
((5,4)(7,0)) 0.00014988009592326138
((5,4)(9,6)) 0.00014988009592326138
((5,4)(4,7)) 0.00014988009592326138
((5,4)(8,8)) 0.00014988009592326138
((4,2)(4,2)) 0.7384020618556701
((4,2)(5,4)) 0.01804123711340206
((4,2)(4,3)) 0.07731958762886598
((4,2)(2,1)) 0.001288659793814433
((4,2)(5,3)) 0.055412371134020616
((4,2)(6,3)) 0.007731958762886598
((4,2)(3,2)) 0.006443298969072165
((4,2)(4,1)) 0.028350515463917526
((4,2)(3,0)) 0.007731958762886598
((4,2)(5,0)) 0.003865979381443299
((4,2)(3,3)) 0.002577319587628866
((4,2)(5,5)) 0.00902061855670103
((4,2)(5,2)) 0.011597938144329897
((4,2)(6,2)) 0.002577319587628866
((4,2)(2,2)) 0.002577319587628866
((4,2)(4,0)) 0.007731958762886598
((4,2)(7,5)) 0.001288659793814433
((4,2)(4,4)) 0.005154639175257732
((4,2)(1,1)) 0.001288659793814433
((4,2)(6,5)) 0.002577319587628866
((4,2)(3,1)) 0.006443298969072165
((4,2)(1,2)) 0.001288659793814433
((4,2)(4,5)) 0.001288659793814433
((6,5)(6,5)) 0.7387755102040816
((6,5)(5,4)) 0.08979591836734693
((6,5)(8,4)) 0.00816326530612245
((6,5)(6,4)) 0.036734693877551024
((6,5)(7,4)) 0.01020408163265306
((6,5)(5,3)) 0.00816326530612245
((6,5)(7,5)) 0.01020408163265306
((6,5)(4,3)) 0.0163265306122449
((6,5)(5,5)) 0.004081632653061225
((6,5)(9,7)) 0.006122448979591836
((6,5)(4,2)) 0.006122448979591836
((6,5)(9,8)) 0.01020408163265306
((6,5)(7,7)) 0.0020408163265306124
((6,5)(6,3)) 0.0020408163265306124
((6,5)(7,6)) 0.004081632653061225
((6,5)(6,6)) 0.012244897959183673
((6,5)(4,4)) 0.014285714285714285
((6,5)(3,3)) 0.004081632653061225
((6,5)(5,9)) 0.0020408163265306124
((6,5)(3,6)) 0.0020408163265306124
((6,5)(9,4)) 0.004081632653061225
((6,5)(2,3)) 0.0020408163265306124
((6,5)(5,8)) 0.0020408163265306124
((6,5)(9,5)) 0.0020408163265306124
((6,5)(6,2)) 0.0020408163265306124
((4,9)(4,9)) 0.8145695364238411
((4,9)(4,6)) 0.0033112582781456954
((4,9)(4,4)) 0.04966887417218543
((4,9)(4,5)) 0.016556291390728478
((4,9)(4,8)) 0.0033112582781456954
((4,9)(5,4)) 0.029801324503311258
((4,9)(5,9)) 0.033112582781456956
((4,9)(3,4)) 0.006622516556291391
((4,9)(5,6)) 0.009933774834437087
((4,9)(5,7)) 0.006622516556291391
((4,9)(4,3)) 0.009933774834437087
((4,9)(4,7)) 0.0033112582781456954
((4,9)(5,3)) 0.0033112582781456954
((4,9)(5,5)) 0.0033112582781456954
((4,9)(3,3)) 0.0033112582781456954
((4,9)(9,3)) 0.0033112582781456954
((4,6)(4,6)) 0.7453416149068323
((4,6)(4,7)) 0.043478260869565216
((4,6)(4,3)) 0.049689440993788817
((4,6)(6,8)) 0.012422360248447204
((4,6)(4,5)) 0.012422360248447204
((4,6)(5,3)) 0.018633540372670808
((4,6)(4,4)) 0.031055900621118012
((4,6)(3,3)) 0.006211180124223602
((4,6)(3,4)) 0.006211180124223602
((4,6)(3,6)) 0.018633540372670808
((4,6)(5,4)) 0.012422360248447204
((4,6)(3,7)) 0.018633540372670808
((4,6)(5,7)) 0.012422360248447204
((4,6)(4,8)) 0.006211180124223602
((4,6)(6,7)) 0.006211180124223602
((4,7)(4,7)) 0.7651515151515151
((4,7)(4,6)) 0.030303030303030304
((4,7)(5,7)) 0.022727272727272728
((4,7)(6,8)) 0.015151515151515152
((4,7)(5,8)) 0.007575757575757576
((4,7)(3,6)) 0.022727272727272728
((4,7)(4,4)) 0.05303030303030303
((4,7)(3,4)) 0.015151515151515152
((4,7)(3,7)) 0.015151515151515152
((4,7)(4,8)) 0.007575757575757576
((4,7)(5,3)) 0.015151515151515152
((4,7)(4,9)) 0.007575757575757576
((4,7)(5,2)) 0.007575757575757576
((4,7)(4,5)) 0.007575757575757576
((4,7)(2,1)) 0.007575757575757576
((7,3)(7,3)) 0.7878787878787878
((7,3)(8,2)) 0.02097902097902098
((7,3)(5,4)) 0.03496503496503497
((7,3)(5,3)) 0.030303030303030304
((7,3)(6,3)) 0.046620046620046623
((7,3)(6,5)) 0.002331002331002331
((7,3)(8,4)) 0.009324009324009324
((7,3)(4,3)) 0.016317016317016316
((7,3)(7,2)) 0.004662004662004662
((7,3)(8,3)) 0.013986013986013986
((7,3)(6,4)) 0.013986013986013986
((7,3)(4,4)) 0.002331002331002331
((7,3)(3,3)) 0.004662004662004662
((7,3)(9,2)) 0.002331002331002331
((7,3)(1,1)) 0.002331002331002331
((7,3)(2,3)) 0.002331002331002331
((7,3)(5,2)) 0.002331002331002331
((7,3)(6,2)) 0.002331002331002331
((8,2)(8,2)) 0.7585227272727273
((8,2)(4,4)) 0.036931818181818184
((8,2)(6,0)) 0.002840909090909091
((8,2)(9,5)) 0.002840909090909091
((8,2)(5,4)) 0.03125
((8,2)(9,6)) 0.002840909090909091
((8,2)(4,8)) 0.014204545454545454
((8,2)(8,3)) 0.022727272727272728
((8,2)(6,3)) 0.011363636363636364
((8,2)(2,3)) 0.002840909090909091
((8,2)(8,1)) 0.017045454545454544
((8,2)(9,2)) 0.019886363636363636
((8,2)(8,0)) 0.002840909090909091
((8,2)(5,3)) 0.019886363636363636
((8,2)(7,3)) 0.028409090909090908
((8,2)(1,2)) 0.002840909090909091
((8,2)(7,2)) 0.002840909090909091
((8,2)(6,4)) 0.008522727272727272
((8,2)(1,4)) 0.002840909090909091
((8,2)(4,3)) 0.002840909090909091
((8,2)(9,3)) 0.002840909090909091
((8,2)(5,5)) 0.002840909090909091
((5,3)(5,3)) 0.770092946965555
((5,3)(8,2)) 0.0032804811372334607
((5,3)(4,3)) 0.030344450519409514
((5,3)(5,2)) 0.03417167851284855
((5,3)(5,0)) 0.004373974849644614
((5,3)(5,4)) 0.04127938764352105
((5,3)(6,4)) 0.002733734281027884
((5,3)(3,3)) 0.014488791689447786
((5,3)(4,4)) 0.01366867140513942
((5,3)(6,3)) 0.022963367960634227
((5,3)(5,7)) 0.0024603608529250955
((5,3)(4,2)) 0.01038819026790596
((5,3)(6,0)) 0.004920721705850191
((5,3)(5,9)) 0.0010934937124111536
((5,3)(2,0)) 0.0002733734281027884
((5,3)(10,4)) 0.0002733734281027884
((5,3)(4,1)) 0.007107709130672498
((5,3)(6,2)) 0.0016402405686167304
((5,3)(4,5)) 0.0005467468562055768
((5,3)(3,0)) 0.002733734281027884
((5,3)(7,3)) 0.0038272279934390375
((5,3)(4,9)) 0.0005467468562055768
((5,3)(7,2)) 0.0038272279934390375
((5,3)(2,2)) 0.0032804811372334607
((5,3)(4,0)) 0.0032804811372334607
((5,3)(3,6)) 0.0005467468562055768
((5,3)(8,3)) 0.0010934937124111536
((5,3)(3,4)) 0.0010934937124111536
((5,3)(1,4)) 0.0002733734281027884
((5,3)(5,1)) 0.002186987424822307
((5,3)(5,6)) 0.0019136139967195188
((5,3)(2,3)) 0.0008201202843083652
((5,3)(5,5)) 0.0016402405686167304
((5,3)(5,8)) 0.0002733734281027884
((5,3)(3,2)) 0.0005467468562055768
((5,3)(6,9)) 0.0019136139967195188
((5,3)(6,1)) 0.001366867140513942
((5,3)(6,5)) 0.0002733734281027884
((5,3)(9,2)) 0.0005467468562055768
((5,3)(6,6)) 0.0005467468562055768
((5,3)(2,4)) 0.0002733734281027884
((5,3)(4,6)) 0.0002733734281027884
((5,3)(7,4)) 0.0002733734281027884
((5,3)(3,1)) 0.0002733734281027884
((5,3)(7,6)) 0.0002733734281027884
((5,5)(5,5)) 0.7921760391198044
((5,5)(5,4)) 0.040342298288508556
((5,5)(5,7)) 0.007334963325183374
((5,5)(4,4)) 0.03178484107579462
((5,5)(5,3)) 0.011002444987775062
((5,5)(4,2)) 0.012224938875305624
((5,5)(6,6)) 0.008557457212713936
((5,5)(6,3)) 0.0024449877750611247
((5,5)(9,3)) 0.0012224938875305623
((5,5)(5,6)) 0.014669926650366748
((5,5)(6,4)) 0.003667481662591687
((5,5)(5,9)) 0.014669926650366748
((5,5)(4,3)) 0.009779951100244499
((5,5)(5,2)) 0.0012224938875305623
((5,5)(3,3)) 0.003667481662591687
((5,5)(1,2)) 0.0012224938875305623
((5,5)(2,1)) 0.003667481662591687
((5,5)(5,8)) 0.011002444987775062
((5,5)(7,4)) 0.003667481662591687
((5,5)(6,5)) 0.009779951100244499
((5,5)(4,6)) 0.0012224938875305623
((5,5)(3,1)) 0.0012224938875305623
((5,5)(4,5)) 0.004889975550122249
((5,5)(4,1)) 0.0012224938875305623
((5,5)(3,2)) 0.0012224938875305623
((5,5)(1,3)) 0.0012224938875305623
((5,5)(3,6)) 0.0012224938875305623
((5,5)(4,9)) 0.0012224938875305623
((5,5)(3,4)) 0.0012224938875305623
((5,5)(7,3)) 0.0012224938875305623
((3,3)(3,3)) 0.780893536121673
((3,3)(5,4)) 0.030893536121673004
((3,3)(1,4)) 0.0038022813688212928
((3,3)(4,4)) 0.02423954372623574
((3,3)(3,1)) 0.0028517110266159697
((3,3)(6,3)) 0.012832699619771864
((3,3)(4,2)) 0.0009505703422053232
((3,3)(4,5)) 0.002376425855513308
((3,3)(4,3)) 0.02899239543726236
((3,3)(5,3)) 0.019486692015209126
((3,3)(8,7)) 0.0004752851711026616
((3,3)(5,2)) 0.003326996197718631
((3,3)(2,3)) 0.03326996197718631
((3,3)(6,2)) 0.0019011406844106464
((3,3)(2,2)) 0.009505703422053232
((3,3)(7,0)) 0.0004752851711026616
((3,3)(1,3)) 0.0028517110266159697
((3,3)(3,2)) 0.007129277566539924
((3,3)(1,2)) 0.0042775665399239545
((3,3)(5,6)) 0.0004752851711026616
((3,3)(5,7)) 0.002376425855513308
((3,3)(5,5)) 0.0028517110266159697
((3,3)(3,4)) 0.011406844106463879
((3,3)(5,8)) 0.0019011406844106464
((3,3)(6,5)) 0.0009505703422053232
((3,3)(8,4)) 0.0004752851711026616
((3,3)(1,1)) 0.0004752851711026616
((3,3)(5,0)) 0.0004752851711026616
((3,3)(7,2)) 0.0009505703422053232
((3,3)(5,9)) 0.0004752851711026616
((3,3)(6,6)) 0.0014258555133079848
((3,3)(7,1)) 0.0004752851711026616
((3,3)(2,1)) 0.0004752851711026616
((3,3)(7,3)) 0.0009505703422053232
((3,3)(4,1)) 0.0004752851711026616
((3,3)(0,2)) 0.0014258555133079848
((3,3)(2,0)) 0.0004752851711026616
((3,3)(3,6)) 0.0004752851711026616
((3,3)(8,2)) 0.0004752851711026616
((5,7)(5,7)) 0.7757847533632287
((5,7)(5,5)) 0.011210762331838564
((5,7)(5,4)) 0.02914798206278027
((5,7)(3,6)) 0.002242152466367713
((5,7)(4,8)) 0.008968609865470852
((5,7)(4,4)) 0.011210762331838564
((5,7)(4,6)) 0.002242152466367713
((5,7)(4,7)) 0.006726457399103139
((5,7)(5,8)) 0.033632286995515695
((5,7)(5,3)) 0.017937219730941704
((5,7)(3,3)) 0.017937219730941704
((5,7)(7,7)) 0.011210762331838564
((5,7)(6,6)) 0.013452914798206279
((5,7)(5,2)) 0.002242152466367713
((5,7)(4,3)) 0.004484304932735426
((5,7)(8,7)) 0.013452914798206279
((5,7)(4,9)) 0.008968609865470852
((5,7)(8,2)) 0.004484304932735426
((5,7)(6,9)) 0.004484304932735426
((5,7)(5,9)) 0.013452914798206279
((5,7)(6,7)) 0.002242152466367713
((5,7)(9,7)) 0.002242152466367713
((5,7)(5,6)) 0.002242152466367713
((1,4)(1,4)) 0.7941176470588235
((1,4)(4,4)) 0.05392156862745098
((1,4)(6,3)) 0.004901960784313725
((1,4)(3,3)) 0.0392156862745098
((1,4)(4,3)) 0.0196078431372549
((1,4)(2,4)) 0.0196078431372549
((1,4)(2,3)) 0.024509803921568627
((1,4)(1,3)) 0.004901960784313725
((1,4)(5,9)) 0.004901960784313725
((1,4)(4,2)) 0.004901960784313725
((1,4)(5,4)) 0.004901960784313725
((1,4)(5,2)) 0.00980392156862745
((1,4)(5,8)) 0.004901960784313725
((1,4)(5,5)) 0.004901960784313725
((1,4)(5,7)) 0.004901960784313725
((3,6)(3,6)) 0.8477157360406091
((3,6)(5,7)) 0.01015228426395939
((3,6)(5,4)) 0.015228426395939087
((3,6)(4,6)) 0.030456852791878174
((3,6)(4,9)) 0.005076142131979695
((3,6)(4,2)) 0.005076142131979695
((3,6)(3,4)) 0.005076142131979695
((3,6)(4,4)) 0.015228426395939087
((3,6)(5,3)) 0.005076142131979695
((3,6)(5,2)) 0.005076142131979695
((3,6)(8,6)) 0.025380710659898477
((3,6)(4,5)) 0.005076142131979695
((3,6)(4,7)) 0.015228426395939087
((3,6)(5,8)) 0.005076142131979695
((3,6)(4,3)) 0.005076142131979695
((4,8)(4,8)) 0.7264150943396226
((4,8)(5,7)) 0.03773584905660377
((4,8)(4,7)) 0.009433962264150943
((4,8)(6,8)) 0.009433962264150943
((4,8)(8,2)) 0.05660377358490566
((4,8)(4,9)) 0.03773584905660377
((4,8)(9,3)) 0.05660377358490566
((4,8)(5,3)) 0.009433962264150943
((4,8)(5,8)) 0.009433962264150943
((4,8)(5,5)) 0.009433962264150943
((4,8)(4,4)) 0.009433962264150943
((4,8)(4,6)) 0.009433962264150943
((4,8)(5,9)) 0.009433962264150943
((4,8)(8,7)) 0.009433962264150943
((6,4)(6,4)) 0.7477203647416414
((6,4)(4,4)) 0.010638297872340425
((6,4)(5,4)) 0.057750759878419454
((6,4)(6,3)) 0.06534954407294832
((6,4)(5,3)) 0.0121580547112462
((6,4)(6,6)) 0.001519756838905775
((6,4)(7,2)) 0.00303951367781155
((6,4)(7,4)) 0.001519756838905775
((6,4)(6,5)) 0.041033434650455926
((6,4)(5,5)) 0.00303951367781155
((6,4)(4,3)) 0.00911854103343465
((6,4)(2,3)) 0.004559270516717325
((6,4)(9,2)) 0.00303951367781155
((6,4)(6,7)) 0.0060790273556231
((6,4)(7,6)) 0.001519756838905775
((6,4)(9,8)) 0.0060790273556231
((6,4)(1,2)) 0.00303951367781155
((6,4)(7,3)) 0.00911854103343465
((6,4)(1,4)) 0.00303951367781155
((6,4)(8,2)) 0.00303951367781155
((6,4)(3,5)) 0.001519756838905775
((6,4)(8,4)) 0.001519756838905775
((6,4)(3,3)) 0.001519756838905775
((6,4)(8,7)) 0.001519756838905775
((6,4)(8,3)) 0.001519756838905775
((3,4)(3,4)) 0.7955112219451371
((3,4)(4,4)) 0.059850374064837904
((3,4)(3,3)) 0.05486284289276808
((3,4)(5,4)) 0.022443890274314215
((3,4)(5,3)) 0.007481296758104738
((3,4)(4,5)) 0.022443890274314215
((3,4)(5,5)) 0.004987531172069825
((3,4)(7,3)) 0.0024937655860349127
((3,4)(4,3)) 0.004987531172069825
((3,4)(4,7)) 0.0024937655860349127
((3,4)(3,5)) 0.0024937655860349127
((3,4)(3,1)) 0.004987531172069825
((3,4)(5,2)) 0.004987531172069825
((3,4)(2,3)) 0.0024937655860349127
((3,4)(6,1)) 0.0024937655860349127
((3,4)(4,8)) 0.0024937655860349127
((3,4)(4,6)) 0.0024937655860349127
((6,3)(6,3)) 0.800561797752809
((6,3)(4,3)) 0.02247191011235955
((6,3)(3,3)) 0.007022471910112359
((6,3)(9,6)) 0.00046816479400749064
((6,3)(4,4)) 0.02200374531835206
((6,3)(5,4)) 0.02762172284644195
((6,3)(5,3)) 0.03604868913857678
((6,3)(6,4)) 0.025749063670411985
((6,3)(5,1)) 0.00046816479400749064
((6,3)(6,2)) 0.013108614232209739
((6,3)(7,3)) 0.012640449438202247
((6,3)(6,0)) 0.004213483146067416
((6,3)(3,0)) 0.00046816479400749064
((6,3)(6,6)) 0.00046816479400749064
((6,3)(6,1)) 0.004213483146067416
((6,3)(5,2)) 0.0018726591760299626
((6,3)(1,2)) 0.0023408239700374533
((6,3)(7,1)) 0.005149812734082397
((6,3)(5,0)) 0.0009363295880149813
((6,3)(4,5)) 0.0023408239700374533
((6,3)(8,0)) 0.00046816479400749064
((6,3)(7,2)) 0.0014044943820224719
((6,3)(5,7)) 0.00046816479400749064
((6,3)(2,2)) 0.0009363295880149813
((6,3)(8,2)) 0.0018726591760299626
((6,3)(3,6)) 0.00046816479400749064
((6,3)(3,1)) 0.00046816479400749064
((6,3)(9,7)) 0.0009363295880149813
((6,3)(4,7)) 0.00046816479400749064
((6,3)(5,5)) 0.00046816479400749064
((6,3)(7,4)) 0.00046816479400749064
((6,3)(3,4)) 0.00046816479400749064
((6,3)(4,2)) 0.00046816479400749064
((6,3)(4,0)) 0.00046816479400749064
((3,2)(3,2)) 0.7688787185354691
((3,2)(1,2)) 0.002288329519450801
((3,2)(2,2)) 0.013729977116704805
((3,2)(2,0)) 0.002288329519450801
((3,2)(3,1)) 0.034324942791762014
((3,2)(4,3)) 0.059496567505720827
((3,2)(4,2)) 0.009153318077803204
((3,2)(3,3)) 0.034324942791762014
((3,2)(4,4)) 0.009153318077803204
((3,2)(5,4)) 0.034324942791762014
((3,2)(5,3)) 0.011441647597254004
((3,2)(3,0)) 0.002288329519450801
((3,2)(3,4)) 0.002288329519450801
((3,2)(5,5)) 0.004576659038901602
((3,2)(2,1)) 0.002288329519450801
((3,2)(6,3)) 0.002288329519450801
((3,2)(4,5)) 0.004576659038901602
((3,2)(1,1)) 0.002288329519450801
((1,2)(1,2)) 0.7634112792297112
((1,2)(1,3)) 0.04264099037138927
((1,2)(3,1)) 0.013755158184319119
((1,2)(5,4)) 0.016506189821182942
((1,2)(3,3)) 0.02063273727647868
((1,2)(2,1)) 0.005502063273727648
((1,2)(2,0)) 0.001375515818431912
((1,2)(4,4)) 0.023383768913342505
((1,2)(2,3)) 0.026134800550206328
((1,2)(2,2)) 0.02888583218707015
((1,2)(1,1)) 0.001375515818431912
((1,2)(5,3)) 0.001375515818431912
((1,2)(4,3)) 0.011004126547455296
((1,2)(6,3)) 0.001375515818431912
((1,2)(7,3)) 0.001375515818431912
((1,2)(3,0)) 0.015130674002751032
((1,2)(0,2)) 0.011004126547455296
((1,2)(5,5)) 0.0068775790921595595
((1,2)(6,2)) 0.002751031636863824
((1,2)(8,3)) 0.001375515818431912
((1,2)(4,1)) 0.001375515818431912
((1,2)(0,3)) 0.001375515818431912
((1,2)(5,9)) 0.001375515818431912
((1,3)(1,3)) 0.7455089820359282
((1,3)(1,2)) 0.0748502994011976
((1,3)(3,3)) 0.008982035928143712
((1,3)(2,2)) 0.014970059880239521
((1,3)(5,4)) 0.020958083832335328
((1,3)(2,3)) 0.0718562874251497
((1,3)(4,3)) 0.005988023952095809
((1,3)(4,4)) 0.02694610778443114
((1,3)(4,5)) 0.0029940119760479044
((1,3)(1,1)) 0.014970059880239521
((1,3)(0,2)) 0.0029940119760479044
((1,3)(6,4)) 0.0029940119760479044
((1,3)(3,4)) 0.0029940119760479044
((1,3)(1,4)) 0.0029940119760479044
((3,1)(3,1)) 0.7923875432525952
((3,1)(4,3)) 0.03460207612456748
((3,1)(3,3)) 0.012110726643598616
((3,1)(3,2)) 0.03460207612456748
((3,1)(4,6)) 0.0017301038062283738
((3,1)(3,0)) 0.029411764705882353
((3,1)(2,0)) 0.015570934256055362
((3,1)(4,0)) 0.00865051903114187
((3,1)(6,3)) 0.0017301038062283738
((3,1)(2,2)) 0.01903114186851211
((3,1)(5,4)) 0.006920415224913495
((3,1)(2,1)) 0.0034602076124567475
((3,1)(2,3)) 0.006920415224913495
((3,1)(4,1)) 0.010380622837370242
((3,1)(3,4)) 0.0034602076124567475
((3,1)(1,2)) 0.01384083044982699
((3,1)(5,3)) 0.0017301038062283738
((3,1)(6,0)) 0.0017301038062283738
((3,1)(8,6)) 0.0017301038062283738
((9,6)(9,6)) 0.775
((9,6)(6,3)) 0.025
((9,6)(9,3)) 0.025
((9,6)(8,6)) 0.05
((9,6)(7,6)) 0.025
((9,6)(4,4)) 0.025
((9,6)(9,7)) 0.025
((9,6)(6,6)) 0.025
((9,6)(5,4)) 0.025
((4,5)(4,5)) 0.7391304347826086
((4,5)(3,6)) 0.010869565217391304
((4,5)(4,4)) 0.03985507246376811
((4,5)(5,3)) 0.018115942028985508
((4,5)(4,9)) 0.025362318840579712
((4,5)(5,8)) 0.0036231884057971015
((4,5)(5,4)) 0.03260869565217391
((4,5)(4,3)) 0.014492753623188406
((4,5)(3,4)) 0.018115942028985508
((4,5)(4,6)) 0.007246376811594203
((4,5)(3,2)) 0.014492753623188406
((4,5)(4,8)) 0.007246376811594203
((4,5)(3,5)) 0.0036231884057971015
((4,5)(6,6)) 0.0036231884057971015
((4,5)(3,3)) 0.007246376811594203
((4,5)(4,7)) 0.0036231884057971015
((4,5)(5,5)) 0.014492753623188406
((4,5)(5,2)) 0.0036231884057971015
((4,5)(6,2)) 0.007246376811594203
((4,5)(5,1)) 0.0036231884057971015
((4,5)(6,3)) 0.010869565217391304
((4,5)(5,7)) 0.0036231884057971015
((4,5)(6,5)) 0.0036231884057971015
((4,5)(7,2)) 0.0036231884057971015
((5,2)(5,2)) 0.7596348884381339
((5,2)(5,3)) 0.12474645030425964
((5,2)(3,3)) 0.004056795131845842
((5,2)(5,4)) 0.018255578093306288
((5,2)(4,1)) 0.002028397565922921
((5,2)(5,0)) 0.008113590263691683
((5,2)(9,6)) 0.0010141987829614604
((5,2)(4,4)) 0.018255578093306288
((5,2)(4,2)) 0.010141987829614604
((5,2)(5,1)) 0.008113590263691683
((5,2)(6,1)) 0.002028397565922921
((5,2)(4,3)) 0.019269776876267748
((5,2)(2,3)) 0.0030425963488843813
((5,2)(4,6)) 0.0010141987829614604
((5,2)(5,5)) 0.002028397565922921
((5,2)(1,2)) 0.0010141987829614604
((5,2)(7,3)) 0.0010141987829614604
((5,2)(6,2)) 0.005070993914807302
((5,2)(7,2)) 0.002028397565922921
((5,2)(6,3)) 0.004056795131845842
((5,2)(7,6)) 0.0010141987829614604
((5,2)(4,7)) 0.0010141987829614604
((5,2)(3,1)) 0.0010141987829614604
((5,2)(6,0)) 0.0010141987829614604
((5,2)(4,9)) 0.0010141987829614604
((1,1)(1,1)) 0.7342657342657343
((1,1)(4,3)) 0.09090909090909091
((1,1)(2,2)) 0.07692307692307693
((1,1)(5,4)) 0.006993006993006993
((1,1)(1,2)) 0.006993006993006993
((1,1)(4,4)) 0.006993006993006993
((1,1)(2,1)) 0.02097902097902098
((1,1)(4,2)) 0.006993006993006993
((1,1)(1,3)) 0.03496503496503497
((1,1)(5,3)) 0.006993006993006993
((1,1)(3,3)) 0.006993006993006993
((2,1)(2,1)) 0.6521739130434783
((2,1)(1,2)) 0.07608695652173914
((2,1)(2,0)) 0.021739130434782608
((2,1)(2,2)) 0.09782608695652174
((2,1)(3,1)) 0.043478260869565216
((2,1)(5,4)) 0.021739130434782608
((2,1)(1,1)) 0.05434782608695652
((2,1)(1,3)) 0.010869565217391304
((2,1)(3,0)) 0.010869565217391304
((2,1)(2,3)) 0.010869565217391304
((5,1)(5,1)) 0.8211009174311926
((5,1)(5,2)) 0.03211009174311927
((5,1)(5,4)) 0.009174311926605505
((5,1)(6,1)) 0.009174311926605505
((5,1)(5,3)) 0.05504587155963303
((5,1)(5,0)) 0.04128440366972477
((5,1)(2,3)) 0.0045871559633027525
((5,1)(4,0)) 0.0045871559633027525
((5,1)(4,2)) 0.0045871559633027525
((5,1)(4,3)) 0.009174311926605505
((5,1)(4,5)) 0.0045871559633027525
((5,1)(6,0)) 0.0045871559633027525
((5,0)(5,0)) 0.8610526315789474
((5,0)(4,4)) 0.010526315789473684
((5,0)(5,3)) 0.037894736842105266
((5,0)(4,1)) 0.002105263157894737
((5,0)(4,3)) 0.01263157894736842
((5,0)(4,2)) 0.00631578947368421
((5,0)(4,0)) 0.010526315789473684
((5,0)(5,4)) 0.023157894736842106
((5,0)(5,2)) 0.01263157894736842
((5,0)(5,1)) 0.01263157894736842
((5,0)(8,0)) 0.00631578947368421
((5,0)(7,1)) 0.002105263157894737
((5,0)(6,4)) 0.002105263157894737
((8,7)(8,7)) 0.9059561128526645
((8,7)(9,4)) 0.003134796238244514
((8,7)(6,4)) 0.003134796238244514
((8,7)(5,4)) 0.009404388714733543
((8,7)(3,3)) 0.006269592476489028
((8,7)(9,7)) 0.003134796238244514
((8,7)(9,6)) 0.006269592476489028
((8,7)(6,3)) 0.003134796238244514
((8,7)(7,7)) 0.009404388714733543
((8,7)(5,7)) 0.025078369905956112
((8,7)(9,8)) 0.006269592476489028
((8,7)(7,6)) 0.012539184952978056
((8,7)(8,8)) 0.003134796238244514
((8,7)(5,3)) 0.003134796238244514
((9,4)(9,4)) 0.8108108108108109
((9,4)(7,6)) 0.02702702702702703
((9,4)(6,3)) 0.02702702702702703
((9,4)(7,4)) 0.02702702702702703
((9,4)(6,5)) 0.05405405405405406
((9,4)(5,0)) 0.02702702702702703
((9,4)(4,4)) 0.02702702702702703
((7,6)(7,6)) 0.7747747747747747
((7,6)(4,4)) 0.009009009009009009
((7,6)(8,7)) 0.05405405405405406
((7,6)(6,8)) 0.009009009009009009
((7,6)(5,4)) 0.036036036036036036
((7,6)(7,7)) 0.02702702702702703
((7,6)(7,8)) 0.02702702702702703
((7,6)(4,3)) 0.009009009009009009
((7,6)(6,5)) 0.018018018018018018
((7,6)(5,9)) 0.018018018018018018
((7,6)(3,3)) 0.009009009009009009
((7,6)(5,2)) 0.009009009009009009
((7,0)(7,0)) 0.6
((7,0)(5,2)) 0.06666666666666667
((7,0)(6,0)) 0.26666666666666666
((7,0)(4,3)) 0.06666666666666667
((4,1)(4,1)) 0.7651715039577837
((4,1)(5,0)) 0.010554089709762533
((4,1)(4,0)) 0.023746701846965697
((4,1)(5,3)) 0.0633245382585752
((4,1)(4,2)) 0.06860158311345646
((4,1)(3,0)) 0.0158311345646438
((4,1)(4,4)) 0.010554089709762533
((4,1)(8,3)) 0.002638522427440633
((4,1)(3,1)) 0.021108179419525065
((4,1)(4,3)) 0.013192612137203167
((4,1)(2,2)) 0.002638522427440633
((4,1)(5,4)) 0.002638522427440633
((6,0)(6,0)) 0.784688995215311
((6,0)(5,3)) 0.06220095693779904
((6,0)(6,1)) 0.028708133971291867
((6,0)(6,2)) 0.009569377990430622
((6,0)(5,4)) 0.014354066985645933
((6,0)(7,0)) 0.019138755980861243
((6,0)(6,3)) 0.0430622009569378
((6,0)(5,0)) 0.009569377990430622
((6,0)(4,3)) 0.023923444976076555
((6,0)(5,1)) 0.004784688995215311
((6,1)(6,1)) 0.7024793388429752
((6,1)(6,3)) 0.08264462809917356
((6,1)(4,0)) 0.008264462809917356
((6,1)(4,3)) 0.01652892561983471
((6,1)(6,2)) 0.0743801652892562
((6,1)(5,0)) 0.008264462809917356
((6,1)(5,2)) 0.008264462809917356
((6,1)(5,4)) 0.008264462809917356
((6,1)(5,3)) 0.04132231404958678
((6,1)(6,0)) 0.024793388429752067
((6,1)(5,1)) 0.008264462809917356
((6,1)(6,4)) 0.008264462809917356
((6,1)(3,3)) 0.008264462809917356
((6,6)(6,6)) 0.7013574660633484
((6,6)(9,4)) 0.004524886877828055
((6,6)(8,6)) 0.004524886877828055
((6,6)(4,4)) 0.02262443438914027
((6,6)(5,4)) 0.03619909502262444
((6,6)(6,7)) 0.01809954751131222
((6,6)(5,5)) 0.05429864253393665
((6,6)(6,4)) 0.004524886877828055
((6,6)(5,7)) 0.03619909502262444
((6,6)(4,3)) 0.049773755656108594
((6,6)(5,8)) 0.004524886877828055
((6,6)(5,9)) 0.013574660633484163
((6,6)(6,5)) 0.01809954751131222
((6,6)(7,8)) 0.004524886877828055
((6,6)(7,1)) 0.004524886877828055
((6,6)(9,6)) 0.004524886877828055
((6,6)(5,3)) 0.00904977375565611
((6,6)(3,3)) 0.004524886877828055
((6,6)(4,2)) 0.004524886877828055
((8,6)(8,6)) 0.746031746031746
((8,6)(6,6)) 0.015873015873015872
((8,6)(5,2)) 0.031746031746031744
((8,6)(5,4)) 0.031746031746031744
((8,6)(4,3)) 0.015873015873015872
((8,6)(3,6)) 0.047619047619047616
((8,6)(7,5)) 0.015873015873015872
((8,6)(6,5)) 0.047619047619047616
((8,6)(9,7)) 0.031746031746031744
((8,6)(6,2)) 0.015873015873015872
((2,0)(2,0)) 0.7070707070707071
((2,0)(3,1)) 0.10101010101010101
((2,0)(4,3)) 0.010101010101010102
((2,0)(2,1)) 0.020202020202020204
((2,0)(5,3)) 0.04040404040404041
((2,0)(5,4)) 0.0707070707070707
((2,0)(3,2)) 0.010101010101010102
((2,0)(2,2)) 0.010101010101010102
((2,0)(3,3)) 0.030303030303030304
((5,9)(5,9)) 0.8477157360406091
((5,9)(4,4)) 0.023688663282571912
((5,9)(5,8)) 0.02030456852791878
((5,9)(4,6)) 0.00338409475465313
((5,9)(5,4)) 0.032148900169204735
((5,9)(6,4)) 0.00676818950930626
((5,9)(4,9)) 0.01353637901861252
((5,9)(6,6)) 0.01015228426395939
((5,9)(5,5)) 0.015228426395939087
((5,9)(6,5)) 0.00338409475465313
((5,9)(4,8)) 0.00338409475465313
((5,9)(9,8)) 0.00338409475465313
((5,9)(5,7)) 0.00676818950930626
((5,9)(3,6)) 0.001692047377326565
((5,9)(4,3)) 0.001692047377326565
((5,9)(5,1)) 0.001692047377326565
((5,9)(3,3)) 0.001692047377326565
((5,9)(3,4)) 0.001692047377326565
((5,9)(7,8)) 0.001692047377326565
((5,8)(5,8)) 0.8232044198895028
((5,8)(5,9)) 0.06077348066298342
((5,8)(4,8)) 0.008287292817679558
((5,8)(5,5)) 0.024861878453038673
((5,8)(3,3)) 0.008287292817679558
((5,8)(7,8)) 0.0027624309392265192
((5,8)(5,7)) 0.04143646408839779
((5,8)(9,8)) 0.0055248618784530384
((5,8)(5,4)) 0.0027624309392265192
((5,8)(6,5)) 0.0027624309392265192
((5,8)(4,5)) 0.0027624309392265192
((5,8)(4,4)) 0.011049723756906077
((5,8)(4,3)) 0.0027624309392265192
((5,8)(3,4)) 0.0027624309392265192
((3,0)(3,0)) 0.8752399232245681
((3,0)(3,1)) 0.030710172744721688
((3,0)(4,2)) 0.009596928982725527
((3,0)(5,3)) 0.011516314779270634
((3,0)(5,4)) 0.0019193857965451055
((3,0)(4,1)) 0.02111324376199616
((3,0)(6,2)) 0.005758157389635317
((3,0)(2,2)) 0.015355086372360844
((3,0)(1,2)) 0.011516314779270634
((3,0)(2,3)) 0.003838771593090211
((3,0)(2,1)) 0.007677543186180422
((3,0)(4,3)) 0.0019193857965451055
((3,0)(6,3)) 0.0019193857965451055
((3,0)(3,2)) 0.0019193857965451055
((10,4)(10,4)) 0.5833333333333334
((10,4)(7,4)) 0.08333333333333333
((10,4)(5,4)) 0.25
((10,4)(8,4)) 0.08333333333333333
((7,4)(7,4)) 0.6666666666666666
((7,4)(2,0)) 0.013888888888888888
((7,4)(7,2)) 0.013888888888888888
((7,4)(5,5)) 0.09722222222222222
((7,4)(5,4)) 0.041666666666666664
((7,4)(6,5)) 0.08333333333333333
((7,4)(7,5)) 0.013888888888888888
((7,4)(9,4)) 0.013888888888888888
((7,4)(8,5)) 0.013888888888888888
((7,4)(8,4)) 0.013888888888888888
((7,4)(6,4)) 0.013888888888888888
((7,4)(5,6)) 0.013888888888888888
((6,8)(6,8)) 0.8064516129032258
((6,8)(3,6)) 0.04838709677419355
((6,8)(6,7)) 0.04838709677419355
((6,8)(5,7)) 0.016129032258064516
((6,8)(4,6)) 0.04838709677419355
((6,8)(5,9)) 0.03225806451612903
((6,7)(6,7)) 0.59375
((6,7)(6,8)) 0.125
((6,7)(6,6)) 0.15625
((6,7)(6,4)) 0.125
((9,7)(9,7)) 0.7990196078431373
((9,7)(8,7)) 0.014705882352941176
((9,7)(4,4)) 0.03431372549019608
((9,7)(9,8)) 0.04411764705882353
((9,7)(5,4)) 0.05392156862745098
((9,7)(6,5)) 0.014705882352941176
((9,7)(8,4)) 0.014705882352941176
((9,7)(8,6)) 0.00980392156862745
((9,7)(6,3)) 0.004901960784313725
((9,7)(9,6)) 0.004901960784313725
((9,7)(5,7)) 0.004901960784313725
((9,8)(9,8)) 0.7081081081081081
((9,8)(9,7)) 0.05945945945945946
((9,8)(5,4)) 0.043243243243243246
((9,8)(5,3)) 0.016216216216216217
((9,8)(8,7)) 0.016216216216216217
((9,8)(6,5)) 0.016216216216216217
((9,8)(5,8)) 0.02702702702702703
((9,8)(7,7)) 0.032432432432432434
((9,8)(7,6)) 0.005405405405405406
((9,8)(8,8)) 0.04864864864864865
((9,8)(10,4)) 0.005405405405405406
((9,8)(8,0)) 0.005405405405405406
((9,8)(6,4)) 0.010810810810810811
((9,8)(4,3)) 0.005405405405405406
((4,0)(4,0)) 0.9149922720247295
((4,0)(5,4)) 0.010819165378670788
((4,0)(3,1)) 0.00463678516228748
((4,0)(4,1)) 0.015455950540958269
((4,0)(5,3)) 0.02936630602782071
((4,0)(4,3)) 0.0077279752704791345
((4,0)(4,2)) 0.0030911901081916537
((4,0)(1,3)) 0.0015455950540958269
((4,0)(5,2)) 0.0030911901081916537
((4,0)(5,5)) 0.0015455950540958269
((4,0)(5,0)) 0.0030911901081916537
((4,0)(3,3)) 0.0015455950540958269
((4,0)(3,4)) 0.0015455950540958269
((4,0)(6,3)) 0.0015455950540958269
((9,5)(9,5)) 0.7142857142857143
((9,5)(9,6)) 0.047619047619047616
((9,5)(8,5)) 0.19047619047619047
((9,5)(9,3)) 0.047619047619047616
((9,3)(9,3)) 0.7567567567567568
((9,3)(8,2)) 0.02702702702702703
((9,3)(4,6)) 0.02702702702702703
((9,3)(4,8)) 0.13513513513513514
((9,3)(6,5)) 0.02702702702702703
((9,3)(8,3)) 0.02702702702702703
((7,2)(7,2)) 0.6210526315789474
((7,2)(5,9)) 0.05263157894736842
((7,2)(5,3)) 0.12631578947368421
((7,2)(5,2)) 0.010526315789473684
((7,2)(4,3)) 0.031578947368421054
((7,2)(7,3)) 0.021052631578947368
((7,2)(6,3)) 0.05263157894736842
((7,2)(6,2)) 0.042105263157894736
((7,2)(9,8)) 0.010526315789473684
((7,2)(3,3)) 0.010526315789473684
((7,2)(5,4)) 0.010526315789473684
((7,2)(7,1)) 0.010526315789473684
((7,1)(7,1)) 0.7608695652173914
((7,1)(6,2)) 0.043478260869565216
((7,1)(1,4)) 0.010869565217391304
((7,1)(6,3)) 0.06521739130434782
((7,1)(4,4)) 0.05434782608695652
((7,1)(6,1)) 0.010869565217391304
((7,1)(5,3)) 0.03260869565217391
((7,1)(6,6)) 0.010869565217391304
((7,1)(8,0)) 0.010869565217391304
((6,2)(6,2)) 0.6956521739130435
((6,2)(7,1)) 0.010869565217391304
((6,2)(6,1)) 0.021739130434782608
((6,2)(4,3)) 0.03260869565217391
((6,2)(3,3)) 0.010869565217391304
((6,2)(6,3)) 0.11231884057971014
((6,2)(5,3)) 0.025362318840579712
((6,2)(3,1)) 0.007246376811594203
((6,2)(6,0)) 0.007246376811594203
((6,2)(4,4)) 0.021739130434782608
((6,2)(3,0)) 0.007246376811594203
((6,2)(7,3)) 0.0036231884057971015
((6,2)(5,2)) 0.007246376811594203
((6,2)(5,1)) 0.0036231884057971015
((6,2)(6,5)) 0.0036231884057971015
((6,2)(5,4)) 0.010869565217391304
((6,2)(7,2)) 0.010869565217391304
((6,2)(3,4)) 0.0036231884057971015
((6,2)(4,2)) 0.0036231884057971015
((8,4)(8,4)) 0.8144329896907216
((8,4)(5,4)) 0.020618556701030927
((8,4)(6,5)) 0.041237113402061855
((8,4)(8,5)) 0.020618556701030927
((8,4)(6,3)) 0.020618556701030927
((8,4)(7,3)) 0.020618556701030927
((8,4)(9,8)) 0.030927835051546393
((8,4)(7,4)) 0.010309278350515464
((8,4)(8,3)) 0.010309278350515464
((8,4)(6,4)) 0.010309278350515464
((8,3)(8,3)) 0.8125
((8,3)(8,2)) 0.041666666666666664
((8,3)(4,8)) 0.006944444444444444
((8,3)(9,3)) 0.006944444444444444
((8,3)(5,4)) 0.027777777777777776
((8,3)(7,3)) 0.04861111111111111
((8,3)(5,3)) 0.013888888888888888
((8,3)(8,4)) 0.006944444444444444
((8,3)(4,4)) 0.013888888888888888
((8,3)(6,3)) 0.013888888888888888
((8,3)(5,7)) 0.006944444444444444
((8,5)(8,5)) 0.8225806451612904
((8,5)(8,4)) 0.06451612903225806
((8,5)(9,5)) 0.06451612903225806
((8,5)(7,5)) 0.016129032258064516
((8,5)(5,4)) 0.03225806451612903
((2,4)(2,4)) 0.631578947368421
((2,4)(3,2)) 0.10526315789473684
((2,4)(5,4)) 0.05263157894736842
((2,4)(3,3)) 0.10526315789473684
((2,4)(1,3)) 0.05263157894736842
((2,4)(4,3)) 0.05263157894736842
((5,6)(5,6)) 0.6611570247933884
((5,6)(5,4)) 0.1322314049586777
((5,6)(7,4)) 0.008264462809917356
((5,6)(3,3)) 0.008264462809917356
((5,6)(6,6)) 0.024793388429752067
((5,6)(5,8)) 0.008264462809917356
((5,6)(5,7)) 0.01652892561983471
((5,6)(5,3)) 0.049586776859504134
((5,6)(5,5)) 0.049586776859504134
((5,6)(5,9)) 0.01652892561983471
((5,6)(4,9)) 0.01652892561983471
((5,6)(3,1)) 0.008264462809917356
((7,5)(7,5)) 0.6538461538461539
((7,5)(4,2)) 0.038461538461538464
((7,5)(6,5)) 0.2692307692307692
((7,5)(7,4)) 0.038461538461538464
((9,2)(9,2)) 0.8383838383838383
((9,2)(3,3)) 0.010101010101010102
((9,2)(6,3)) 0.010101010101010102
((9,2)(8,2)) 0.0707070707070707
((9,2)(4,2)) 0.010101010101010102
((9,2)(5,4)) 0.020202020202020204
((9,2)(8,1)) 0.010101010101010102
((9,2)(5,3)) 0.010101010101010102
((9,2)(6,2)) 0.010101010101010102
((9,2)(5,1)) 0.010101010101010102
((7,8)(7,8)) 0.78125
((7,8)(7,6)) 0.125
((7,8)(6,7)) 0.03125
((7,8)(8,8)) 0.03125
((7,8)(9,8)) 0.03125
((0,2)(0,2)) 0.675
((0,2)(1,2)) 0.225
((0,2)(1,3)) 0.025
((0,2)(0,3)) 0.025
((0,2)(5,3)) 0.05
((7,7)(7,7)) 0.7663551401869159
((7,7)(5,7)) 0.028037383177570093
((7,7)(5,4)) 0.08411214953271028
((7,7)(6,5)) 0.009345794392523364
((7,7)(9,8)) 0.06542056074766354
((7,7)(8,7)) 0.028037383177570093
((7,7)(7,8)) 0.009345794392523364
((7,7)(6,4)) 0.009345794392523364
((8,1)(8,1)) 0.7954545454545454
((8,1)(8,0)) 0.022727272727272728
((8,1)(3,3)) 0.06818181818181818
((8,1)(5,0)) 0.022727272727272728
((8,1)(4,3)) 0.022727272727272728
((8,1)(8,2)) 0.06818181818181818
((8,0)(8,0)) 0.8524590163934426
((8,0)(6,3)) 0.04918032786885246
((8,0)(8,2)) 0.04918032786885246
((8,0)(5,0)) 0.04918032786885246
((3,5)(3,5)) 0.5714285714285714
((3,5)(5,2)) 0.14285714285714285
((3,5)(5,4)) 0.14285714285714285
((3,5)(7,2)) 0.14285714285714285
((8,8)(8,8)) 0.7608695652173914
((8,8)(9,8)) 0.15217391304347827
((8,8)(5,4)) 0.06521739130434782
((8,8)(9,7)) 0.021739130434782608
((6,9)(6,9)) 0.6851851851851852
((6,9)(4,3)) 0.1111111111111111
((6,9)(5,3)) 0.1111111111111111
((6,9)(4,9)) 0.018518518518518517
((6,9)(5,7)) 0.05555555555555555
((6,9)(4,4)) 0.018518518518518517
((7,9)(7,9)) 0.7142857142857143
((7,9)(5,4)) 0.14285714285714285
((7,9)(4,4)) 0.07142857142857142
((7,9)(6,8)) 0.07142857142857142
((3,7)(3,7)) 0.75
((3,7)(4,5)) 0.041666666666666664
((3,7)(3,6)) 0.041666666666666664
((3,7)(4,7)) 0.041666666666666664
((3,7)(4,6)) 0.08333333333333333
((3,7)(4,4)) 0.041666666666666664
((0,3)(0,3)) 0.6666666666666666
((0,3)(0,2)) 0.16666666666666666
((0,3)(2,2)) 0.16666666666666666
