((2,3)(2,3)) 880
((2,3)(4,3)) 11
((4,3)(4,3)) 2639
((4,3)(2,3)) 9
((2,3)(2,2)) 28
((2,2)(2,2)) 858
((2,2)(2,3)) 14
((2,3)(4,4)) 20
((4,4)(4,4)) 2332
((4,3)(5,4)) 76
((5,4)(5,4)) 5708
((5,4)(4,2)) 11
((4,2)(4,2)) 573
((4,2)(5,4)) 14
((4,2)(4,3)) 60
((4,3)(4,4)) 99
((4,4)(5,4)) 175
((5,4)(4,3)) 73
((4,3)(4,2)) 76
((6,5)(6,5)) 362
((6,5)(5,4)) 44
((5,4)(6,5)) 37
((4,9)(4,9)) 246
((4,9)(4,6)) 1
((4,6)(4,6)) 120
((4,6)(4,7)) 7
((4,7)(4,7)) 101
((4,7)(4,6)) 4
((4,4)(7,3)) 3
((7,3)(7,3)) 338
((7,3)(8,2)) 9
((8,2)(8,2)) 267
((8,2)(4,4)) 13
((4,4)(5,3)) 57
((5,3)(5,3)) 2817
((5,3)(8,2)) 12
((5,4)(7,3)) 15
((4,4)(8,2)) 9
((5,5)(5,5)) 648
((5,5)(5,4)) 33
((4,3)(3,3)) 56
((3,3)(3,3)) 1643
((3,3)(5,4)) 65
((5,4)(5,5)) 50
((5,5)(5,7)) 6
((5,7)(5,7)) 346
((5,7)(5,5)) 5
((5,7)(5,4)) 13
((5,4)(1,4)) 1
((1,4)(1,4)) 162
((5,7)(3,6)) 1
((3,6)(3,6)) 167
((3,6)(5,7)) 2
((5,7)(4,8)) 4
((4,8)(4,8)) 77
((4,8)(5,7)) 4
((4,8)(4,7)) 1
((4,7)(5,7)) 3
((6,4)(6,4)) 492
((6,4)(4,4)) 7
((5,4)(6,4)) 41
((6,4)(5,4)) 38
((5,4)(4,4)) 153
((4,4)(6,4)) 12
((4,4)(3,4)) 18
((3,4)(3,4)) 319
((3,4)(4,4)) 24
((6,3)(6,3)) 1710
((6,3)(4,3)) 48
((4,3)(6,3)) 51
((5,3)(4,3)) 111
((4,3)(3,2)) 34
((3,2)(3,2)) 336
((3,2)(1,2)) 1
((1,2)(1,2)) 555
((1,2)(1,3)) 31
((1,3)(1,3)) 249
((1,3)(1,2)) 25
((1,2)(3,1)) 10
((3,1)(3,1)) 458
((3,1)(4,3)) 20
((4,4)(3,3)) 52
((4,3)(1,4)) 4
((1,4)(4,4)) 11
((5,4)(6,3)) 70
((6,3)(3,3)) 15
((3,3)(1,4)) 8
((1,4)(6,3)) 1
((6,3)(9,6)) 1
((9,6)(9,6)) 31
((9,6)(6,3)) 1
((3,3)(4,4)) 51
((5,4)(4,5)) 15
((4,5)(4,5)) 204
((4,5)(3,6)) 3
((3,6)(5,4)) 3
((4,3)(5,2)) 19
((5,2)(5,2)) 749
((3,1)(3,3)) 7
((3,3)(3,1)) 6
((4,3)(3,1)) 14
((4,4)(4,3)) 88
((3,3)(6,3)) 27
((6,3)(4,4)) 47
((4,4)(2,3)) 31
((2,3)(3,3)) 61
((5,2)(5,3)) 123
((5,3)(5,2)) 125
((5,2)(3,3)) 4
((1,1)(1,1)) 105
((1,1)(4,3)) 13
((4,3)(1,1)) 18
((2,2)(3,3)) 21
((3,3)(4,2)) 2
((4,2)(2,1)) 1
((2,1)(2,1)) 60
((5,1)(5,1)) 179
((5,1)(5,2)) 7
((4,3)(5,3)) 118
((5,3)(5,0)) 16
((5,0)(5,0)) 409
((3,3)(4,5)) 5
((4,5)(4,4)) 11
((5,3)(5,4)) 151
((5,4)(5,3)) 137
((5,3)(6,4)) 10
((3,3)(4,3)) 61
((3,3)(5,3)) 41
((5,3)(3,3)) 53
((5,4)(5,2)) 30
((5,2)(5,4)) 18
((5,4)(1,3)) 5
((1,2)(5,4)) 12
((2,2)(1,1)) 9
((1,1)(2,2)) 11
((2,2)(3,1)) 9
((3,1)(3,2)) 20
((3,2)(2,2)) 6
((8,7)(8,7)) 289
((8,7)(9,4)) 1
((9,4)(9,4)) 30
((9,4)(7,6)) 1
((7,6)(7,6)) 86
((7,6)(4,4)) 1
((4,4)(8,7)) 1
((8,7)(6,4)) 1
((6,4)(6,3)) 43
((6,3)(5,4)) 59
((6,3)(5,3)) 77
((6,4)(5,3)) 8
((5,3)(4,4)) 50
((4,4)(5,0)) 3
((5,0)(4,4)) 5
((5,0)(5,3)) 18
((7,0)(7,0)) 9
((7,0)(5,2)) 1
((5,2)(4,1)) 2
((4,1)(4,1)) 290
((4,1)(5,0)) 4
((5,0)(4,1)) 1
((5,3)(6,3)) 84
((5,3)(5,7)) 9
((5,7)(4,4)) 5
((5,4)(8,7)) 7
((8,7)(5,4)) 3
((5,4)(7,6)) 7
((7,6)(8,7)) 6
((8,7)(3,3)) 2
((3,3)(8,7)) 1
((4,2)(5,3)) 43
((5,3)(4,2)) 38
((5,3)(6,0)) 18
((6,0)(6,0)) 164
((6,0)(5,3)) 13
((8,2)(6,0)) 1
((6,1)(6,1)) 85
((6,1)(6,3)) 10
((5,4)(6,6)) 10
((6,6)(6,6)) 155
((6,6)(9,4)) 1
((9,4)(6,3)) 1
((6,3)(6,4)) 55
((6,4)(6,6)) 1
((6,6)(8,6)) 1
((8,6)(8,6)) 47
((8,6)(6,6)) 1
((6,6)(4,4)) 5
((2,0)(2,0)) 70
((2,0)(3,1)) 10
((3,2)(2,0)) 1
((3,2)(3,1)) 15
((4,6)(4,3)) 8
((4,3)(4,6)) 7
((6,3)(5,1)) 1
((5,1)(5,4)) 2
((5,4)(3,3)) 62
((3,1)(4,6)) 1
((4,2)(6,3)) 6
((5,5)(4,4)) 26
((5,4)(1,2)) 8
((1,2)(3,3)) 15
((3,3)(5,2)) 7
((2,2)(4,3)) 25
((4,2)(3,2)) 5
((5,9)(5,9)) 501
((5,9)(4,4)) 14
((4,4)(5,9)) 12
((5,9)(5,8)) 12
((5,8)(5,8)) 298
((5,8)(5,9)) 22
((5,3)(5,9)) 4
((5,9)(4,6)) 2
((2,0)(4,3)) 1
((4,3)(2,0)) 4
((2,0)(2,1)) 2
((2,1)(1,2)) 7
((1,2)(2,1)) 4
((2,1)(2,0)) 2
((1,2)(2,0)) 1
((3,1)(3,0)) 17
((3,0)(3,0)) 456
((3,0)(3,1)) 16
((3,1)(2,0)) 9
((5,3)(2,0)) 1
((2,0)(5,3)) 4
((5,3)(10,4)) 1
((10,4)(10,4)) 7
((10,4)(7,4)) 1
((7,4)(7,4)) 48
((7,4)(2,0)) 1
((6,8)(6,8)) 50
((6,8)(3,6)) 3
((3,6)(4,6)) 6
((4,7)(6,8)) 2
((4,6)(6,8)) 2
((6,8)(6,7)) 3
((6,7)(6,7)) 19
((6,7)(6,8)) 4
((6,8)(5,7)) 1
((5,7)(4,6)) 1
((4,7)(5,8)) 1
((5,8)(4,8)) 3
((4,8)(6,8)) 1
((6,8)(4,6)) 3
((1,2)(4,4)) 17
((4,4)(1,2)) 23
((1,2)(2,3)) 19
((2,3)(1,2)) 18
((9,7)(9,7)) 163
((9,7)(8,7)) 3
((8,7)(9,7)) 1
((9,7)(4,4)) 7
((5,4)(9,7)) 18
((9,7)(9,8)) 9
((9,8)(9,8)) 131
((9,8)(9,7)) 11
((4,3)(9,8)) 1
((9,8)(5,4)) 8
((5,4)(9,8)) 12
((9,8)(5,3)) 3
((6,1)(4,0)) 1
((4,0)(4,0)) 592
((4,0)(5,4)) 7
((5,4)(4,0)) 6
((4,0)(3,1)) 3
((3,1)(4,0)) 5
((4,0)(4,1)) 10
((4,1)(4,0)) 9
((1,2)(2,2)) 21
((2,2)(1,2)) 34
((8,2)(9,5)) 1
((9,5)(9,5)) 15
((9,5)(9,6)) 1
((9,6)(9,3)) 1
((9,3)(9,3)) 28
((9,3)(8,2)) 1
((8,2)(5,4)) 11
((2,3)(4,8)) 1
((5,7)(4,7)) 3
((4,7)(3,6)) 3
((4,6)(4,5)) 2
((3,3)(2,3)) 70
((5,3)(4,1)) 26
((4,1)(5,3)) 24
((4,2)(4,1)) 22
((4,1)(4,2)) 26
((5,9)(5,4)) 19
((6,4)(7,2)) 2
((7,2)(7,2)) 59
((7,2)(5,9)) 5
((5,9)(6,4)) 4
((6,4)(7,4)) 1
((7,4)(7,2)) 1
((5,4)(7,2)) 3
((5,4)(5,9)) 9
((5,9)(4,9)) 8
((7,3)(5,4)) 15
((7,1)(7,1)) 70
((7,1)(6,2)) 4
((6,2)(6,2)) 192
((6,2)(7,1)) 3
((4,3)(6,2)) 5
((6,2)(6,1)) 6
((6,1)(4,3)) 2
((5,3)(6,2)) 6
((6,2)(4,3)) 9
((5,2)(5,0)) 8
((5,0)(4,3)) 6
((1,1)(5,4)) 1
((1,1)(1,2)) 1
((1,2)(1,1)) 1
((1,1)(4,4)) 1
((4,4)(4,9)) 17
((4,9)(4,4)) 15
((4,4)(3,6)) 3
((3,6)(4,9)) 1
((4,9)(4,5)) 5
((4,5)(5,3)) 5
((5,3)(4,5)) 2
((4,5)(4,9)) 7
((5,9)(6,6)) 6
((6,6)(5,4)) 8
((5,3)(3,0)) 10
((3,0)(4,2)) 5
((4,2)(3,0)) 6
((3,0)(5,3)) 6
((5,7)(5,8)) 15
((5,9)(5,5)) 9
((5,5)(5,3)) 9
((4,1)(3,0)) 6
((3,0)(5,4)) 1
((5,7)(5,3)) 8
((3,0)(4,1)) 11
((3,3)(6,2)) 4
((6,2)(3,3)) 3
((3,3)(2,2)) 20
((3,3)(7,0)) 1
((5,4)(2,0)) 8
((2,0)(5,4)) 7
((6,2)(6,3)) 31
((6,3)(6,2)) 28
((6,2)(5,3)) 7
((6,2)(3,1)) 2
((5,4)(4,9)) 5
((4,3)(4,9)) 1
((4,3)(7,1)) 2
((7,1)(1,4)) 1
((1,4)(3,3)) 8
((2,3)(6,3)) 1
((6,3)(7,3)) 27
((6,7)(6,6)) 5
((6,6)(6,7)) 4
((3,3)(1,3)) 6
((1,3)(3,3)) 3
((3,2)(4,3)) 26
((6,8)(5,9)) 2
((7,6)(6,8)) 1
((4,3)(2,2)) 22
((2,2)(4,4)) 17
((5,4)(2,2)) 7
((4,4)(2,2)) 13
((2,3)(1,1)) 1
((7,6)(5,4)) 4
((8,2)(9,6)) 1
((9,6)(8,6)) 2
((8,6)(5,2)) 2
((5,2)(9,6)) 1
((6,5)(8,4)) 4
((8,4)(8,4)) 79
((8,4)(5,4)) 2
((5,4)(10,4)) 3
((10,4)(5,4)) 3
((2,3)(5,3)) 8
((5,2)(4,4)) 18
((4,4)(5,2)) 10
((8,3)(8,3)) 117
((8,3)(8,2)) 6
((8,2)(4,8)) 5
((5,4)(8,3)) 7
((4,8)(8,2)) 6
((8,2)(8,3)) 8
((8,3)(4,8)) 1
((4,2)(5,0)) 3
((5,0)(4,2)) 3
((6,0)(6,1)) 6
((6,1)(6,2)) 9
((4,3)(6,0)) 8
((3,1)(6,3)) 1
((6,0)(6,2)) 2
((6,2)(6,0)) 2
((6,0)(5,4)) 3
((5,4)(6,0)) 1
((6,0)(7,0)) 4
((7,0)(6,0)) 4
((6,3)(6,0)) 9
((5,3)(7,3)) 14
((7,3)(5,3)) 13
((7,3)(6,3)) 20
((6,3)(3,0)) 1
((2,2)(2,1)) 8
((2,1)(2,2)) 9
((2,1)(3,1)) 4
((3,1)(2,2)) 11
((2,2)(1,3)) 3
((1,3)(2,2)) 5
((4,2)(3,3)) 2
((4,4)(6,3)) 38
((4,2)(5,5)) 7
((5,5)(4,2)) 10
((4,5)(5,8)) 1
((5,8)(5,5)) 9
((6,6)(5,5)) 12
((5,5)(6,6)) 7
((4,4)(5,5)) 21
((5,5)(6,3)) 2
((6,3)(6,6)) 1
((1,3)(5,4)) 7
((4,4)(1,3)) 6
((4,1)(4,4)) 4
((4,4)(4,5)) 17
((4,3)(1,2)) 8
((1,2)(5,3)) 1
((1,2)(4,3)) 8
((6,5)(6,4)) 18
((4,2)(5,2)) 9
((5,2)(4,2)) 10
((3,2)(4,2)) 4
((4,9)(4,8)) 1
((4,8)(4,9)) 4
((4,4)(4,6)) 11
((4,6)(5,3)) 3
((4,6)(4,4)) 5
((4,4)(2,0)) 4
((5,5)(9,3)) 1
((9,3)(4,6)) 1
((4,6)(3,3)) 1
((4,9)(5,4)) 9
((5,3)(4,9)) 2
((5,4)(3,2)) 12
((3,2)(3,3)) 15
((3,3)(3,2)) 15
((4,4)(4,1)) 3
((4,9)(5,9)) 10
((8,4)(6,5)) 4
((5,4)(8,5)) 3
((8,5)(8,5)) 51
((8,5)(8,4)) 4
((8,4)(8,5)) 2
((8,5)(9,5)) 4
((9,5)(8,5)) 4
((6,2)(4,4)) 6
((5,2)(5,1)) 8
((5,1)(6,1)) 2
((6,3)(6,1)) 9
((6,3)(5,2)) 4
((5,2)(6,1)) 2
((2,4)(2,4)) 12
((2,4)(3,2)) 2
((7,2)(5,3)) 12
((5,3)(7,2)) 14
((4,3)(3,4)) 4
((3,4)(3,3)) 22
((5,4)(6,2)) 3
((4,3)(3,0)) 3
((3,0)(6,2)) 3
((6,2)(3,0)) 2
((4,2)(6,2)) 2
((9,8)(8,7)) 3
((8,7)(9,6)) 2
((9,6)(7,6)) 1
((3,3)(1,2)) 9
((1,4)(4,3)) 4
((2,2)(5,3)) 12
((5,3)(2,2)) 12
((5,5)(5,6)) 12
((5,6)(5,6)) 80
((5,6)(5,4)) 16
((5,4)(7,4)) 7
((7,4)(5,5)) 7
((7,4)(5,4)) 3
((5,4)(5,6)) 11
((5,6)(7,4)) 1
((7,4)(6,5)) 6
((6,5)(7,4)) 5
((3,1)(5,4)) 4
((5,4)(3,1)) 5
((3,1)(2,1)) 2
((2,1)(5,4)) 2
((4,7)(4,4)) 7
((4,4)(4,7)) 8
((2,2)(4,2)) 1
((4,2)(2,2)) 2
((2,2)(5,4)) 4
((6,3)(1,2)) 5
((1,2)(6,3)) 1
((1,2)(7,3)) 1
((6,4)(6,5)) 27
((6,5)(5,3)) 4
((5,4)(8,6)) 6
((8,6)(5,4)) 2
((5,3)(4,0)) 12
((4,0)(5,3)) 19
((3,0)(2,2)) 8
((1,2)(3,0)) 11
((2,2)(3,0)) 10
((8,6)(4,3)) 1
((4,3)(6,5)) 7
((6,5)(7,5)) 5
((7,5)(7,5)) 17
((7,5)(4,2)) 1
((7,5)(6,5)) 7
((6,5)(4,3)) 8
((5,4)(9,2)) 3
((9,2)(9,2)) 83
((9,2)(3,3)) 1
((6,6)(6,4)) 1
((4,4)(6,6)) 4
((9,7)(5,4)) 11
((3,3)(5,6)) 1
((5,6)(3,3)) 1
((3,3)(5,7)) 5
((5,8)(3,3)) 3
((1,3)(2,3)) 24
((3,3)(5,5)) 6
((5,6)(6,6)) 3
((6,6)(5,7)) 8
((5,7)(3,3)) 8
((4,4)(5,6)) 3
((5,6)(5,8)) 1
((5,8)(7,8)) 1
((7,8)(7,8)) 25
((0,2)(0,2)) 27
((0,2)(1,2)) 9
((1,2)(0,2)) 8
((2,2)(0,2)) 1
((2,1)(1,1)) 5
((1,1)(2,1)) 3
((8,2)(6,3)) 4
((5,5)(6,4)) 3
((6,4)(5,5)) 2
((5,2)(4,3)) 19
((6,0)(6,3)) 9
((6,0)(5,0)) 2
((6,0)(4,3)) 5
((5,4)(2,1)) 1
((3,2)(4,4)) 4
((2,0)(3,2)) 1
((6,4)(4,3)) 6
((6,4)(2,3)) 3
((2,3)(5,4)) 22
((5,4)(2,3)) 16
((5,3)(3,6)) 2
((3,6)(4,2)) 1
((4,2)(4,0)) 6
((1,3)(4,3)) 2
((7,2)(5,2)) 1
((7,2)(4,3)) 3
((4,3)(5,0)) 6
((5,3)(8,3)) 4
((5,0)(4,0)) 5
((2,3)(2,0)) 1
((2,0)(2,2)) 1
((4,1)(8,3)) 1
((8,3)(9,3)) 1
((4,3)(4,0)) 4
((4,0)(4,3)) 5
((5,6)(5,7)) 2
((2,3)(8,2)) 2
((5,4)(8,2)) 17
((8,2)(2,3)) 1
((3,6)(3,4)) 1
((5,4)(3,4)) 15
((3,4)(5,4)) 9
((6,4)(9,2)) 2
((9,2)(6,3)) 1
((5,5)(5,9)) 12
((5,5)(4,3)) 8
((4,3)(5,5)) 6
((5,9)(6,5)) 2
((6,5)(5,5)) 2
((5,7)(7,7)) 5
((7,7)(7,7)) 82
((7,7)(5,7)) 3
((7,7)(5,4)) 9
((5,2)(2,3)) 3
((6,3)(7,1)) 11
((7,1)(6,3)) 6
((8,2)(8,1)) 6
((8,1)(8,1)) 35
((8,1)(8,0)) 1
((8,0)(8,0)) 52
((8,0)(6,3)) 3
((7,1)(4,4)) 5
((6,3)(5,0)) 2
((8,2)(9,2)) 7
((9,2)(8,2)) 7
((8,2)(8,0)) 1
((8,0)(8,2)) 3
((3,3)(3,4)) 24
((3,4)(5,3)) 3
((5,3)(3,4)) 4
((4,4)(1,4)) 13
((9,7)(6,5)) 3
((4,4)(6,5)) 7
((6,5)(9,7)) 3
((4,3)(7,4)) 1
((5,3)(1,4)) 1
((6,5)(4,2)) 3
((4,2)(7,5)) 1
((4,5)(5,4)) 9
((4,5)(4,3)) 4
((4,2)(4,4)) 4
((4,3)(4,5)) 5
((5,0)(5,4)) 11
((5,4)(5,7)) 8
((3,3)(5,8)) 4
((8,7)(6,3)) 1
((5,9)(4,8)) 2
((6,5)(9,8)) 5
((9,8)(6,5)) 3
((5,2)(4,6)) 1
((4,6)(3,4)) 1
((5,7)(6,6)) 6
((5,4)(7,7)) 5
((7,7)(6,5)) 1
((6,5)(7,7)) 1
((5,1)(5,3)) 12
((5,3)(5,1)) 8
((5,5)(5,2)) 1
((5,2)(5,5)) 2
((4,3)(5,7)) 2
((5,7)(5,2)) 1
((8,2)(5,3)) 7
((5,8)(5,7)) 15
((4,3)(9,4)) 2
((4,4)(6,2)) 4
((5,2)(1,2)) 1
((5,8)(9,8)) 2
((9,8)(5,8)) 5
((5,9)(9,8)) 2
((6,3)(4,5)) 5
((3,6)(4,4)) 3
((4,0)(4,2)) 2
((3,1)(2,3)) 4
((5,7)(4,3)) 2
((2,2)(9,2)) 1
((9,2)(4,2)) 1
((4,3)(9,2)) 1
((9,4)(7,4)) 1
((7,4)(7,5)) 1
((7,5)(7,4)) 1
((7,4)(9,4)) 1
((1,4)(2,4)) 4
((2,4)(5,4)) 1
((2,4)(3,3)) 2
((4,4)(2,4)) 1
((4,4)(9,7)) 2
((4,5)(3,4)) 5
((3,4)(4,5)) 9
((6,5)(6,3)) 1
((5,4)(5,8)) 11
((5,8)(5,4)) 1
((5,8)(6,5)) 1
((4,4)(5,8)) 4
((9,6)(4,4)) 1
((2,2)(3,2)) 4
((3,2)(5,4)) 15
((3,6)(5,3)) 1
((6,3)(8,0)) 1
((8,2)(7,3)) 10
((4,4)(3,2)) 1
((5,2)(7,3)) 1
((7,3)(6,5)) 1
((5,6)(5,3)) 6
((5,3)(5,6)) 7
((5,6)(5,5)) 6
((4,5)(4,6)) 2
((5,4)(7,1)) 1
((4,4)(7,1)) 2
((7,6)(7,7)) 3
((7,7)(9,8)) 7
((9,8)(7,7)) 6
((7,7)(8,7)) 3
((8,7)(7,7)) 3
((9,8)(7,6)) 1
((1,1)(4,2)) 1
((4,2)(1,1)) 1
((6,6)(4,3)) 11
((4,3)(6,6)) 7
((1,3)(4,4)) 9
((5,3)(2,3)) 3
((5,5)(3,3)) 3
((6,4)(6,7)) 4
((6,7)(6,4)) 4
((3,4)(5,5)) 2
((5,5)(1,2)) 1
((1,2)(5,5)) 5
((5,5)(2,1)) 3
((2,3)(1,3)) 19
((3,0)(1,2)) 6
((2,3)(3,0)) 1
((3,0)(2,3)) 2
((4,3)(1,3)) 3
((5,3)(5,5)) 6
((4,3)(8,2)) 1
((8,2)(1,2)) 1
((1,2)(6,2)) 2
((6,2)(7,3)) 1
((5,8)(4,5)) 1
((5,2)(6,2)) 5
((6,2)(5,2)) 2
((7,6)(7,8)) 3
((7,8)(7,6)) 4
((7,6)(4,3)) 1
((4,3)(7,6)) 1
((3,0)(2,1)) 4
((9,2)(5,4)) 2
((6,6)(5,8)) 1
((5,5)(5,8)) 9
((4,8)(9,3)) 6
((9,3)(4,8)) 5
((4,5)(3,2)) 4
((5,9)(5,7)) 4
((5,3)(5,8)) 1
((8,3)(5,4)) 4
((7,3)(8,4)) 4
((8,4)(6,3)) 2
((8,4)(7,3)) 2
((3,4)(7,3)) 1
((7,3)(4,3)) 7
((7,1)(6,1)) 1
((6,1)(5,0)) 1
((5,0)(5,2)) 6
((7,1)(5,3)) 3
((3,4)(4,3)) 2
((5,3)(3,2)) 2
((3,2)(5,3)) 5
((5,4)(3,0)) 1
((3,2)(3,0)) 1
((3,1)(4,1)) 6
((4,1)(3,1)) 8
((3,1)(3,4)) 2
((4,5)(4,8)) 2
((4,8)(5,3)) 1
((6,4)(7,6)) 1
((7,6)(6,5)) 2
((6,5)(7,6)) 2
((7,6)(5,9)) 2
((6,3)(7,2)) 3
((7,2)(7,3)) 2
((7,3)(7,2)) 2
((7,2)(6,3)) 5
((7,2)(6,2)) 4
((4,3)(2,1)) 1
((6,3)(5,7)) 1
((4,0)(1,3)) 1
((1,3)(4,5)) 1
((4,5)(3,5)) 1
((3,5)(3,5)) 4
((3,5)(5,2)) 1
((3,1)(1,2)) 8
((2,3)(3,1)) 4
((1,1)(1,3)) 5
((1,3)(1,1)) 5
((9,8)(8,8)) 9
((8,8)(8,8)) 35
((8,8)(9,8)) 7
((8,8)(5,4)) 3
((1,3)(0,2)) 1
((0,2)(1,3)) 1
((1,3)(6,4)) 1
((2,3)(1,4)) 5
((1,4)(2,3)) 5
((9,7)(8,4)) 3
((8,4)(9,8)) 3
((9,8)(10,4)) 1
((10,4)(8,4)) 1
((6,4)(9,8)) 4
((1,2)(8,3)) 1
((8,3)(7,3)) 7
((7,3)(8,3)) 6
((5,8)(4,4)) 4
((6,6)(5,9)) 3
((3,6)(5,2)) 1
((4,3)(6,9)) 6
((6,9)(6,9)) 37
((6,9)(4,3)) 6
((5,3)(6,9)) 7
((8,7)(5,7)) 8
((5,7)(8,7)) 6
((8,6)(3,6)) 3
((3,6)(8,6)) 5
((6,3)(2,2)) 2
((2,2)(7,3)) 1
((6,3)(8,2)) 4
((4,7)(3,4)) 2
((3,4)(4,7)) 1
((6,4)(1,2)) 2
((6,5)(6,6)) 6
((8,7)(9,8)) 2
((8,7)(7,6)) 4
((4,5)(6,6)) 1
((5,7)(4,9)) 4
((6,9)(5,3)) 6
((6,9)(4,9)) 1
((6,5)(4,4)) 7
((4,4)(4,2)) 3
((4,2)(6,5)) 2
((6,4)(7,3)) 6
((7,3)(6,4)) 6
((4,3)(7,5)) 1
((6,5)(3,3)) 2
((5,4)(5,0)) 9
((6,3)(3,6)) 1
((1,4)(1,3)) 1
((7,9)(7,9)) 10
((7,9)(5,4)) 2
((5,4)(7,9)) 3
((7,9)(4,4)) 1
((7,9)(6,8)) 1
((6,5)(5,9)) 1
((5,5)(7,4)) 3
((5,5)(6,5)) 8
((4,8)(5,8)) 1
((3,3)(6,5)) 2
((1,1)(5,3)) 1
((9,7)(8,6)) 2
((8,6)(7,5)) 1
((4,6)(3,6)) 3
((4,6)(5,4)) 2
((5,5)(4,6)) 1
((6,6)(6,5)) 4
((6,6)(7,8)) 1
((7,8)(6,7)) 1
((6,5)(3,6)) 1
((3,3)(8,4)) 1
((4,3)(7,3)) 7
((3,3)(1,1)) 1
((3,3)(5,0)) 1
((5,0)(5,1)) 6
((5,1)(5,0)) 9
((5,4)(5,1)) 5
((6,1)(5,2)) 1
((6,1)(5,4)) 1
((5,4)(6,1)) 1
((6,1)(5,3)) 5
((5,3)(6,1)) 5
((4,3)(6,1)) 2
((9,2)(8,1)) 1
((8,1)(3,3)) 3
((3,3)(7,2)) 2
((7,2)(9,8)) 1
((9,8)(8,0)) 1
((8,2)(7,2)) 1
((5,2)(7,2)) 2
((5,2)(6,3)) 4
((4,1)(4,3)) 5
((7,3)(4,4)) 1
((6,5)(9,4)) 2
((9,4)(6,5)) 2
((5,3)(6,5)) 1
((9,4)(5,0)) 1
((7,6)(3,3)) 1
((2,3)(5,2)) 2
((5,1)(2,3)) 1
((4,3)(5,1)) 4
((5,1)(4,0)) 1
((4,0)(5,2)) 2
((6,2)(5,1)) 1
((4,6)(3,7)) 3
((3,7)(3,7)) 18
((3,7)(4,5)) 1
((4,5)(3,3)) 2
((4,5)(4,7)) 1
((4,7)(3,7)) 2
((3,7)(3,6)) 1
((3,6)(4,5)) 1
((3,6)(4,7)) 3
((3,7)(4,7)) 1
((7,2)(3,3)) 1
((1,4)(5,9)) 1
((4,5)(5,5)) 4
((1,4)(4,2)) 1
((5,5)(3,1)) 1
((2,1)(1,3)) 1
((4,4)(3,0)) 1
((3,0)(4,3)) 1
((5,5)(4,5)) 4
((4,8)(5,5)) 1
((4,9)(3,4)) 2
((3,4)(3,5)) 1
((4,4)(5,7)) 6
((5,2)(7,6)) 1
((7,6)(5,2)) 1
((9,8)(6,4)) 2
((3,3)(5,9)) 1
((8,6)(6,5)) 3
((3,2)(3,4)) 1
((2,3)(2,1)) 1
((2,1)(3,0)) 1
((4,7)(4,8)) 1
((4,8)(4,4)) 1
((5,0)(8,0)) 3
((8,0)(5,0)) 3
((5,0)(7,1)) 1
((4,5)(5,2)) 1
((4,6)(5,7)) 2
((8,1)(5,0)) 1
((6,3)(3,1)) 1
((6,3)(9,7)) 2
((9,7)(6,3)) 1
((9,7)(9,6)) 1
((9,6)(9,7)) 1
((5,4)(9,5)) 1
((5,5)(4,1)) 1
((4,0)(5,5)) 1
((4,2)(3,1)) 5
((6,6)(7,1)) 1
((7,1)(6,6)) 1
((6,6)(9,6)) 1
((9,6)(6,6)) 1
((4,7)(5,3)) 2
((4,3)(4,7)) 1
((8,1)(4,3)) 1
((4,4)(8,1)) 1
((8,1)(8,2)) 3
((4,5)(6,2)) 2
((4,3)(6,4)) 6
((3,3)(6,6)) 3
((4,5)(5,1)) 1
((6,1)(6,0)) 3
((5,4)(9,4)) 1
((9,4)(4,4)) 1
((4,9)(5,6)) 3
((5,6)(5,9)) 2
((5,6)(4,9)) 2
((2,2)(5,1)) 1
((4,3)(4,1)) 4
((4,9)(5,7)) 2
((4,9)(4,3)) 3
((3,3)(7,1)) 1
((4,3)(9,7)) 1
((3,4)(3,1)) 2
((2,0)(3,3)) 3
((2,2)(1,4)) 1
((6,5)(2,3)) 1
((2,3)(5,5)) 1
((1,2)(4,1)) 1
((4,0)(5,0)) 2
((1,4)(5,4)) 1
((5,4)(4,1)) 1
((7,7)(7,8)) 1
((7,8)(8,8)) 1
((4,1)(2,2)) 1
((5,5)(3,2)) 1
((3,2)(5,5)) 2
((3,3)(2,1)) 1
((3,3)(7,3)) 2
((7,3)(3,3)) 2
((8,6)(9,7)) 2
((1,2)(0,3)) 1
((0,3)(0,3)) 4
((0,3)(0,2)) 1
((0,2)(0,3)) 1
((0,3)(2,2)) 1
((6,4)(1,4)) 2
((9,2)(5,3)) 1
((5,3)(9,2)) 2
((9,2)(6,2)) 1
((6,9)(5,7)) 3
((5,7)(8,2)) 2
((5,7)(6,9)) 2
((1,2)(5,9)) 1
((5,3)(6,6)) 2
((6,6)(5,3)) 2
((5,4)(4,6)) 2
((4,9)(4,7)) 1
((4,7)(4,9)) 1
((6,3)(4,7)) 1
((4,7)(5,2)) 1
((5,2)(4,7)) 1
((5,1)(4,2)) 1
((6,5)(5,8)) 1
((3,5)(5,4)) 1
((6,3)(5,5)) 1
((1,4)(5,2)) 2
((2,3)(7,1)) 1
((4,3)(5,8)) 1
((5,8)(4,3)) 1
((1,4)(5,8)) 1
((8,5)(7,5)) 1
((6,5)(9,5)) 1
((9,5)(9,3)) 1
((9,3)(6,5)) 1
((3,3)(4,1)) 1
((6,4)(8,2)) 2
((8,2)(6,4)) 3
((7,3)(9,2)) 1
((6,3)(7,4)) 1
((7,4)(8,5)) 1
((8,4)(7,4)) 1
((7,4)(8,4)) 1
((5,2)(3,1)) 1
((4,4)(5,1)) 2
((5,1)(4,3)) 2
((3,7)(4,6)) 2
((3,3)(0,2)) 3
((0,2)(5,3)) 2
((4,4)(4,0)) 1
((2,2)(4,1)) 1
((4,4)(3,1)) 2
((8,3)(5,3)) 2
((8,3)(8,4)) 1
((8,4)(8,3)) 1
((4,5)(6,3)) 3
((6,3)(3,4)) 1
((6,2)(6,5)) 1
((6,5)(6,2)) 1
((4,5)(5,7)) 1
((5,7)(5,9)) 6
((5,5)(1,3)) 1
((3,4)(5,2)) 2
((1,4)(5,5)) 1
((7,3)(1,1)) 1
((8,7)(8,8)) 1
((8,8)(9,7)) 1
((3,6)(5,8)) 1
((3,2)(2,1)) 1
((7,4)(6,4)) 1
((5,9)(3,6)) 1
((4,8)(4,6)) 1
((4,6)(4,8)) 1
((4,8)(5,9)) 1
((4,6)(6,7)) 1
((5,7)(6,7)) 1
((1,1)(3,3)) 1
((9,7)(5,7)) 1
((5,7)(9,7)) 1
((2,3)(7,3)) 1
((7,3)(2,3)) 1
((5,4)(7,8)) 1
((6,4)(3,5)) 1
((3,5)(7,2)) 1
((3,1)(5,3)) 1
((4,9)(5,3)) 1
((3,2)(6,3)) 1
((7,0)(4,3)) 1
((3,1)(6,0)) 1
((5,4)(7,0)) 1
((5,2)(6,0)) 1
((7,3)(5,2)) 1
((5,5)(3,6)) 1
((1,3)(3,4)) 1
((6,3)(4,2)) 1
((4,7)(4,5)) 1
((3,3)(2,0)) 1
((5,2)(4,9)) 1
((5,0)(6,4)) 1
((8,5)(5,4)) 2
((6,4)(8,4)) 1
((5,3)(2,4)) 1
((5,3)(4,6)) 1
((4,7)(2,1)) 1
((2,1)(2,3)) 1
((3,0)(6,3)) 1
((6,2)(5,4)) 3
((4,0)(3,3)) 1
((3,0)(3,2)) 1
((7,4)(5,6)) 1
((5,3)(7,4)) 1
((3,1)(8,6)) 1
((8,6)(6,2)) 1
((4,1)(5,4)) 1
((2,3)(2,4)) 1
((2,4)(1,3)) 1
((4,0)(3,4)) 1
((5,4)(9,6)) 1
((9,6)(5,4)) 1
((5,6)(3,1)) 1
((9,2)(5,1)) 1
((6,1)(5,1)) 1
((5,5)(4,9)) 1
((4,9)(5,5)) 1
((8,3)(4,4)) 2
((4,4)(8,3)) 2
((4,4)(7,7)) 1
((5,1)(4,5)) 1
((6,6)(3,3)) 1
((5,7)(5,6)) 1
((5,9)(4,3)) 1
((7,7)(6,4)) 1
((7,1)(8,0)) 1
((8,2)(1,4)) 1
((9,8)(4,3)) 1
((1,4)(5,7)) 1
((4,2)(1,2)) 1
((6,4)(3,3)) 1
((2,4)(4,3)) 1
((6,2)(7,2)) 3
((8,7)(5,3)) 1
((6,4)(8,7)) 1
((7,2)(5,4)) 1
((2,3)(3,4)) 1
((6,1)(6,4)) 1
((1,3)(1,4)) 1
((4,2)(4,5)) 1
((6,6)(4,2)) 1
((5,3)(3,1)) 1
((4,0)(6,3)) 1
((6,3)(4,0)) 1
((5,4)(4,7)) 1
((3,4)(2,3)) 1
((2,3)(3,7)) 1
((3,7)(4,4)) 1
((5,8)(3,4)) 1
((6,2)(3,4)) 1
((3,4)(6,1)) 1
((6,1)(3,3)) 1
((3,3)(3,6)) 1
((3,6)(4,3)) 1
((8,2)(4,3)) 1
((3,3)(8,2)) 1
((5,9)(5,1)) 1
((8,2)(9,3)) 1
((5,9)(3,3)) 1
((4,9)(3,3)) 1
((3,2)(4,5)) 2
((4,5)(6,5)) 1
((6,4)(8,3)) 1
((8,3)(6,3)) 2
((4,9)(9,3)) 1
((9,3)(8,3)) 1
((8,3)(5,7)) 1
((7,3)(6,2)) 1
((8,4)(6,4)) 1
((3,2)(1,1)) 1
((5,9)(3,4)) 1
((3,4)(4,8)) 1
((6,0)(5,1)) 1
((5,1)(6,0)) 1
((4,3)(7,2)) 1
((4,5)(7,2)) 1
((7,2)(7,1)) 1
((5,5)(3,4)) 1
((3,4)(4,6)) 1
((5,4)(8,8)) 1
((8,2)(5,5)) 1
((5,5)(7,3)) 1
((5,9)(7,8)) 1
((7,8)(9,8)) 1
((6,9)(4,4)) 1
((4,4)(6,9)) 1
((6,2)(4,2)) 1
((5,3)(7,6)) 1
((4,8)(8,7)) 1
