(2,3): 0.025
(4,3): 0.092
(6,5): 0.013
(4,9): 0.011
(4,4): 0.08
(5,5): 0.026
(5,7): 0.01
(6,4): 0.014
(6,3): 0.051
(5,3): 0.1
(3,3): 0.058
(3,1): 0.014
(5,2): 0.029
(1,1): 0.004
(2,2): 0.028
(5,1): 0.006
(5,4): 0.14
(8,7): 0.007
(7,0): 0.001
(4,2): 0.024
(6,1): 0.008
(2,0): 0.005
(4,6): 0.004
(5,9): 0.017
(6,8): 0.003
(1,2): 0.019
(9,7): 0.008
(7,3): 0.01
(7,1): 0.004
(4,0): 0.025
(6,2): 0.011
(6,7): 0.001
(7,6): 0.004
(8,3): 0.005
(6,0): 0.003
(6,6): 0.006
(3,0): 0.005
(8,4): 0.001
(2,4): 0.001
(7,2): 0.003
(1,4): 0.012
(4,7): 0.005
(8,6): 0.002
(0,2): 0.001
(2,1): 0.003
(5,0): 0.012
(1,3): 0.007
(4,1): 0.006
(5,6): 0.003
(8,2): 0.014
(3,6): 0.004
(7,4): 0.002
(7,5): 0.001
(7,7): 0.004
(3,2): 0.014
(9,4): 0.002
(5,8): 0.004
(3,4): 0.004
(9,2): 0.004
(4,8): 0.002
(4,5): 0.004
(9,8): 0.003
(6,9): 0.003
(7,9): 0.001
(8,0): 0.002
(8,8): 0.001
(3,5): 0.001
(8,1): 0.001
(8,5): 0.001
(7,8): 0.001
