(4,4): 0.068
(4,2): 0.024
(4,3): 0.055
(4,6): 0.011
(8,2): 0.014
(1,4): 0.008
(5,7): 0.008
(6,3): 0.058
(3,3): 0.038
(5,2): 0.032
(3,1): 0.014
(5,4): 0.13
(2,1): 0.004
(5,0): 0.017
(6,4): 0.02
(2,3): 0.022
(2,2): 0.031
(5,3): 0.094
(8,7): 0.009
(6,0): 0.007
(1,1): 0.009
(2,0): 0.009
(6,7): 0.002
(1,2): 0.015
(9,8): 0.005
(4,0): 0.021
(4,9): 0.01
(7,1): 0.006
(6,2): 0.014
(7,0): 0.001
(8,3): 0.01
(7,3): 0.021
(5,5): 0.026
(1,3): 0.006
(3,2): 0.015
(8,4): 0.003
(6,1): 0.007
(7,2): 0.003
(7,4): 0.002
(3,0): 0.011
(6,5): 0.018
(7,8): 0.002
(0,2): 0.002
(5,9): 0.021
(9,3): 0.003
(3,4): 0.009
(9,7): 0.01
(7,5): 0.002
(4,5): 0.01
(5,8): 0.01
(7,7): 0.003
(9,4): 0.003
(9,2): 0.005
(7,6): 0.003
(6,6): 0.005
(8,8): 0.002
(6,9): 0.002
(8,6): 0.003
(6,8): 0.002
(3,6): 0.001
(5,1): 0.008
(4,1): 0.007
(4,7): 0.004
(3,5): 0.001
(9,5): 0.001
(8,0): 0.001
(5,6): 0.001
(2,4): 0.001
