(23,12): 166
(23,13): 124
(22,16): 150
(22,15): 1526
(25,15): 2070
(28,20): 40
(28,21): 14
(26,21): 1344
(23,19): 288
(21,20): 244
(24,15): 12
(7,15): 42
(18,22): 136
(23,21): 216
(30,33): 4
(26,22): 2932
(24,21): 1064
(26,25): 84
(27,39): 190
(9,23): 50
(30,16): 1328
(35,17): 266
(27,12): 192
(36,7): 14
(20,19): 584
(25,21): 294
(24,22): 204
(28,15): 250
(29,10): 42
(24,18): 66
(27,4): 62
(15,17): 24
(23,36): 4
(27,17): 36
(27,19): 426
(26,19): 32
(24,16): 48
(31,22): 2
(23,20): 646
(25,19): 76
(23,17): 126
(27,20): 350
(11,16): 124
(10,10): 150
(11,10): 4
(28,22): 876
(21,47): 82
(27,23): 24
(19,16): 116
(21,14): 10
(18,9): 8
(16,18): 88
(12,11): 288
(29,11): 2
(18,17): 244
(23,5): 46
(27,21): 522
(29,14): 4
(28,25): 144
(8,12): 98
(22,18): 176
(18,18): 314
(25,18): 270
(20,16): 126
(27,2): 298
(31,21): 10
(27,16): 24
(13,9): 30
(26,15): 424
(35,18): 6
(25,22): 84
(21,0): 206
(30,21): 98
(26,23): 212
(23,22): 16
(28,30): 72
(31,20): 54
(14,16): 10
(21,15): 80
(30,17): 60
(27,41): 54
(25,43): 2
(27,22): 204
(20,46): 52
(39,16): 24
(23,10): 108
(19,32): 98
(18,32): 66
(43,10): 62
(17,17): 308
(23,34): 14
(22,22): 112
(30,49): 38
(24,13): 22
(24,14): 52
(42,36): 12
(25,20): 132
(11,13): 10
(21,13): 30
(25,14): 86
(16,8): 26
(12,19): 62
(9,16): 8
(6,14): 4
(30,15): 26
(23,6): 6
(16,10): 36
(24,23): 64
(20,5): 34
(22,0): 86
(13,13): 12
(17,13): 8
(21,46): 18
(23,48): 4
(23,15): 84
(23,16): 142
(28,26): 30
(16,13): 84
(28,37): 14
(26,38): 12
(20,27): 54
(27,24): 44
(26,20): 166
(30,32): 56
(25,45): 208
(23,14): 16
(18,15): 24
(31,25): 36
(32,26): 76
(26,36): 6
(24,17): 24
(46,36): 50
(12,15): 22
(15,16): 8
(11,14): 4
(22,19): 48
(22,12): 66
(22,11): 14
(36,33): 12
(20,15): 90
(18,19): 544
(30,12): 12
(15,19): 26
(14,18): 26
(34,13): 46
(22,20): 126
(47,35): 4
(7,12): 4
(8,11): 10
(11,4): 8
(21,35): 46
(32,29): 2
(30,18): 88
(14,17): 56
(20,47): 14
(35,15): 2
(21,23): 16
(29,17): 56
(26,14): 82
(21,16): 64
(32,0): 2
(22,6): 6
(29,5): 4
(32,25): 158
(33,8): 8
(27,18): 104
(38,16): 26
(22,17): 68
(16,12): 86
(19,18): 32
(29,22): 88
(28,11): 2
(5,12): 14
(24,20): 52
(7,14): 144
(25,28): 28
(21,19): 24
(10,17): 14
(20,14): 16
(20,18): 26
(6,8): 6
(19,19): 10
(27,9): 6
(45,30): 4
(27,10): 30
(18,3): 10
(25,17): 10
(26,26): 4
(24,11): 6
(13,15): 22
(31,11): 2
(26,9): 88
(16,3): 38
(26,17): 18
(23,25): 6
(16,19): 30
(15,6): 74
(31,16): 70
(32,18): 54
(33,18): 40
(19,21): 20
(29,36): 10
(45,11): 6
(33,17): 2
(22,14): 78
(25,9): 4
(13,4): 10
(25,47): 48
(19,15): 12
(43,12): 16
(28,18): 56
(27,5): 12
(26,6): 44
(33,15): 28
(35,23): 90
(38,21): 32
(33,23): 20
(13,18): 36
(19,3): 2
(19,20): 10
(19,31): 16
(15,7): 6
(48,35): 4
(35,26): 4
(19,11): 6
(10,16): 4
(23,26): 4
(23,18): 6
(28,17): 6
(31,24): 4
(29,15): 4
(28,24): 42
(21,24): 30
(22,31): 22
(23,9): 14
(23,7): 22
(22,13): 24
(30,24): 34
(27,28): 14
(27,11): 2
(25,36): 24
(12,12): 4
(34,30): 6
(26,13): 58
(20,20): 6
(32,20): 16
(20,26): 10
(40,4): 18
(27,14): 8
(23,24): 2
(40,12): 2
(45,40): 44
(22,23): 10
(20,12): 48
(29,8): 38
(30,19): 4
(31,19): 16
(19,5): 4
(27,15): 10
(31,10): 8
(17,3): 18
(18,7): 10
(43,29): 2
(29,23): 4
(36,25): 16
(26,24): 22
(14,8): 8
(27,0): 16
(25,16): 10
(42,34): 54
(31,13): 46
(35,43): 6
(28,23): 8
(23,33): 2
(43,34): 18
(25,23): 8
(31,12): 16
(41,18): 2
(47,23): 8
(32,17): 16
(30,27): 38
(8,13): 14
(24,1): 2
(20,30): 6
(11,15): 2
(33,16): 8
(36,16): 10
(37,17): 8
(39,19): 16
(36,17): 4
(29,13): 42
(18,24): 4
(8,15): 2
(7,17): 2
(21,18): 6
(17,2): 18
(29,21): 20
(25,12): 2
(32,27): 14
(12,4): 2
(22,26): 20
(32,4): 38
(25,11): 10
(43,24): 4
(30,22): 2
(8,9): 28
(36,15): 2
(34,18): 8
(42,24): 2
(42,29): 2
(9,9): 10
(21,1): 6
(27,3): 4
(34,31): 4
(38,7): 6
(22,21): 10
(28,2): 2
(30,23): 6
(23,11): 12
(27,7): 10
(24,2): 4
(36,34): 18
(34,29): 12
(17,19): 20
(16,1): 2
(23,47): 4
(13,12): 40
(22,3): 2
(38,17): 2
(19,9): 4
(24,45): 40
(25,13): 8
(22,24): 6
(29,16): 8
(30,2): 10
(25,24): 10
(33,14): 16
(48,23): 6
(37,23): 2
(26,3): 6
(29,18): 34
(22,30): 10
(37,37): 16
(25,26): 192
(11,8): 2
(27,25): 14
(24,24): 18
(23,27): 4
(41,35): 4
(32,3): 4
(20,6): 6
(32,45): 2
(40,18): 2
(37,16): 18
(14,13): 2
(20,2): 2
(30,34): 18
(26,12): 4
(3,14): 6
(40,15): 2
(21,9): 4
(26,10): 2
(20,8): 12
(31,6): 2
(18,16): 6
(12,16): 16
(41,24): 2
(27,13): 12
(26,18): 2
(34,15): 6
(47,28): 4
(29,47): 4
(29,19): 12
(29,20): 8
(13,8): 12
(35,8): 2
(10,18): 2
(19,10): 2
(19,14): 32
(21,21): 6
(24,9): 2
(29,24): 4
(17,18): 2
(24,42): 2
(32,16): 2
(18,21): 2
(13,3): 2
(25,27): 4
(9,10): 4
(34,17): 2
(6,18): 2
(26,11): 2
