(26,21): 0.218
(26,22): 0.315
(25,15): 0.124
(19,16): 0.008
(31,16): 0.002
(22,18): 0.002
(28,15): 0.004
(12,11): 0.002
(11,16): 0.004
(27,21): 0.045
(24,20): 0.005
(22,15): 0.037
(24,21): 0.016
(27,15): 0.004
(28,22): 0.015
(26,20): 0.026
(30,21): 0.004
(26,15): 0.011
(30,16): 0.024
(26,23): 0.011
(14,5): 0.001
(18,18): 0.009
(26,24): 0.002
(23,15): 0.005
(18,19): 0.007
(25,21): 0.014
(35,17): 0.002
(18,17): 0.002
(34,13): 0.001
(27,22): 0.011
(23,20): 0.006
(27,20): 0.005
(27,2): 0.003
(40,4): 0.001
(23,21): 0.002
(27,39): 0.003
(23,13): 0.001
(23,19): 0.001
(21,33): 0.001
(25,14): 0.006
(22,14): 0.001
(31,10): 0.002
(20,15): 0.001
(26,25): 0.001
(21,20): 0.002
(22,33): 0.001
(21,15): 0.001
(25,45): 0.001
(21,32): 0.002
(20,16): 0.003
(25,22): 0.001
(20,19): 0.003
(25,18): 0.002
(32,25): 0.001
(23,18): 0.002
(29,15): 0.001
(22,17): 0.001
(20,27): 0.001
(27,4): 0.001
(30,18): 0.002
(25,26): 0.001
(7,14): 0.001
(18,24): 0.001
(31,19): 0.001
(28,24): 0.001
(48,23): 0.001
(16,13): 0.001
(24,24): 0.001
(27,11): 0.001
(26,26): 0.001
