(9,9): 0.01
(10,6): 0.057
(13,0): 0.003
(11,4): 0.012
(12,6): 0.031
(14,3): 0.002
(17,4): 0.011
(8,6): 0.048
(10,8): 0.095
(11,6): 0.019
(10,18): 0.011
(10,5): 0.014
(9,8): 0.067
(5,4): 0.012
(16,1): 0.003
(10,0): 0.009
(12,19): 0.007
(11,15): 0.004
(10,11): 0.003
(8,7): 0.018
(8,18): 0.008
(14,6): 0.007
(11,8): 0.038
(9,7): 0.019
(12,8): 0.015
(6,5): 0.005
(3,9): 0.012
(10,10): 0.016
(8,8): 0.003
(7,7): 0.027
(1,5): 0.001
(8,0): 0.034
(16,6): 0.006
(4,4): 0.008
(14,17): 0.002
(16,12): 0.002
(7,6): 0.009
(16,5): 0.002
(13,6): 0.002
(6,6): 0.009
(18,16): 0.002
(16,14): 0.007
(12,3): 0.005
(9,18): 0.004
(3,6): 0.008
(3,5): 0.015
(14,5): 0.004
(14,2): 0.002
(13,10): 0.003
(4,6): 0.009
(12,16): 0.002
(10,7): 0.015
(5,3): 0.003
(18,4): 0.005
(9,5): 0.006
(5,7): 0.008
(13,4): 0.003
(13,7): 0.001
(14,13): 0.004
(13,5): 0.006
(19,9): 0.002
(11,10): 0.011
(17,9): 0.001
(11,0): 0.001
(11,9): 0.013
(6,2): 0.009
(4,2): 0.002
(5,6): 0.005
(10,4): 0.008
(8,4): 0.007
(2,5): 0.008
(4,7): 0.004
(6,4): 0.005
(9,6): 0.01
(18,14): 0.006
(8,5): 0.004
(10,3): 0.005
(12,9): 0.003
(6,3): 0.001
(10,9): 0.003
(7,8): 0.002
(2,3): 0.003
(9,4): 0.007
(12,2): 0.002
(17,16): 0.002
(15,6): 0.001
(5,8): 0.001
(4,5): 0.006
(10,16): 0.004
(12,13): 0.001
(6,7): 0.006
(8,14): 0.003
(12,12): 0.002
(9,3): 0.004
(10,1): 0.002
(14,9): 0.002
(5,1): 0.002
(3,3): 0.005
(7,12): 0.001
(12,10): 0.003
(7,9): 0.004
(2,6): 0.002
(3,7): 0.002
(12,4): 0.002
(11,7): 0.002
(9,2): 0.002
(7,2): 0.003
(11,14): 0.003
(7,5): 0.002
(7,1): 0.003
(15,14): 0.003
(12,7): 0.005
(9,10): 0.002
(10,19): 0.002
(9,1): 0.003
(19,14): 0.001
(11,5): 0.001
(11,3): 0.002
(8,12): 0.001
(12,5): 0.001
(16,4): 0.001
(8,10): 0.001
(16,2): 0.001
(17,13): 0.001
(13,14): 0.001
(8,11): 0.001
(9,12): 0.001
(6,10): 0.001
(8,9): 0.002
(11,18): 0.001
(8,13): 0.001
(7,3): 0.001
(13,17): 0.001
