(12,6): 0.04
(10,2): 0.002
(10,6): 0.055
(11,9): 0.006
(11,8): 0.029
(10,14): 0.002
(10,8): 0.12
(5,3): 0.002
(1,5): 0.001
(9,8): 0.056
(9,6): 0.011
(9,5): 0.012
(7,8): 0.002
(9,4): 0.009
(8,7): 0.017
(5,4): 0.022
(7,9): 0.014
(11,6): 0.017
(7,7): 0.029
(9,0): 0.003
(14,3): 0.001
(6,7): 0.011
(10,7): 0.012
(10,9): 0.011
(4,6): 0.011
(11,4): 0.008
(13,3): 0.005
(13,17): 0.001
(6,2): 0.008
(8,6): 0.037
(14,8): 0.001
(10,18): 0.017
(18,4): 0.001
(11,15): 0.003
(11,13): 0.002
(8,0): 0.015
(15,10): 0.001
(6,5): 0.005
(12,13): 0.003
(9,9): 0.01
(8,8): 0.01
(2,7): 0.002
(11,10): 0.014
(17,4): 0.009
(3,5): 0.011
(11,14): 0.002
(9,7): 0.013
(10,5): 0.008
(12,10): 0.005
(13,10): 0.009
(4,5): 0.006
(18,7): 0.004
(10,10): 0.011
(4,7): 0.003
(7,6): 0.008
(6,1): 0.006
(11,18): 0.001
(3,6): 0.007
(8,4): 0.004
(10,0): 0.01
(11,11): 0.001
(7,5): 0.004
(12,1): 0.003
(7,4): 0.007
(11,16): 0.001
(8,18): 0.009
(12,8): 0.008
(14,2): 0.004
(9,3): 0.001
(11,2): 0.004
(10,4): 0.002
(18,14): 0.006
(10,1): 0.002
(13,6): 0.003
(12,9): 0.006
(6,3): 0.002
(18,16): 0.006
(13,11): 0.001
(5,7): 0.005
(2,5): 0.007
(13,0): 0.001
(14,13): 0.004
(3,4): 0.002
(12,16): 0.001
(9,17): 0.005
(8,9): 0.003
(16,4): 0.002
(14,5): 0.002
(16,6): 0.003
(10,16): 0.006
(15,6): 0.002
(9,10): 0.001
(12,4): 0.001
(7,13): 0.003
(17,3): 0.003
(11,12): 0.001
(9,2): 0.002
(4,4): 0.007
(8,3): 0.001
(6,4): 0.003
(8,10): 0.005
(13,12): 0.003
(3,9): 0.002
(15,9): 0.001
(9,11): 0.003
(15,14): 0.003
(14,6): 0.006
(7,12): 0.003
(18,12): 0.002
(16,14): 0.008
(11,7): 0.002
(7,0): 0.002
(8,12): 0.002
(13,7): 0.004
(9,13): 0.003
(8,5): 0.002
(3,8): 0.003
(7,1): 0.003
(17,15): 0.001
(7,3): 0.001
(17,11): 0.003
(13,5): 0.001
(10,3): 0.003
(16,1): 0.002
(12,7): 0.004
(5,1): 0.001
(15,5): 0.001
(13,4): 0.003
(14,10): 0.001
(16,9): 0.001
(14,9): 0.001
(8,13): 0.001
(17,13): 0.001
(5,2): 0.001
(3,3): 0.002
(16,16): 0.001
(1,4): 0.001
(18,9): 0.001
(3,7): 0.001
(10,19): 0.001
(6,6): 0.002
(17,10): 0.001
(11,19): 0.001
(17,9): 0.001
(12,11): 0.002
(8,14): 0.001
(5,6): 0.001
(5,5): 0.001
(13,15): 0.001
(2,3): 0.002
(10,12): 0.001
(18,6): 0.001
(7,11): 0.001
(12,12): 0.001
(14,17): 0.001
(12,3): 0.001
(8,19): 0.001
