((23,14)(23,14)) 15
((23,14)(15,15)) 1
((15,15)(15,15)) 214
((15,15)(15,19)) 2
((15,19)(15,19)) 27
((15,19)(15,13)) 5
((15,13)(15,13)) 342
((15,13)(16,13)) 82
((16,13)(16,13)) 2946
((16,13)(19,15)) 9
((19,15)(19,15)) 228
((19,15)(15,19)) 2
((16,13)(23,14)) 3
((23,14)(21,14)) 1
((21,14)(21,14)) 9
((21,14)(15,15)) 1
((9,4)(9,4)) 114
((9,4)(15,12)) 2
((15,12)(15,12)) 400
((15,12)(10,5)) 1
((10,5)(10,5)) 46
((10,5)(9,4)) 5
((9,4)(9,9)) 1
((9,9)(9,9)) 23
((9,9)(11,11)) 1
((11,11)(11,11)) 608
((11,11)(16,13)) 22
((16,13)(16,12)) 38
((16,12)(16,12)) 373
((7,7)(7,7)) 175
((7,7)(10,10)) 6
((10,10)(10,10)) 190
((10,10)(15,9)) 13
((15,9)(15,9)) 1900
((15,9)(7,7)) 7
((7,7)(14,9)) 1
((14,9)(14,9)) 186
((14,9)(7,7)) 1
((18,10)(18,10)) 176
((18,10)(17,9)) 4
((17,9)(17,9)) 214
((17,9)(11,11)) 6
((11,11)(17,9)) 3
((17,9)(16,10)) 8
((16,10)(16,10)) 116
((16,10)(17,9)) 9
((17,13)(17,13)) 318
((17,13)(16,13)) 40
((16,12)(16,13)) 46
((16,13)(17,13)) 56
((21,10)(21,10)) 142
((21,10)(27,6)) 6
((27,6)(27,6)) 58
((27,6)(21,10)) 2
((21,10)(13,12)) 2
((13,12)(13,12)) 628
((13,12)(27,6)) 1
((27,6)(27,7)) 4
((27,7)(27,7)) 12
((10,2)(10,2)) 30
((10,2)(7,6)) 1
((7,6)(7,6)) 123
((7,6)(13,12)) 1
((13,12)(10,1)) 2
((10,1)(10,1)) 221
((10,1)(10,2)) 4
((10,2)(13,12)) 2
((13,12)(12,11)) 10
((12,11)(12,11)) 434
((12,11)(7,6)) 9
((7,6)(10,2)) 1
((10,2)(10,1)) 1
((12,11)(11,11)) 23
((11,11)(10,11)) 5
((10,11)(10,11)) 121
((10,11)(6,10)) 3
((6,10)(6,10)) 317
((6,10)(5,11)) 3
((5,11)(5,11)) 12
((5,11)(6,10)) 2
((6,10)(9,11)) 5
((9,11)(9,11)) 185
((9,11)(11,11)) 10
((6,10)(15,15)) 1
((15,15)(17,18)) 1
((17,18)(17,18)) 36
((17,18)(17,22)) 1
((17,22)(17,22)) 30
((17,22)(16,25)) 1
((16,25)(16,25)) 316
((16,25)(15,26)) 4
((15,26)(15,26)) 5
((2,8)(2,8)) 45
((2,8)(3,7)) 7
((3,7)(3,7)) 185
((3,7)(4,8)) 9
((4,8)(4,8)) 413
((4,8)(6,8)) 6
((6,8)(6,8)) 20
((6,8)(4,8)) 8
((4,8)(4,9)) 39
((4,9)(4,9)) 155
((4,9)(4,8)) 33
((4,8)(3,7)) 12
((4,5)(4,5)) 58
((4,5)(5,4)) 5
((5,4)(5,4)) 24
((5,4)(6,4)) 3
((6,4)(6,4)) 13
((6,4)(5,4)) 2
((5,4)(4,5)) 2
((24,9)(24,9)) 67
((24,9)(14,12)) 6
((14,12)(14,12)) 994
((14,12)(13,14)) 10
((13,14)(13,14)) 123
((13,14)(14,12)) 12
((14,12)(24,9)) 5
((24,9)(13,14)) 1
((14,12)(21,10)) 5
((21,10)(24,9)) 2
((26,7)(26,7)) 158
((26,7)(13,12)) 7
((13,12)(8,11)) 9
((8,11)(8,11)) 53
((8,11)(13,12)) 10
((13,12)(26,7)) 7
((26,7)(8,11)) 1
((15,9)(15,10)) 19
((15,10)(15,10)) 87
((15,10)(15,11)) 4
((15,11)(15,11)) 334
((15,11)(15,9)) 4
((15,10)(15,9)) 19
((17,7)(17,7)) 25
((17,7)(17,8)) 2
((17,8)(17,8)) 57
((17,8)(16,8)) 2
((16,8)(16,8)) 37
((16,8)(17,9)) 2
((17,9)(15,9)) 11
((15,9)(17,7)) 3
((16,8)(16,7)) 2
((16,7)(16,7)) 142
((16,7)(15,9)) 17
((9,7)(9,7)) 78
((9,7)(8,10)) 3
((8,10)(8,10)) 259
((8,10)(7,12)) 8
((7,12)(7,12)) 22
((7,12)(5,13)) 4
((5,13)(5,13)) 58
((5,13)(7,12)) 5
((7,12)(9,7)) 3
((16,15)(16,15)) 199
((16,15)(18,13)) 1
((18,13)(18,13)) 234
((18,13)(19,17)) 8
((19,17)(19,17)) 31
((19,17)(16,15)) 2
((16,15)(15,11)) 1
((15,11)(15,13)) 3
((15,13)(13,9)) 3
((13,9)(13,9)) 1173
((13,9)(15,11)) 2
((18,9)(18,9)) 868
((18,9)(15,12)) 10
((15,12)(14,14)) 2
((14,14)(14,14)) 75
((14,14)(14,13)) 8
((14,13)(14,13)) 250
((14,13)(15,12)) 7
((15,12)(18,9)) 8
((14,14)(14,12)) 5
((14,12)(12,11)) 3
((12,11)(18,9)) 5
((13,9)(12,9)) 21
((12,9)(12,9)) 245
((12,9)(13,9)) 24
((13,9)(7,2)) 5
((7,2)(7,2)) 21
((14,12)(16,13)) 47
((16,13)(15,13)) 87
((16,13)(12,11)) 5
((12,11)(15,13)) 4
((15,13)(14,12)) 9
((15,11)(15,15)) 3
((15,15)(12,28)) 1
((12,28)(12,28)) 134
((12,28)(15,23)) 2
((15,23)(15,23)) 2
((15,23)(16,12)) 2
((16,12)(15,11)) 3
((28,21)(28,21)) 24
((28,21)(27,24)) 3
((27,24)(27,24)) 188
((27,24)(19,15)) 9
((19,15)(15,12)) 7
((15,12)(16,12)) 26
((16,12)(19,15)) 5
((19,15)(27,24)) 7
((27,24)(28,21)) 4
((15,13)(9,10)) 5
((9,10)(9,10)) 67
((9,10)(8,9)) 9
((8,9)(8,9)) 20
((8,9)(6,8)) 9
((6,8)(5,8)) 10
((5,8)(5,8)) 37
((5,8)(9,10)) 1
((5,8)(15,13)) 4
((12,16)(12,16)) 60
((12,16)(11,19)) 4
((11,19)(11,19)) 98
((10,13)(10,13)) 19
((10,13)(13,12)) 1
((13,12)(15,11)) 3
((15,11)(13,12)) 2
((13,12)(11,12)) 3
((11,12)(11,12)) 26
((11,12)(11,13)) 4
((11,13)(11,13)) 105
((11,13)(15,9)) 3
((12,4)(12,4)) 51
((12,4)(12,3)) 2
((12,3)(12,3)) 29
((12,3)(12,4)) 3
((12,4)(15,9)) 5
((15,9)(12,4)) 7
((15,9)(13,8)) 2
((13,8)(13,8)) 85
((13,8)(16,12)) 1
((16,12)(13,9)) 5
((15,28)(15,28)) 53
((15,28)(16,25)) 3
((16,25)(27,24)) 5
((27,24)(16,25)) 8
((16,25)(15,28)) 1
((16,25)(15,27)) 14
((15,27)(15,27)) 288
((15,27)(16,25)) 9
((18,29)(18,29)) 66
((18,29)(19,15)) 3
((19,15)(14,13)) 6
((14,13)(18,29)) 7
((19,15)(16,13)) 15
((16,13)(14,13)) 5
((27,21)(27,21)) 90
((27,21)(14,12)) 7
((16,13)(27,21)) 10
((16,25)(17,21)) 7
((17,21)(17,21)) 52
((17,21)(16,13)) 3
((17,13)(19,15)) 12
((19,15)(17,13)) 11
((19,15)(16,25)) 2
((17,21)(19,15)) 2
((16,13)(16,25)) 7
((6,6)(6,6)) 164
((6,6)(9,7)) 2
((9,7)(12,9)) 2
((12,9)(6,6)) 1
((6,6)(14,13)) 1
((14,13)(6,6)) 1
((6,6)(12,9)) 2
((12,9)(14,13)) 2
((14,13)(7,6)) 1
((7,6)(6,6)) 5
((9,7)(13,9)) 12
((13,9)(14,11)) 14
((14,11)(14,11)) 215
((14,11)(12,9)) 2
((12,9)(6,10)) 1
((6,10)(6,9)) 17
((6,9)(6,9)) 40
((6,9)(13,9)) 2
((13,9)(9,7)) 13
((14,11)(13,9)) 20
((15,12)(13,6)) 1
((13,6)(13,6)) 47
((13,6)(13,9)) 4
((13,9)(16,13)) 17
((16,13)(15,12)) 8
((23,21)(23,21)) 57
((23,21)(27,24)) 7
((27,24)(23,21)) 7
((23,21)(21,20)) 3
((21,20)(21,20)) 46
((21,20)(23,21)) 2
((18,19)(18,19)) 25
((18,19)(14,10)) 2
((14,10)(14,10)) 131
((14,10)(14,13)) 2
((14,13)(14,14)) 10
((16,13)(11,11)) 18
((15,13)(11,11)) 3
((15,9)(18,9)) 45
((15,12)(15,11)) 9
((15,11)(11,11)) 1
((11,11)(15,9)) 18
((23,10)(23,10)) 111
((19,17)(19,18)) 2
((19,18)(19,18)) 41
((19,18)(18,13)) 1
((18,13)(14,12)) 2
((14,12)(20,22)) 1
((20,22)(20,22)) 22
((20,22)(18,13)) 3
((16,6)(16,6)) 86
((16,6)(15,9)) 4
((15,9)(16,6)) 8
((16,6)(14,9)) 3
((14,9)(16,6)) 3
((16,6)(15,8)) 1
((15,8)(15,8)) 191
((15,8)(16,7)) 1
((16,7)(16,6)) 5
((16,14)(16,14)) 144
((16,14)(13,9)) 8
((13,9)(16,14)) 3
((13,9)(14,14)) 2
((14,14)(16,14)) 1
((7,8)(7,8)) 18
((7,8)(11,11)) 3
((11,11)(6,10)) 14
((6,10)(7,8)) 7
((6,10)(4,9)) 10
((4,8)(10,1)) 8
((10,1)(4,8)) 8
((4,9)(6,10)) 13
((6,10)(6,11)) 10
((6,11)(6,11)) 100
((6,11)(5,10)) 4
((5,10)(5,10)) 23
((5,10)(5,11)) 4
((5,11)(5,10)) 3
((5,10)(6,10)) 4
((28,11)(28,11)) 6
((28,11)(13,27)) 1
((13,27)(13,27)) 11
((13,27)(13,26)) 2
((13,26)(13,26)) 24
((13,26)(28,11)) 1
((28,11)(29,10)) 3
((29,10)(29,10)) 15
((29,10)(28,11)) 2
((28,11)(13,26)) 1
((13,26)(13,27)) 1
((13,26)(28,15)) 1
((28,15)(28,15)) 2
((28,15)(28,16)) 1
((28,16)(28,16)) 11
((28,16)(28,11)) 1
((14,13)(16,13)) 11
((13,10)(13,10)) 281
((13,10)(16,14)) 1
((13,9)(14,12)) 6
((14,12)(13,10)) 5
((13,10)(14,12)) 6
((14,12)(15,9)) 15
((15,9)(14,9)) 12
((15,9)(11,11)) 15
((11,11)(12,11)) 22
((16,25)(15,15)) 4
((15,15)(16,25)) 3
((16,12)(11,11)) 2
((16,12)(14,12)) 12
((14,12)(11,11)) 12
((9,10)(9,6)) 2
((9,6)(9,6)) 26
((9,6)(10,4)) 1
((10,4)(10,4)) 9
((10,4)(10,5)) 3
((10,5)(9,10)) 1
((9,6)(9,10)) 1
((16,13)(16,11)) 11
((16,11)(16,11)) 185
((16,11)(16,13)) 16
((16,13)(20,13)) 1
((20,13)(20,13)) 2
((20,13)(18,13)) 2
((18,13)(16,13)) 11
((16,13)(18,13)) 11
((5,13)(12,11)) 1
((12,11)(17,12)) 2
((17,12)(17,12)) 87
((17,12)(25,11)) 2
((25,11)(25,11)) 29
((13,9)(15,9)) 54
((15,9)(21,10)) 10
((21,10)(18,12)) 1
((18,12)(18,12)) 134
((18,12)(15,9)) 5
((15,9)(10,5)) 1
((10,5)(9,7)) 1
((15,27)(16,28)) 2
((16,28)(16,28)) 5
((16,28)(15,27)) 2
((15,27)(14,9)) 1
((14,9)(15,27)) 1
((15,9)(15,8)) 61
((15,8)(15,9)) 68
((15,9)(15,12)) 4
((15,12)(22,7)) 1
((22,7)(22,7)) 10
((22,7)(20,9)) 3
((20,9)(20,9)) 23
((13,8)(13,9)) 20
((15,9)(16,10)) 1
((16,10)(15,9)) 3
((15,9)(13,9)) 46
((18,11)(18,11)) 131
((18,11)(16,13)) 4
((16,13)(14,12)) 39
((14,12)(13,13)) 7
((13,13)(13,13)) 71
((13,13)(11,14)) 2
((11,14)(11,14)) 192
((11,14)(14,14)) 2
((14,14)(15,13)) 1
((14,12)(14,11)) 8
((14,11)(14,10)) 2
((14,10)(11,6)) 1
((11,6)(11,6)) 23
((11,6)(10,4)) 1
((9,4)(15,9)) 2
((13,9)(9,4)) 4
((18,1)(18,1)) 29
((18,1)(18,2)) 1
((18,2)(18,2)) 3
((18,2)(17,9)) 1
((17,9)(18,9)) 12
((18,9)(17,9)) 11
((17,9)(18,2)) 2
((18,2)(18,1)) 1
((18,1)(17,9)) 8
((8,10)(11,11)) 8
((11,11)(10,10)) 15
((10,10)(11,11)) 11
((11,11)(8,10)) 8
((4,5)(7,6)) 2
((7,6)(7,7)) 6
((7,7)(14,12)) 4
((14,12)(15,13)) 9
((15,13)(14,13)) 8
((14,13)(14,12)) 27
((14,12)(4,9)) 5
((4,9)(5,9)) 9
((5,9)(5,9)) 21
((5,9)(4,9)) 9
((4,9)(3,7)) 7
((3,7)(4,9)) 4
((3,7)(5,9)) 3
((5,9)(10,4)) 1
((10,4)(14,12)) 1
((14,12)(14,13)) 24
((14,13)(15,13)) 6
((18,13)(18,9)) 19
((18,9)(18,10)) 48
((18,10)(18,9)) 36
((18,9)(18,13)) 22
((18,13)(18,10)) 2
((24,25)(24,25)) 22
((24,25)(16,13)) 3
((17,13)(27,24)) 14
((27,24)(24,25)) 9
((24,25)(27,24)) 4
((27,24)(17,13)) 6
((27,24)(27,22)) 7
((27,22)(27,22)) 12
((27,22)(27,24)) 2
((27,24)(25,14)) 2
((25,14)(25,14)) 29
((25,14)(27,24)) 4
((27,22)(25,14)) 3
((14,9)(16,25)) 1
((16,25)(14,9)) 1
((15,27)(16,11)) 1
((14,12)(18,20)) 2
((18,20)(18,20)) 36
((18,20)(15,27)) 1
((18,9)(14,12)) 10
((14,12)(18,9)) 19
((16,11)(13,13)) 1
((13,13)(16,11)) 3
((16,11)(13,12)) 2
((13,12)(13,13)) 6
((25,22)(25,22)) 99
((25,22)(24,21)) 7
((24,21)(24,21)) 24
((24,21)(16,23)) 5
((16,23)(16,23)) 258
((16,23)(24,21)) 7
((24,21)(25,22)) 10
((13,3)(13,3)) 36
((13,3)(13,4)) 1
((13,4)(13,4)) 20
((18,9)(16,12)) 11
((17,13)(18,9)) 4
((18,9)(15,9)) 39
((15,9)(17,13)) 5
((29,13)(29,13)) 9
((29,13)(16,15)) 1
((16,15)(14,13)) 1
((14,13)(16,15)) 2
((16,15)(19,15)) 2
((19,15)(29,13)) 3
((29,13)(15,13)) 1
((14,13)(15,15)) 1
((12,28)(12,16)) 4
((12,16)(12,28)) 5
((12,16)(14,13)) 1
((14,13)(12,16)) 1
((18,12)(20,11)) 2
((20,11)(20,11)) 29
((20,11)(18,11)) 6
((18,11)(18,12)) 12
((18,12)(18,11)) 6
((18,11)(20,11)) 5
((22,9)(22,9)) 20
((22,9)(21,10)) 5
((21,10)(19,11)) 6
((19,11)(19,11)) 108
((19,11)(19,12)) 4
((19,12)(19,12)) 31
((19,12)(19,11)) 4
((19,11)(21,10)) 7
((21,10)(22,9)) 9
((22,9)(19,11)) 1
((21,10)(19,12)) 5
((8,10)(12,11)) 8
((12,11)(16,13)) 10
((11,11)(7,11)) 3
((7,11)(7,11)) 41
((7,11)(7,10)) 9
((7,10)(7,10)) 43
((7,10)(7,11)) 8
((7,10)(8,10)) 2
((8,10)(16,13)) 11
((16,13)(8,10)) 6
((12,11)(9,11)) 6
((9,11)(9,10)) 11
((9,10)(8,10)) 6
((12,11)(8,10)) 2
((14,8)(14,8)) 91
((14,8)(14,12)) 2
((15,13)(14,8)) 1
((14,8)(15,12)) 2
((16,12)(15,9)) 13
((15,9)(14,8)) 7
((19,2)(19,2)) 27
((19,2)(18,9)) 6
((18,9)(12,9)) 11
((12,9)(10,10)) 2
((10,10)(9,11)) 3
((9,11)(10,11)) 1
((10,11)(9,11)) 3
((9,11)(10,10)) 7
((10,10)(18,9)) 7
((18,9)(18,6)) 4
((18,6)(18,6)) 18
((18,6)(19,2)) 2
((18,9)(9,11)) 4
((18,9)(19,2)) 4
((16,9)(16,9)) 101
((16,9)(14,10)) 1
((14,10)(14,9)) 3
((14,9)(15,9)) 12
((15,9)(16,9)) 4
((17,13)(12,11)) 3
((15,15)(15,14)) 7
((15,14)(15,14)) 108
((15,14)(15,15)) 7
((15,14)(16,12)) 3
((15,9)(18,20)) 1
((19,18)(12,11)) 2
((12,11)(13,12)) 12
((13,12)(19,18)) 1
((12,11)(19,18)) 1
((10,1)(10,3)) 1
((10,3)(10,3)) 1
((10,3)(9,3)) 1
((9,3)(9,3)) 3
((9,3)(9,4)) 2
((9,4)(8,5)) 1
((8,5)(8,5)) 49
((8,5)(7,5)) 1
((7,5)(7,5)) 6
((7,5)(4,8)) 3
((4,8)(7,6)) 3
((7,6)(4,8)) 7
((16,1)(16,1)) 177
((16,1)(15,9)) 13
((15,9)(10,10)) 13
((10,10)(10,11)) 9
((10,11)(12,9)) 2
((12,9)(15,9)) 8
((15,9)(16,1)) 13
((16,1)(15,1)) 5
((15,1)(15,1)) 11
((15,1)(16,1)) 4
((10,11)(15,9)) 4
((21,7)(21,7)) 13
((21,7)(22,6)) 1
((22,6)(22,6)) 5
((22,6)(18,11)) 1
((18,11)(16,9)) 2
((16,9)(18,11)) 1
((18,11)(22,6)) 3
((22,6)(21,7)) 2
((21,7)(10,13)) 1
((10,13)(21,7)) 1
((21,7)(18,11)) 1
((16,9)(17,13)) 2
((17,13)(18,11)) 1
((15,9)(18,0)) 1
((18,0)(18,0)) 6
((18,0)(17,9)) 1
((13,0)(13,0)) 202
((13,0)(12,1)) 2
((12,1)(12,1)) 29
((14,5)(14,5)) 62
((14,5)(12,16)) 1
((11,19)(14,12)) 2
((15,9)(10,1)) 4
((10,1)(9,1)) 4
((9,1)(9,1)) 8
((9,1)(10,1)) 6
((10,1)(13,6)) 1
((13,6)(14,6)) 4
((14,6)(14,6)) 33
((14,6)(14,5)) 1
((15,27)(14,13)) 4
((14,14)(15,27)) 2
((14,14)(16,23)) 1
((16,23)(15,27)) 3
((14,7)(14,7)) 113
((14,7)(15,9)) 18
((15,9)(14,7)) 19
((16,4)(16,4)) 89
((16,4)(15,9)) 7
((15,9)(16,4)) 2
((16,4)(13,13)) 1
((13,13)(16,4)) 1
((16,4)(4,9)) 1
((4,9)(16,4)) 1
((18,13)(19,15)) 12
((19,15)(19,17)) 3
((19,17)(19,15)) 3
((19,15)(18,13)) 6
((18,9)(19,17)) 1
((12,21)(12,21)) 54
((12,21)(13,19)) 1
((13,19)(13,19)) 26
((13,19)(10,11)) 1
((10,11)(12,16)) 2
((12,16)(12,21)) 2
((12,21)(12,20)) 1
((12,20)(12,20)) 3
((12,20)(12,21)) 2
((12,21)(11,21)) 2
((11,21)(11,21)) 4
((12,11)(14,12)) 5
((15,9)(18,12)) 10
((18,12)(15,8)) 8
((7,7)(15,8)) 1
((15,8)(18,12)) 2
((14,12)(12,5)) 3
((12,5)(12,5)) 34
((12,5)(14,12)) 3
((8,5)(7,6)) 7
((7,6)(13,9)) 4
((13,9)(7,6)) 5
((7,6)(8,5)) 6
((8,5)(7,7)) 1
((7,7)(12,11)) 2
((12,11)(7,7)) 1
((7,7)(7,6)) 8
((17,12)(16,12)) 8
((16,12)(17,12)) 6
((16,23)(16,25)) 12
((16,25)(15,29)) 10
((15,29)(15,29)) 54
((15,29)(16,25)) 8
((16,25)(16,23)) 13
((16,25)(15,25)) 2
((15,25)(15,25)) 8
((15,25)(15,29)) 2
((27,24)(18,13)) 3
((18,9)(16,13)) 15
((15,21)(15,21)) 76
((15,21)(12,9)) 1
((12,9)(14,12)) 3
((14,13)(15,21)) 2
((13,9)(16,12)) 6
((16,12)(14,11)) 5
((7,7)(12,28)) 1
((12,28)(21,10)) 1
((21,10)(25,4)) 1
((25,4)(25,4)) 1
((25,4)(26,5)) 1
((26,5)(26,5)) 35
((26,5)(25,5)) 1
((25,5)(25,5)) 2
((25,5)(26,5)) 1
((26,5)(26,6)) 2
((26,6)(26,6)) 39
((26,6)(27,6)) 3
((27,6)(26,6)) 4
((26,6)(25,5)) 1
((16,14)(18,17)) 9
((18,17)(18,17)) 34
((18,17)(16,14)) 9
((18,17)(19,18)) 1
((19,18)(20,18)) 1
((20,18)(20,18)) 47
((20,18)(19,17)) 1
((19,17)(18,17)) 2
((13,9)(18,9)) 30
((18,9)(20,7)) 16
((20,7)(20,7)) 57
((20,7)(18,9)) 15
((15,9)(14,12)) 19
((14,12)(17,13)) 11
((17,13)(20,7)) 1
((18,9)(13,9)) 22
((14,10)(14,12)) 8
((14,12)(13,12)) 26
((13,12)(14,11)) 5
((14,10)(15,9)) 6
((14,8)(15,9)) 6
((8,10)(4,8)) 6
((4,8)(5,8)) 6
((5,8)(5,7)) 1
((5,7)(5,7)) 20
((5,7)(4,8)) 3
((4,8)(8,10)) 3
((5,8)(4,8)) 5
((10,1)(15,11)) 1
((15,11)(16,11)) 12
((16,11)(15,13)) 2
((15,13)(14,15)) 2
((14,15)(14,15)) 36
((14,15)(15,9)) 1
((11,11)(15,13)) 1
((15,13)(15,20)) 5
((15,20)(15,20)) 17
((15,20)(15,19)) 1
((15,19)(11,11)) 1
((11,11)(15,12)) 2
((15,12)(15,19)) 1
((17,9)(17,8)) 3
((15,9)(13,12)) 14
((17,13)(16,2)) 1
((16,2)(16,2)) 208
((16,2)(16,6)) 1
((16,6)(18,7)) 1
((18,7)(18,7)) 34
((18,7)(13,8)) 1
((13,8)(12,9)) 1
((19,11)(20,11)) 6
((20,11)(19,11)) 5
((19,11)(17,12)) 6
((17,12)(17,11)) 6
((17,11)(17,11)) 32
((17,11)(19,11)) 1
((17,11)(17,12)) 5
((17,12)(19,11)) 5
((13,10)(15,9)) 9
((15,9)(14,4)) 9
((14,4)(14,4)) 75
((14,4)(15,9)) 8
((15,9)(13,10)) 9
((6,6)(3,7)) 1
((3,7)(2,8)) 14
((2,8)(1,9)) 2
((1,9)(1,9)) 6
((1,9)(3,7)) 2
((4,8)(6,6)) 3
((16,13)(15,14)) 19
((15,14)(16,13)) 17
((15,9)(16,13)) 38
((16,13)(16,17)) 1
((16,17)(16,17)) 20
((16,17)(15,9)) 3
((14,8)(14,7)) 7
((26,7)(20,10)) 4
((20,10)(20,10)) 17
((20,10)(18,12)) 4
((18,12)(16,13)) 6
((16,13)(15,9)) 48
((21,10)(26,7)) 5
((17,9)(16,9)) 19
((16,9)(17,9)) 10
((16,9)(12,9)) 6
((12,9)(11,10)) 15
((11,10)(11,10)) 148
((11,10)(10,10)) 8
((10,11)(2,7)) 5
((2,7)(2,7)) 9
((6,9)(13,12)) 1
((13,12)(14,14)) 3
((14,14)(13,10)) 1
((13,10)(13,12)) 2
((26,6)(24,2)) 1
((24,2)(24,2)) 95
((24,2)(19,7)) 1
((19,7)(19,7)) 14
((19,7)(15,9)) 1
((13,9)(14,9)) 11
((13,12)(15,15)) 1
((15,15)(13,12)) 3
((13,12)(13,14)) 1
((13,14)(12,16)) 3
((11,19)(12,21)) 2
((12,21)(14,25)) 1
((14,25)(14,25)) 17
((14,25)(12,28)) 2
((12,28)(11,29)) 2
((11,29)(11,29)) 5
((15,8)(14,8)) 6
((14,8)(13,8)) 1
((18,23)(18,23)) 13
((18,23)(18,24)) 2
((18,24)(18,24)) 41
((18,24)(11,19)) 1
((11,19)(12,18)) 1
((12,18)(12,18)) 21
((12,18)(13,21)) 1
((13,21)(13,21)) 9
((13,21)(18,24)) 1
((18,24)(12,18)) 4
((9,11)(4,8)) 3
((4,8)(9,11)) 2
((9,11)(19,10)) 1
((19,10)(19,10)) 16
((19,10)(18,9)) 3
((16,13)(13,12)) 23
((13,12)(3,7)) 2
((15,9)(13,3)) 5
((13,3)(15,11)) 4
((15,11)(12,7)) 1
((12,7)(12,7)) 45
((12,7)(13,5)) 1
((13,5)(13,5)) 38
((13,5)(13,3)) 1
((13,3)(13,2)) 1
((13,2)(13,2)) 23
((16,13)(26,21)) 1
((26,21)(26,21)) 6
((26,21)(16,13)) 2
((15,10)(16,12)) 3
((15,9)(16,7)) 16
((16,7)(16,2)) 7
((16,2)(16,1)) 8
((16,1)(16,4)) 1
((15,9)(16,12)) 18
((16,12)(15,13)) 3
((15,13)(13,12)) 4
((13,12)(15,9)) 14
((14,11)(13,10)) 7
((13,10)(12,9)) 11
((12,9)(13,10)) 13
((13,10)(14,11)) 4
((14,9)(13,9)) 13
((13,9)(11,10)) 5
((11,10)(7,9)) 3
((7,9)(7,9)) 27
((7,9)(10,10)) 1
((10,10)(11,10)) 7
((11,10)(15,8)) 1
((15,9)(7,9)) 2
((24,9)(14,25)) 2
((14,25)(26,7)) 1
((26,7)(24,9)) 5
((24,9)(16,13)) 1
((18,6)(18,5)) 2
((18,5)(18,5)) 12
((18,5)(13,9)) 1
((13,9)(18,6)) 2
((18,5)(18,9)) 5
((18,13)(21,20)) 3
((21,20)(19,15)) 2
((18,13)(18,12)) 2
((18,12)(19,11)) 3
((19,11)(18,12)) 3
((15,9)(16,11)) 3
((16,11)(16,12)) 5
((16,12)(19,7)) 1
((19,7)(18,5)) 1
((11,5)(11,5)) 55
((11,5)(13,9)) 8
((13,9)(19,0)) 4
((19,0)(19,0)) 15
((19,0)(13,9)) 2
((13,9)(11,5)) 2
((13,9)(11,11)) 3
((11,11)(22,2)) 1
((22,2)(22,2)) 6
((15,15)(15,12)) 1
((15,12)(14,12)) 20
((14,12)(15,12)) 8
((15,11)(15,12)) 13
((15,12)(4,9)) 1
((13,12)(14,12)) 27
((16,13)(12,16)) 3
((12,16)(15,9)) 1
((14,13)(13,19)) 5
((13,19)(14,13)) 4
((14,13)(15,9)) 5
((15,9)(14,11)) 5
((14,11)(14,13)) 2
((14,13)(11,11)) 1
((12,12)(12,12)) 32
((12,12)(13,10)) 2
((13,10)(12,12)) 1
((12,12)(13,9)) 2
((7,2)(8,2)) 3
((8,2)(8,2)) 14
((8,2)(9,11)) 3
((9,11)(13,12)) 7
((13,12)(12,12)) 8
((12,12)(11,11)) 1
((11,11)(13,12)) 13
((13,10)(8,2)) 1
((8,2)(13,12)) 2
((16,9)(13,9)) 3
((13,9)(6,6)) 5
((6,6)(12,11)) 5
((12,11)(13,9)) 5
((11,2)(11,2)) 36
((11,2)(12,5)) 1
((12,5)(15,9)) 1
((15,8)(12,3)) 1
((12,3)(11,2)) 4
((11,2)(12,3)) 5
((12,3)(13,7)) 1
((13,7)(13,7)) 66
((13,7)(15,9)) 8
((15,9)(11,2)) 4
((11,2)(13,12)) 1
((13,12)(13,9)) 7
((10,10)(6,10)) 2
((6,10)(10,9)) 1
((10,9)(10,9)) 16
((10,9)(14,9)) 1
((14,9)(10,10)) 1
((10,10)(11,6)) 1
((11,6)(9,7)) 1
((9,7)(9,10)) 1
((11,8)(11,8)) 43
((11,8)(13,9)) 4
((13,9)(11,8)) 6
((20,6)(20,6)) 10
((20,6)(14,8)) 1
((14,8)(10,1)) 3
((10,1)(20,6)) 1
((20,6)(18,9)) 3
((16,13)(18,10)) 4
((7,7)(6,7)) 2
((6,7)(6,7)) 30
((6,7)(7,7)) 2
((7,7)(15,9)) 1
((2,8)(4,8)) 1
((7,6)(8,7)) 3
((8,7)(8,7)) 34
((8,7)(15,13)) 2
((15,13)(7,6)) 2
((16,13)(26,7)) 4
((26,7)(16,13)) 4
((6,10)(15,9)) 5
((16,6)(16,7)) 1
((16,6)(6,10)) 4
((16,12)(18,9)) 6
((15,12)(14,13)) 9
((19,15)(23,21)) 2
((23,21)(24,21)) 2
((24,21)(27,24)) 2
((28,21)(15,12)) 1
((28,21)(26,21)) 1
((26,21)(27,21)) 1
((16,13)(11,12)) 2
((11,12)(16,13)) 2
((15,13)(6,8)) 1
((9,11)(12,9)) 1
((14,11)(14,12)) 5
((15,13)(16,15)) 5
((27,24)(15,28)) 1
((15,28)(14,12)) 1
((13,12)(16,13)) 20
((16,13)(15,27)) 4
((18,29)(14,13)) 5
((14,13)(19,15)) 5
((18,9)(18,12)) 5
((16,13)(19,11)) 1
((17,21)(17,13)) 2
((25,22)(13,12)) 1
((13,12)(25,22)) 1
((25,22)(25,21)) 6
((25,21)(25,21)) 79
((25,21)(25,22)) 5
((9,7)(8,7)) 4
((8,7)(9,7)) 1
((9,7)(10,5)) 1
((9,4)(7,2)) 2
((8,2)(8,3)) 1
((8,3)(8,3)) 3
((8,3)(9,4)) 1
((9,4)(10,5)) 8
((10,5)(9,6)) 1
((9,6)(9,7)) 2
((13,9)(14,10)) 11
((14,10)(16,14)) 1
((16,14)(13,14)) 1
((13,10)(16,12)) 1
((13,0)(12,0)) 35
((12,0)(12,0)) 158
((12,0)(13,2)) 1
((13,2)(15,9)) 4
((15,9)(16,15)) 1
((10,1)(6,10)) 1
((6,11)(6,10)) 7
((18,9)(26,6)) 2
((26,6)(27,18)) 1
((27,18)(27,18)) 5
((27,18)(14,25)) 1
((12,28)(11,19)) 1
((5,7)(7,6)) 2
((7,6)(10,1)) 8
((10,1)(7,6)) 5
((10,1)(12,5)) 3
((12,5)(13,7)) 4
((13,7)(14,8)) 8
((17,21)(15,28)) 6
((15,28)(17,21)) 4
((15,28)(16,13)) 1
((13,9)(9,11)) 1
((9,11)(11,13)) 2
((17,18)(15,15)) 2
((15,15)(16,13)) 5
((16,12)(16,11)) 4
((16,11)(15,9)) 5
((15,9)(15,15)) 1
((15,15)(16,15)) 4
((9,11)(8,11)) 3
((8,11)(8,10)) 2
((4,9)(14,12)) 3
((5,9)(13,12)) 2
((13,12)(17,13)) 6
((17,13)(16,12)) 1
((16,12)(15,12)) 14
((15,12)(9,4)) 4
((13,27)(18,14)) 1
((18,14)(18,14)) 15
((18,14)(19,13)) 1
((19,13)(19,13)) 10
((19,13)(13,12)) 1
((13,12)(11,14)) 11
((11,14)(16,23)) 1
((16,23)(16,10)) 1
((16,10)(16,23)) 1
((16,13)(14,9)) 3
((14,9)(14,10)) 2
((14,10)(16,13)) 1
((13,13)(14,12)) 5
((24,21)(21,20)) 1
((21,20)(18,13)) 2
((16,13)(7,10)) 1
((7,10)(6,10)) 2
((9,11)(6,10)) 3
((6,10)(5,14)) 2
((5,14)(5,14)) 44
((5,14)(5,13)) 8
((5,13)(11,11)) 5
((18,9)(13,10)) 2
((13,10)(17,13)) 1
((16,9)(15,8)) 3
((15,9)(14,10)) 2
((16,13)(13,18)) 1
((13,18)(13,18)) 26
((13,18)(14,13)) 3
((19,18)(5,14)) 1
((5,14)(12,11)) 1
((15,13)(19,18)) 1
((19,18)(19,17)) 1
((19,17)(12,11)) 1
((12,11)(5,14)) 1
((16,1)(10,11)) 2
((10,11)(11,14)) 3
((11,14)(12,9)) 1
((16,1)(16,2)) 10
((20,7)(20,6)) 4
((20,6)(21,7)) 3
((21,7)(14,16)) 1
((14,16)(14,16)) 25
((14,16)(16,11)) 1
((16,11)(18,9)) 6
((21,7)(18,9)) 1
((15,9)(18,13)) 3
((29,13)(19,15)) 3
((19,15)(16,15)) 5
((16,15)(13,9)) 1
((13,12)(11,13)) 7
((11,13)(10,13)) 8
((10,13)(11,13)) 6
((11,13)(15,8)) 1
((16,12)(16,4)) 1
((16,4)(16,6)) 3
((15,8)(14,11)) 1
((14,11)(12,16)) 1
((12,16)(14,11)) 2
((14,11)(15,9)) 5
((15,8)(13,9)) 3
((18,12)(19,12)) 2
((19,12)(21,10)) 2
((26,7)(21,10)) 1
((19,12)(18,12)) 5
((13,9)(13,8)) 15
((13,8)(15,9)) 2
((15,12)(16,13)) 10
((14,9)(19,10)) 1
((19,10)(15,12)) 2
((15,12)(15,13)) 12
((13,12)(12,9)) 1
((13,10)(15,29)) 1
((15,29)(13,10)) 1
((13,10)(16,13)) 4
((16,13)(13,10)) 3
((18,12)(21,10)) 3
((21,10)(13,9)) 2
((14,11)(13,12)) 7
((13,12)(11,11)) 21
((5,8)(4,7)) 1
((4,7)(4,7)) 21
((4,7)(5,8)) 1
((5,8)(9,2)) 1
((9,2)(9,2)) 1
((9,2)(10,1)) 1
((8,5)(4,9)) 2
((4,9)(8,5)) 2
((4,9)(13,9)) 1
((16,13)(13,9)) 11
((18,10)(16,13)) 4
((9,8)(9,8)) 80
((9,8)(13,9)) 1
((13,9)(9,8)) 1
((9,8)(9,11)) 8
((9,11)(9,8)) 5
((9,8)(10,7)) 1
((10,7)(10,7)) 16
((14,12)(16,7)) 2
((16,7)(13,12)) 4
((14,13)(13,12)) 4
((16,7)(16,8)) 1
((16,8)(18,6)) 1
((18,6)(18,7)) 2
((18,7)(18,6)) 4
((18,6)(16,7)) 2
((15,9)(12,8)) 1
((12,8)(12,8)) 3
((12,8)(8,2)) 1
((8,2)(12,8)) 1
((12,8)(16,7)) 1
((11,14)(12,14)) 5
((12,14)(12,14)) 44
((12,14)(16,15)) 1
((16,15)(15,15)) 5
((15,15)(13,14)) 1
((13,14)(11,14)) 1
((12,14)(15,15)) 1
((15,15)(11,14)) 1
((11,14)(13,14)) 3
((13,14)(16,13)) 2
((16,13)(16,15)) 6
((11,10)(12,9)) 8
((11,10)(12,10)) 3
((12,10)(12,10)) 4
((12,10)(11,10)) 3
((12,9)(18,9)) 12
((17,9)(16,11)) 1
((16,11)(16,10)) 4
((16,10)(16,11)) 4
((16,11)(17,9)) 1
((13,9)(15,12)) 6
((16,13)(18,9)) 17
((14,12)(13,26)) 1
((13,26)(16,13)) 1
((18,9)(13,26)) 1
((13,26)(16,23)) 1
((16,23)(16,13)) 1
((9,6)(15,11)) 1
((15,11)(9,7)) 1
((9,7)(13,8)) 1
((13,9)(9,6)) 1
((9,6)(13,9)) 1
((13,8)(9,6)) 1
((27,21)(16,13)) 4
((16,13)(27,24)) 2
((17,13)(14,12)) 10
((14,12)(17,18)) 2
((17,18)(16,23)) 1
((16,23)(25,20)) 1
((25,20)(25,20)) 58
((15,10)(15,12)) 3
((16,13)(15,10)) 3
((15,9)(15,6)) 5
((15,6)(15,6)) 50
((15,6)(13,5)) 1
((13,5)(15,10)) 1
((15,10)(16,13)) 5
((12,11)(4,8)) 6
((4,8)(8,5)) 6
((7,6)(12,11)) 11
((12,11)(15,9)) 2
((8,5)(9,4)) 1
((10,5)(9,8)) 4
((9,8)(12,11)) 3
((10,1)(19,15)) 1
((19,15)(14,8)) 1
((14,8)(9,1)) 1
((10,1)(15,9)) 3
((15,9)(19,15)) 3
((19,15)(12,9)) 2
((12,9)(9,7)) 2
((12,9)(19,15)) 1
((12,7)(5,7)) 1
((5,7)(12,1)) 1
((12,1)(5,7)) 1
((13,9)(12,1)) 1
((13,9)(4,5)) 4
((4,5)(13,9)) 2
((13,9)(13,10)) 8
((13,10)(13,9)) 7
((4,5)(3,10)) 1
((3,10)(3,10)) 2
((9,7)(6,6)) 2
((9,7)(13,7)) 1
((13,7)(13,9)) 6
((12,16)(16,13)) 2
((16,23)(13,21)) 5
((13,21)(16,23)) 5
((15,29)(15,27)) 1
((17,13)(14,11)) 2
((14,11)(12,11)) 2
((12,11)(17,13)) 1
((16,13)(13,15)) 1
((13,15)(13,15)) 12
((13,15)(13,14)) 1
((13,7)(14,5)) 2
((14,5)(13,9)) 6
((13,9)(14,5)) 8
((13,9)(13,7)) 8
((14,5)(17,11)) 1
((17,11)(13,9)) 1
((16,23)(14,12)) 6
((14,12)(16,23)) 3
((16,23)(13,12)) 1
((5,13)(16,13)) 2
((13,12)(5,14)) 2
((7,2)(13,9)) 3
((7,2)(14,12)) 1
((14,12)(7,2)) 1
((13,12)(7,7)) 12
((7,7)(13,12)) 11
((13,12)(9,11)) 5
((7,7)(14,11)) 1
((5,9)(7,11)) 4
((7,11)(5,9)) 2
((15,20)(15,13)) 3
((16,13)(15,20)) 2
((15,9)(14,6)) 6
((14,6)(14,7)) 4
((14,7)(15,6)) 2
((15,6)(12,9)) 1
((14,7)(14,6)) 5
((14,6)(13,9)) 1
((13,9)(15,7)) 1
((15,7)(15,7)) 27
((15,7)(14,7)) 1
((14,7)(17,13)) 1
((17,13)(15,9)) 5
((14,6)(15,9)) 6
((15,9)(15,7)) 6
((4,5)(15,9)) 1
((15,8)(16,13)) 4
((16,13)(4,5)) 1
((4,5)(6,6)) 1
((6,6)(4,5)) 6
((18,13)(21,5)) 1
((21,5)(21,5)) 18
((21,5)(18,9)) 3
((21,20)(27,24)) 5
((27,24)(20,16)) 1
((20,16)(20,16)) 11
((20,16)(19,15)) 3
((15,12)(16,15)) 1
((16,15)(17,15)) 1
((17,15)(17,15)) 6
((17,15)(19,15)) 1
((19,15)(21,20)) 3
((14,12)(13,9)) 5
((13,9)(10,1)) 3
((14,8)(13,9)) 5
((13,9)(20,16)) 1
((20,16)(21,20)) 1
((4,8)(14,12)) 7
((15,9)(13,7)) 6
((16,6)(17,9)) 1
((17,9)(14,9)) 3
((16,6)(16,8)) 1
((16,8)(16,6)) 1
((16,6)(16,2)) 1
((12,5)(11,4)) 1
((11,4)(11,4)) 2
((11,4)(12,5)) 2
((16,13)(9,11)) 4
((9,11)(9,6)) 1
((9,6)(7,6)) 1
((4,8)(11,14)) 2
((11,14)(14,12)) 2
((22,8)(22,8)) 6
((22,8)(15,9)) 1
((21,10)(16,13)) 3
((16,13)(22,8)) 1
((22,8)(16,6)) 3
((16,6)(22,8)) 2
((16,6)(16,12)) 2
((16,13)(21,10)) 4
((16,9)(17,8)) 1
((17,8)(17,7)) 5
((17,7)(17,9)) 3
((16,9)(17,7)) 2
((15,15)(11,11)) 11
((11,11)(15,15)) 10
((11,11)(9,11)) 11
((9,11)(15,15)) 1
((11,11)(11,10)) 3
((11,10)(11,11)) 4
((15,27)(13,12)) 2
((13,12)(9,9)) 2
((9,9)(9,10)) 4
((9,10)(15,27)) 2
((14,12)(15,11)) 4
((15,11)(14,12)) 4
((16,13)(25,20)) 7
((25,20)(19,15)) 7
((16,13)(17,14)) 4
((17,14)(17,14)) 33
((17,14)(25,20)) 2
((19,15)(25,20)) 2
((19,15)(18,12)) 1
((18,12)(19,15)) 1
((11,11)(14,12)) 14
((7,11)(9,11)) 1
((13,8)(13,10)) 1
((13,10)(13,11)) 8
((13,11)(13,11)) 100
((13,11)(16,11)) 1
((16,11)(18,11)) 1
((16,11)(17,10)) 2
((17,10)(17,10)) 21
((17,10)(18,9)) 1
((15,12)(14,15)) 3
((14,15)(13,13)) 1
((13,13)(13,14)) 6
((13,14)(12,14)) 6
((12,14)(11,14)) 3
((13,14)(13,9)) 1
((23,14)(23,15)) 2
((23,15)(23,15)) 4
((23,15)(23,14)) 2
((23,14)(13,18)) 1
((16,13)(18,20)) 1
((18,20)(11,11)) 5
((11,11)(5,14)) 3
((5,14)(6,14)) 1
((6,14)(6,14)) 1
((6,14)(5,14)) 1
((11,11)(18,20)) 3
((13,9)(15,15)) 2
((22,10)(22,10)) 51
((22,10)(21,10)) 4
((21,10)(22,10)) 2
((22,10)(25,9)) 1
((25,9)(25,9)) 14
((14,11)(15,10)) 3
((15,10)(16,11)) 1
((16,11)(14,15)) 1
((14,15)(14,16)) 2
((14,16)(14,15)) 4
((14,15)(14,12)) 3
((14,12)(16,11)) 1
((14,12)(9,11)) 5
((9,11)(14,15)) 1
((14,15)(18,13)) 1
((18,13)(6,10)) 1
((6,10)(16,13)) 3
((13,9)(19,11)) 1
((19,11)(15,12)) 1
((15,12)(19,11)) 1
((19,11)(13,10)) 1
((13,10)(19,11)) 1
((19,11)(13,12)) 1
((13,12)(15,10)) 2
((15,10)(19,11)) 1
((18,9)(20,8)) 9
((20,8)(20,8)) 20
((20,8)(18,9)) 8
((12,0)(13,0)) 28
((12,0)(14,4)) 8
((14,4)(12,0)) 6
((18,12)(12,13)) 1
((12,13)(12,13)) 1
((12,13)(11,14)) 1
((11,14)(13,13)) 2
((11,14)(17,9)) 1
((17,9)(18,10)) 2
((18,10)(18,12)) 1
((21,10)(18,9)) 8
((18,9)(19,12)) 1
((14,10)(13,9)) 15
((13,9)(17,6)) 1
((17,6)(17,6)) 23
((12,9)(7,6)) 2
((7,6)(12,9)) 2
((7,6)(4,9)) 1
((4,9)(9,4)) 2
((9,4)(6,10)) 1
((6,9)(4,8)) 2
((4,8)(16,13)) 2
((16,13)(4,8)) 5
((10,10)(6,6)) 2
((6,6)(13,9)) 6
((13,9)(16,2)) 9
((16,2)(11,14)) 1
((11,14)(10,10)) 1
((10,10)(13,11)) 2
((13,11)(15,10)) 1
((15,10)(16,0)) 1
((16,0)(16,0)) 29
((16,0)(16,12)) 1
((16,12)(16,2)) 9
((13,9)(10,11)) 1
((10,11)(13,9)) 2
((13,9)(16,4)) 1
((16,4)(21,7)) 1
((21,7)(16,4)) 1
((16,4)(16,2)) 6
((16,2)(13,9)) 7
((15,9)(16,2)) 12
((16,2)(14,9)) 1
((14,9)(16,2)) 1
((16,2)(14,5)) 1
((15,8)(14,14)) 1
((14,14)(14,15)) 4
((14,16)(16,7)) 1
((16,2)(13,6)) 3
((13,6)(14,7)) 3
((14,7)(15,15)) 1
((15,15)(15,17)) 1
((15,17)(15,17)) 2
((15,17)(14,16)) 1
((14,16)(15,16)) 2
((15,16)(15,16)) 69
((15,16)(15,11)) 2
((15,11)(16,13)) 4
((16,13)(14,16)) 2
((14,11)(15,11)) 2
((15,11)(13,9)) 1
((11,10)(13,9)) 5
((15,11)(11,10)) 1
((11,10)(15,9)) 6
((14,12)(15,21)) 5
((15,21)(14,12)) 2
((15,21)(13,14)) 1
((13,14)(13,15)) 1
((13,15)(16,21)) 1
((16,21)(16,21)) 1
((16,21)(15,21)) 1
((15,21)(11,19)) 1
((11,19)(15,21)) 1
((16,1)(16,0)) 2
((16,0)(16,1)) 3
((16,2)(15,9)) 8
((11,11)(5,9)) 1
((5,9)(6,10)) 1
((6,10)(11,11)) 10
((11,11)(11,12)) 5
((16,13)(16,7)) 9
((11,12)(10,11)) 2
((10,11)(13,12)) 3
((11,12)(11,11)) 2
((20,9)(6,6)) 1
((6,6)(5,7)) 1
((5,7)(18,9)) 1
((18,9)(20,9)) 4
((20,9)(14,11)) 1
((15,11)(14,10)) 1
((14,10)(16,12)) 1
((16,12)(20,9)) 1
((20,9)(19,10)) 3
((18,9)(11,10)) 1
((11,10)(10,9)) 3
((10,9)(9,8)) 2
((9,8)(20,9)) 1
((13,5)(14,8)) 2
((14,8)(16,11)) 1
((16,12)(13,5)) 1
((13,5)(15,12)) 1
((15,12)(13,5)) 1
((20,11)(27,21)) 5
((27,21)(28,22)) 7
((28,22)(28,22)) 19
((28,22)(27,21)) 5
((27,21)(20,11)) 2
((28,22)(25,20)) 1
((25,20)(20,11)) 2
((28,22)(20,11)) 1
((27,21)(25,20)) 3
((20,11)(14,11)) 1
((14,11)(27,21)) 1
((14,12)(6,9)) 3
((6,9)(13,14)) 1
((13,14)(7,9)) 3
((7,9)(6,10)) 5
((6,9)(7,9)) 3
((6,10)(7,9)) 3
((7,9)(8,7)) 1
((8,7)(6,7)) 1
((6,7)(6,8)) 1
((6,8)(6,9)) 1
((16,2)(14,7)) 1
((14,7)(13,9)) 3
((13,9)(26,5)) 1
((26,5)(13,9)) 1
((26,6)(26,5)) 2
((26,5)(24,2)) 5
((24,2)(26,5)) 5
((13,9)(14,8)) 9
((14,7)(14,8)) 4
((14,8)(13,12)) 2
((14,11)(14,8)) 1
((13,9)(13,12)) 6
((14,7)(15,13)) 4
((13,9)(10,5)) 3
((10,5)(12,1)) 1
((12,1)(14,7)) 1
((18,10)(15,9)) 2
((16,15)(13,12)) 10
((13,12)(16,15)) 8
((12,12)(13,12)) 1
((16,15)(13,0)) 1
((13,0)(16,15)) 1
((18,0)(16,2)) 1
((16,2)(18,0)) 1
((18,0)(17,1)) 1
((17,1)(17,1)) 2
((17,1)(15,9)) 1
((18,7)(18,9)) 3
((13,9)(18,7)) 1
((18,6)(18,9)) 1
((18,9)(18,7)) 3
((6,10)(10,11)) 2
((13,9)(6,10)) 4
((14,12)(16,1)) 4
((16,1)(8,7)) 1
((8,7)(8,8)) 1
((8,8)(8,8)) 2
((8,8)(8,7)) 1
((8,7)(10,5)) 2
((10,5)(12,0)) 1
((12,0)(16,1)) 1
((10,9)(15,10)) 1
((15,10)(10,9)) 1
((10,9)(17,13)) 2
((17,13)(13,12)) 5
((16,13)(14,11)) 2
((14,11)(16,13)) 3
((16,13)(13,14)) 1
((21,20)(20,18)) 2
((20,18)(20,17)) 3
((20,17)(20,17)) 23
((20,17)(20,18)) 1
((20,17)(21,15)) 1
((21,15)(21,15)) 1
((21,15)(20,18)) 1
((20,18)(26,18)) 1
((26,18)(26,18)) 2
((26,18)(25,17)) 1
((25,17)(25,17)) 10
((25,17)(20,18)) 1
((17,12)(14,11)) 2
((13,9)(17,12)) 6
((17,12)(15,12)) 2
((15,12)(13,9)) 8
((15,12)(11,1)) 1
((11,1)(11,1)) 1
((11,1)(13,9)) 1
((17,12)(13,9)) 4
((14,11)(16,12)) 1
((14,11)(12,3)) 1
((12,3)(14,11)) 1
((14,11)(19,11)) 3
((18,9)(15,13)) 2
((15,13)(18,9)) 1
((16,13)(24,9)) 2
((12,21)(9,6)) 1
((9,6)(12,21)) 1
((12,21)(14,12)) 5
((14,12)(12,21)) 4
((16,13)(18,19)) 3
((5,14)(10,10)) 1
((10,10)(12,11)) 14
((18,13)(27,24)) 2
((11,14)(13,12)) 8
((13,12)(13,8)) 2
((13,8)(13,12)) 1
((15,9)(18,11)) 7
((18,11)(15,9)) 6
((14,12)(15,14)) 3
((15,14)(14,9)) 4
((14,9)(15,14)) 4
((15,14)(14,12)) 4
((11,10)(16,13)) 2
((15,9)(17,12)) 1
((12,11)(10,10)) 12
((12,11)(12,12)) 7
((12,12)(12,11)) 7
((10,10)(12,12)) 1
((10,10)(16,13)) 2
((16,13)(10,10)) 2
((18,17)(18,13)) 2
((17,13)(19,17)) 1
((13,12)(10,10)) 1
((6,6)(5,6)) 9
((5,6)(5,6)) 10
((5,6)(6,6)) 9
((6,6)(7,6)) 4
((11,11)(17,22)) 1
((17,22)(18,20)) 2
((11,11)(16,25)) 4
((16,23)(18,24)) 5
((18,24)(17,22)) 5
((17,22)(11,11)) 3
((11,11)(16,23)) 1
((18,24)(11,11)) 1
((11,11)(13,9)) 5
((13,9)(18,24)) 1
((18,24)(16,23)) 2
((16,23)(17,22)) 1
((17,22)(15,15)) 1
((15,15)(10,13)) 1
((11,13)(12,9)) 1
((14,9)(12,9)) 3
((16,12)(17,22)) 1
((15,13)(15,9)) 6
((14,13)(12,28)) 12
((12,28)(14,13)) 14
((14,12)(12,28)) 12
((12,9)(21,10)) 2
((21,10)(23,10)) 3
((23,10)(18,12)) 1
((18,12)(12,9)) 1
((23,10)(11,11)) 1
((15,9)(17,10)) 2
((17,10)(15,9)) 1
((15,9)(18,10)) 2
((18,10)(17,10)) 6
((17,10)(18,10)) 6
((17,9)(17,7)) 1
((17,7)(16,7)) 4
((16,7)(18,10)) 1
((4,8)(15,9)) 3
((16,11)(15,11)) 11
((16,11)(15,12)) 5
((17,14)(16,14)) 2
((16,14)(14,12)) 3
((14,12)(15,8)) 2
((14,13)(15,14)) 1
((15,14)(14,14)) 1
((14,14)(15,14)) 1
((13,9)(15,2)) 2
((15,2)(15,2)) 15
((15,2)(16,2)) 2
((16,2)(15,2)) 2
((15,2)(14,4)) 1
((14,4)(13,9)) 1
((14,5)(15,2)) 2
((15,2)(13,9)) 3
((16,1)(13,9)) 1
((10,11)(12,14)) 5
((12,14)(10,11)) 6
((10,11)(11,11)) 6
((9,11)(12,14)) 1
((12,14)(11,11)) 1
((12,11)(16,12)) 4
((16,12)(7,6)) 1
((17,12)(7,6)) 1
((7,6)(11,10)) 1
((24,2)(18,9)) 1
((15,9)(24,2)) 4
((24,2)(11,19)) 1
((14,12)(14,10)) 8
((12,11)(9,4)) 1
((9,4)(14,11)) 3
((14,11)(9,4)) 2
((14,11)(10,5)) 2
((13,8)(16,13)) 1
((14,14)(14,9)) 2
((14,9)(16,8)) 1
((16,8)(16,9)) 1
((16,9)(14,14)) 1
((14,9)(16,11)) 1
((16,11)(14,9)) 1
((9,4)(11,6)) 1
((11,6)(13,9)) 3
((16,9)(15,9)) 1
((10,1)(9,4)) 5
((9,4)(10,1)) 6
((10,1)(11,2)) 1
((11,2)(9,4)) 1
((9,4)(9,3)) 1
((16,15)(18,19)) 1
((18,19)(16,11)) 5
((16,12)(18,19)) 1
((15,12)(18,19)) 3
((18,19)(15,12)) 2
((14,5)(15,4)) 1
((15,4)(15,4)) 1
((15,4)(14,5)) 1
((8,10)(17,13)) 5
((17,13)(8,10)) 5
((13,13)(13,12)) 2
((13,13)(17,13)) 1
((13,13)(16,13)) 1
((12,11)(17,18)) 1
((17,18)(12,11)) 1
((13,12)(17,15)) 1
((17,15)(17,18)) 1
((17,18)(17,15)) 1
((17,15)(16,18)) 1
((16,18)(16,18)) 1
((16,12)(18,11)) 3
((18,11)(12,9)) 1
((5,8)(8,10)) 2
((10,1)(5,8)) 1
((19,2)(13,14)) 2
((13,14)(16,11)) 1
((16,11)(19,2)) 1
((13,14)(19,2)) 1
((19,2)(15,9)) 2
((14,14)(15,11)) 1
((15,11)(12,16)) 1
((13,12)(17,21)) 1
((17,21)(16,12)) 1
((20,15)(20,15)) 19
((20,15)(16,11)) 2
((16,11)(18,13)) 4
((18,13)(15,12)) 2
((15,12)(20,15)) 1
((20,15)(18,13)) 3
((18,10)(13,9)) 1
((13,9)(16,15)) 2
((16,15)(20,15)) 1
((18,13)(20,15)) 1
((18,9)(20,15)) 2
((12,1)(12,0)) 1
((12,0)(15,9)) 8
((15,9)(12,0)) 11
((15,12)(11,6)) 2
((11,6)(10,5)) 2
((9,4)(10,4)) 2
((10,5)(15,12)) 2
((14,15)(15,11)) 1
((15,11)(10,5)) 1
((10,5)(15,11)) 1
((15,11)(10,4)) 1
((10,4)(9,4)) 2
((10,5)(10,4)) 1
((10,4)(15,12)) 1
((15,12)(10,4)) 1
((10,5)(7,2)) 1
((15,13)(14,7)) 2
((15,13)(16,7)) 1
((16,7)(20,5)) 1
((20,5)(20,5)) 8
((19,15)(19,11)) 1
((19,11)(24,8)) 1
((24,8)(24,8)) 7
((24,8)(26,7)) 1
((26,7)(28,14)) 1
((28,14)(28,14)) 22
((28,14)(19,15)) 4
((19,15)(15,8)) 1
((15,9)(19,11)) 1
((19,11)(19,15)) 1
((19,15)(15,27)) 1
((15,27)(13,29)) 1
((13,29)(13,29)) 1
((13,29)(12,27)) 1
((12,27)(12,27)) 6
((12,27)(12,28)) 2
((12,28)(16,23)) 2
((16,23)(28,14)) 1
((19,15)(15,17)) 1
((15,17)(15,13)) 1
((16,13)(19,12)) 3
((19,12)(17,13)) 3
((17,13)(15,13)) 1
((15,13)(19,12)) 1
((19,12)(15,13)) 3
((15,13)(15,8)) 1
((15,9)(26,6)) 6
((26,6)(21,10)) 2
((15,13)(15,12)) 7
((15,11)(14,11)) 1
((9,10)(13,12)) 6
((13,12)(9,10)) 5
((9,10)(15,9)) 2
((15,7)(15,8)) 2
((15,8)(13,10)) 1
((13,10)(9,10)) 1
((9,10)(10,13)) 1
((15,9)(11,13)) 2
((10,13)(9,11)) 1
((9,11)(13,9)) 1
((13,9)(13,11)) 3
((13,11)(4,9)) 1
((4,8)(18,9)) 4
((18,9)(17,10)) 1
((17,10)(15,11)) 1
((15,12)(15,9)) 4
((14,4)(15,8)) 3
((16,2)(14,1)) 4
((14,1)(14,1)) 5
((14,1)(15,1)) 1
((16,1)(15,12)) 5
((14,1)(16,1)) 2
((14,1)(12,0)) 1
((12,0)(14,1)) 1
((16,1)(16,12)) 2
((12,9)(14,9)) 1
((12,9)(14,7)) 1
((14,7)(14,9)) 2
((16,2)(16,0)) 5
((16,0)(16,4)) 4
((15,9)(16,0)) 4
((16,1)(16,7)) 4
((16,7)(15,12)) 1
((15,13)(17,13)) 4
((16,0)(15,1)) 1
((15,1)(16,0)) 1
((16,0)(18,0)) 1
((18,0)(19,2)) 1
((13,12)(15,19)) 1
((15,19)(18,12)) 1
((18,12)(15,19)) 1
((15,19)(15,15)) 1
((15,15)(19,15)) 1
((16,13)(13,5)) 4
((13,5)(16,13)) 3
((21,24)(21,24)) 1
((21,24)(22,23)) 1
((22,23)(22,23)) 1
((22,23)(26,23)) 1
((26,23)(26,23)) 14
((26,23)(24,21)) 1
((24,21)(22,22)) 1
((22,22)(22,22)) 4
((22,22)(21,23)) 1
((21,23)(21,23)) 1
((21,23)(22,22)) 1
((22,22)(24,21)) 1
((27,24)(26,23)) 3
((9,10)(7,9)) 1
((7,9)(9,9)) 2
((9,10)(9,9)) 1
((9,9)(7,8)) 1
((7,8)(7,9)) 1
((9,9)(11,10)) 2
((11,10)(14,9)) 2
((14,9)(11,10)) 1
((16,7)(16,9)) 3
((16,7)(17,8)) 2
((14,9)(18,7)) 1
((18,9)(21,10)) 9
((18,9)(13,12)) 2
((8,10)(13,9)) 2
((6,10)(20,17)) 1
((20,17)(18,12)) 2
((18,12)(13,9)) 1
((13,9)(8,10)) 2
((13,12)(13,11)) 6
((13,11)(13,12)) 3
((13,12)(16,1)) 1
((13,11)(13,9)) 1
((13,8)(14,11)) 1
((14,11)(13,7)) 1
((13,7)(13,8)) 3
((14,12)(6,10)) 8
((6,10)(14,12)) 6
((6,9)(14,12)) 1
((6,9)(6,10)) 11
((15,15)(26,23)) 1
((26,23)(16,13)) 2
((16,13)(13,11)) 2
((13,11)(15,9)) 3
((17,13)(15,15)) 1
((16,15)(16,14)) 7
((16,14)(16,15)) 5
((16,14)(16,13)) 8
((11,13)(12,16)) 3
((12,16)(13,15)) 1
((13,15)(17,13)) 1
((14,12)(13,27)) 1
((13,27)(11,19)) 2
((11,19)(22,5)) 2
((22,5)(22,5)) 5
((22,5)(21,6)) 1
((21,6)(21,6)) 1
((21,6)(15,19)) 1
((15,19)(22,5)) 1
((22,5)(13,27)) 1
((22,5)(14,25)) 1
((14,25)(13,27)) 1
((14,25)(16,23)) 3
((16,23)(16,26)) 1
((16,26)(16,26)) 2
((16,26)(16,25)) 1
((15,27)(13,26)) 3
((13,26)(15,27)) 1
((13,26)(13,21)) 1
((16,25)(13,26)) 1
((19,11)(11,13)) 1
((10,13)(13,14)) 1
((14,12)(19,11)) 3
((16,13)(6,5)) 1
((6,5)(6,5)) 1
((6,5)(7,7)) 1
((7,6)(16,13)) 1
((14,4)(13,5)) 1
((13,5)(15,9)) 4
((12,16)(13,14)) 2
((12,14)(13,14)) 5
((12,14)(12,16)) 1
((12,16)(11,11)) 1
((13,12)(12,14)) 1
((10,10)(21,10)) 3
((21,10)(10,10)) 2
((18,12)(10,10)) 1
((11,10)(18,12)) 1
((6,10)(17,13)) 1
((17,13)(22,10)) 3
((22,10)(17,13)) 1
((17,13)(10,10)) 1
((16,12)(16,7)) 2
((16,2)(13,12)) 1
((14,12)(15,10)) 3
((16,2)(16,12)) 4
((16,12)(16,1)) 1
((16,13)(11,10)) 5
((11,14)(16,13)) 3
((11,14)(11,11)) 1
((4,8)(6,7)) 1
((6,7)(6,6)) 1
((7,6)(6,7)) 1
((6,7)(4,8)) 2
((4,9)(6,7)) 1
((6,7)(7,6)) 1
((15,9)(6,6)) 3
((15,27)(17,21)) 1
((17,21)(14,9)) 1
((15,9)(16,8)) 7
((16,8)(14,13)) 1
((18,12)(17,12)) 3
((17,12)(18,12)) 1
((14,13)(18,12)) 1
((17,13)(27,6)) 4
((27,6)(17,13)) 5
((10,11)(12,27)) 1
((12,27)(10,11)) 1
((14,7)(14,5)) 1
((14,5)(16,2)) 1
((14,6)(15,8)) 1
((14,7)(15,12)) 1
((14,7)(15,8)) 1
((18,9)(17,13)) 4
((17,13)(17,9)) 2
((21,10)(17,9)) 1
((17,8)(13,12)) 1
((13,12)(16,14)) 3
((16,15)(18,9)) 1
((19,15)(21,10)) 1
((21,10)(17,8)) 1
((17,8)(18,8)) 1
((18,8)(18,8)) 3
((16,14)(11,12)) 1
((11,13)(13,12)) 6
((13,12)(18,9)) 3
((18,9)(19,3)) 4
((19,3)(19,3)) 8
((19,3)(18,4)) 1
((18,4)(18,4)) 2
((18,4)(18,5)) 1
((18,5)(21,5)) 1
((18,9)(27,6)) 1
((19,3)(15,9)) 1
((15,9)(18,7)) 2
((18,7)(15,9)) 1
((15,7)(15,9)) 4
((11,13)(16,13)) 3
((2,8)(2,7)) 1
((2,7)(11,11)) 1
((18,29)(16,23)) 2
((16,23)(14,13)) 1
((15,13)(23,10)) 2
((23,10)(23,9)) 6
((23,9)(23,9)) 11
((23,9)(23,10)) 6
((23,10)(15,11)) 1
((23,10)(16,13)) 3
((16,13)(15,11)) 4
((16,11)(23,10)) 1
((16,13)(23,10)) 2
((15,14)(8,10)) 1
((15,9)(16,17)) 5
((16,17)(14,8)) 1
((16,17)(14,7)) 1
((17,13)(21,10)) 4
((3,7)(13,12)) 1
((3,7)(12,0)) 1
((12,0)(5,7)) 1
((9,8)(9,9)) 1
((9,9)(14,13)) 1
((11,10)(9,9)) 2
((9,9)(10,11)) 1
((10,10)(9,9)) 4
((9,9)(15,13)) 1
((16,13)(9,9)) 1
((11,10)(15,12)) 1
((2,9)(2,9)) 7
((2,9)(3,7)) 2
((3,7)(2,9)) 2
((2,9)(6,10)) 1
((6,10)(3,7)) 2
((3,7)(6,10)) 1
((2,8)(13,12)) 1
((14,12)(4,8)) 11
((4,8)(6,10)) 2
((14,12)(5,7)) 1
((5,7)(7,10)) 1
((7,10)(13,11)) 1
((13,11)(13,13)) 1
((13,13)(12,16)) 1
((12,16)(13,13)) 1
((13,13)(13,11)) 1
((13,11)(12,11)) 1
((11,11)(7,10)) 2
((7,10)(12,11)) 2
((12,11)(7,10)) 2
((7,10)(11,11)) 2
((15,13)(8,10)) 1
((8,10)(7,10)) 2
((16,13)(7,7)) 2
((7,7)(17,13)) 1
((17,13)(7,7)) 3
((7,7)(9,10)) 4
((14,12)(7,7)) 4
((18,19)(15,11)) 1
((15,11)(15,10)) 5
((15,10)(18,19)) 1
((18,19)(15,10)) 1
((15,11)(18,19)) 1
((18,19)(11,14)) 1
((11,14)(15,11)) 2
((15,12)(13,19)) 5
((13,19)(14,19)) 2
((14,19)(14,19)) 8
((14,19)(15,12)) 1
((14,19)(12,20)) 1
((22,8)(17,13)) 1
((17,13)(17,18)) 1
((17,18)(17,13)) 1
((17,13)(14,13)) 1
((14,13)(17,18)) 1
((17,18)(15,12)) 1
((15,12)(27,18)) 1
((27,18)(25,9)) 1
((9,8)(10,8)) 2
((10,8)(10,8)) 2
((10,8)(9,8)) 1
((9,11)(17,13)) 2
((17,13)(12,9)) 1
((9,9)(9,8)) 1
((9,9)(8,10)) 1
((8,10)(18,11)) 1
((18,11)(8,10)) 1
((8,10)(16,14)) 1
((16,14)(15,9)) 4
((15,9)(11,10)) 7
((11,10)(8,10)) 1
((8,10)(15,13)) 1
((15,13)(18,19)) 2
((18,19)(8,10)) 1
((15,6)(16,4)) 1
((15,8)(15,6)) 3
((15,6)(15,8)) 2
((15,6)(16,5)) 1
((16,5)(16,5)) 7
((16,5)(13,14)) 1
((13,14)(16,4)) 1
((16,4)(16,3)) 1
((16,3)(16,3)) 5
((16,3)(16,7)) 1
((16,7)(2,10)) 1
((2,10)(2,10)) 1
((16,13)(18,11)) 3
((18,11)(17,11)) 1
((17,11)(18,11)) 1
((16,13)(18,15)) 3
((18,15)(18,15)) 4
((18,15)(19,16)) 1
((19,16)(19,16)) 4
((19,16)(16,13)) 1
((16,13)(16,2)) 2
((16,2)(16,13)) 1
((18,15)(16,13)) 1
((18,15)(16,15)) 1
((16,15)(17,14)) 3
((17,14)(18,14)) 1
((18,14)(16,15)) 1
((19,15)(18,15)) 1
((18,15)(18,13)) 1
((19,15)(19,16)) 1
((19,16)(19,15)) 1
((19,15)(16,14)) 1
((16,13)(16,14)) 9
((20,15)(19,15)) 2
((19,15)(14,11)) 4
((14,11)(19,15)) 5
((19,15)(20,15)) 3
((20,15)(21,13)) 2
((21,13)(21,13)) 4
((21,13)(21,14)) 2
((21,14)(16,13)) 2
((16,13)(20,15)) 2
((15,9)(17,9)) 12
((16,10)(17,10)) 4
((17,10)(15,12)) 1
((17,9)(14,8)) 1
((17,10)(16,10)) 5
((10,7)(9,7)) 1
((13,10)(16,25)) 3
((16,25)(5,14)) 1
((5,13)(16,25)) 1
((16,25)(13,11)) 1
((13,11)(13,10)) 3
((16,25)(13,27)) 1
((15,9)(19,10)) 2
((19,10)(14,13)) 2
((14,13)(19,10)) 1
((14,13)(18,9)) 1
((18,9)(19,10)) 1
((19,10)(14,16)) 1
((6,10)(14,10)) 2
((14,10)(6,10)) 1
((16,7)(18,11)) 1
((15,9)(15,13)) 5
((15,13)(13,5)) 1
((9,11)(10,5)) 1
((10,5)(13,5)) 1
((15,9)(10,4)) 1
((10,4)(12,12)) 1
((12,12)(11,12)) 1
((11,12)(12,17)) 1
((12,17)(12,17)) 2
((12,17)(12,28)) 1
((12,28)(12,27)) 4
((6,10)(8,10)) 6
((7,12)(8,10)) 5
((8,10)(6,10)) 5
((8,10)(6,9)) 1
((8,10)(5,12)) 1
((5,12)(5,12)) 2
((5,12)(6,10)) 1
((12,19)(12,19)) 10
((12,19)(13,18)) 1
((13,18)(14,14)) 1
((14,9)(14,14)) 1
((14,13)(14,10)) 1
((14,13)(12,9)) 1
((14,13)(13,14)) 2
((13,14)(13,16)) 1
((13,16)(13,16)) 4
((26,6)(26,7)) 1
((26,7)(26,19)) 1
((26,19)(26,19)) 1
((26,19)(25,20)) 1
((25,20)(28,17)) 1
((28,17)(28,17)) 2
((28,17)(15,9)) 1
((15,9)(12,3)) 4
((12,3)(15,9)) 7
((18,12)(26,7)) 4
((26,7)(18,12)) 1
((22,10)(14,12)) 1
((18,11)(19,11)) 1
((19,11)(16,13)) 2
((22,14)(22,14)) 1
((22,14)(16,13)) 1
((16,13)(25,14)) 2
((25,14)(16,13)) 1
((16,13)(17,18)) 4
((16,13)(18,14)) 6
((18,14)(17,18)) 1
((17,18)(16,13)) 6
((18,14)(16,13)) 4
((16,13)(17,15)) 1
((17,15)(15,16)) 1
((15,16)(16,13)) 2
((17,18)(5,14)) 1
((5,14)(17,18)) 1
((15,9)(4,9)) 1
((4,9)(5,13)) 1
((16,6)(13,5)) 1
((15,9)(17,6)) 1
((17,6)(15,9)) 1
((11,10)(16,7)) 1
((16,7)(17,6)) 1
((17,6)(13,3)) 1
((13,3)(16,6)) 1
((16,6)(7,12)) 1
((7,12)(17,6)) 1
((15,9)(12,21)) 2
((12,21)(15,11)) 1
((15,11)(12,21)) 2
((12,21)(5,14)) 1
((5,14)(15,11)) 1
((17,12)(23,10)) 4
((23,10)(17,12)) 3
((23,10)(24,6)) 1
((24,6)(24,6)) 3
((24,6)(23,9)) 1
((18,12)(20,17)) 2
((14,11)(18,12)) 1
((18,12)(11,11)) 2
((11,11)(4,8)) 4
((18,9)(11,14)) 2
((11,14)(18,9)) 1
((16,10)(19,3)) 1
((19,3)(16,11)) 1
((16,10)(14,12)) 1
((18,9)(16,11)) 7
((16,11)(19,0)) 1
((19,0)(18,9)) 1
((16,11)(13,14)) 1
((13,14)(19,7)) 1
((19,7)(16,11)) 1
((16,11)(14,11)) 1
((14,11)(15,12)) 3
((2,7)(16,9)) 1
((11,10)(10,11)) 1
((2,7)(17,9)) 3
((10,10)(2,7)) 1
((15,13)(16,14)) 4
((16,14)(19,15)) 1
((21,20)(18,12)) 1
((16,14)(17,14)) 7
((16,14)(11,13)) 1
((16,12)(14,10)) 2
((15,9)(20,5)) 2
((20,5)(16,12)) 1
((16,13)(26,6)) 1
((26,6)(16,13)) 1
((10,1)(12,4)) 5
((12,4)(7,6)) 3
((4,8)(12,4)) 1
((16,13)(10,13)) 2
((10,13)(16,13)) 2
((15,27)(16,26)) 1
((16,26)(16,16)) 1
((16,16)(16,16)) 1
((16,16)(15,16)) 1
((15,16)(11,11)) 1
((15,12)(16,11)) 5
((16,11)(13,9)) 1
((25,7)(25,7)) 22
((25,7)(27,6)) 1
((27,6)(25,7)) 1
((25,7)(24,8)) 1
((24,8)(12,18)) 1
((12,18)(21,10)) 1
((16,12)(19,11)) 2
((15,9)(25,11)) 2
((25,11)(15,9)) 1
((15,10)(25,11)) 1
((25,11)(15,10)) 1
((15,10)(24,11)) 1
((24,11)(24,11)) 5
((24,11)(15,9)) 1
((25,11)(24,12)) 1
((24,12)(24,12)) 6
((13,11)(12,9)) 2
((12,9)(14,11)) 2
((13,11)(14,11)) 3
((12,16)(18,9)) 3
((18,9)(12,16)) 3
((18,9)(11,13)) 2
((11,13)(18,9)) 1
((12,16)(18,10)) 2
((14,9)(26,6)) 1
((26,6)(14,9)) 1
((12,1)(13,2)) 4
((13,2)(13,5)) 3
((13,5)(12,1)) 1
((12,1)(13,5)) 1
((13,5)(13,2)) 2
((13,2)(12,1)) 3
((15,9)(12,1)) 2
((13,5)(12,0)) 1
((10,5)(7,5)) 1
((4,8)(5,11)) 1
((5,11)(7,12)) 1
((7,12)(8,11)) 1
((8,11)(4,10)) 1
((4,10)(4,10)) 4
((4,10)(12,11)) 1
((12,11)(4,10)) 1
((4,10)(4,9)) 1
((15,8)(15,12)) 1
((15,12)(14,21)) 1
((14,21)(14,21)) 2
((14,21)(15,21)) 1
((15,21)(14,21)) 1
((14,21)(15,1)) 1
((15,1)(16,2)) 1
((16,2)(16,7)) 4
((12,7)(15,9)) 2
((13,9)(12,7)) 8
((12,7)(16,13)) 1
((16,13)(12,7)) 1
((12,7)(16,5)) 1
((16,5)(15,9)) 4
((16,12)(12,19)) 1
((12,19)(13,19)) 4
((13,19)(12,19)) 3
((12,19)(12,28)) 1
((12,28)(12,19)) 1
((14,12)(26,7)) 2
((26,7)(26,6)) 2
((26,6)(14,12)) 1
((5,13)(13,12)) 2
((15,11)(14,13)) 1
((13,12)(5,13)) 3
((17,22)(17,21)) 5
((17,21)(15,16)) 5
((15,16)(17,21)) 4
((17,21)(17,22)) 4
((15,16)(15,12)) 2
((13,9)(10,7)) 1
((10,7)(13,9)) 1
((13,9)(15,16)) 1
((15,12)(15,16)) 2
((18,9)(12,7)) 1
((13,14)(11,11)) 1
((11,11)(13,14)) 1
((13,14)(16,14)) 1
((15,9)(13,14)) 3
((11,14)(19,9)) 1
((19,9)(19,9)) 6
((19,9)(17,13)) 1
((16,13)(19,9)) 1
((14,4)(13,2)) 1
((13,2)(16,11)) 1
((16,11)(16,9)) 2
((16,9)(13,2)) 1
((15,9)(13,2)) 2
((13,2)(13,6)) 2
((13,6)(15,9)) 5
((15,9)(13,1)) 1
((13,1)(13,1)) 2
((13,1)(13,2)) 1
((13,6)(13,8)) 1
((13,9)(13,6)) 4
((13,6)(13,2)) 1
((15,13)(15,15)) 2
((13,9)(15,13)) 1
((15,13)(6,6)) 1
((7,6)(14,12)) 3
((13,12)(10,11)) 2
((13,12)(15,13)) 4
((10,11)(14,12)) 1
((14,12)(10,10)) 4
((13,11)(10,11)) 1
((10,11)(10,10)) 2
((9,9)(9,7)) 2
((9,7)(10,10)) 1
((10,10)(14,13)) 1
((10,10)(13,9)) 4
((16,13)(14,14)) 1
((14,15)(14,14)) 2
((14,14)(13,14)) 1
((14,14)(13,12)) 1
((13,12)(4,8)) 6
((4,8)(13,10)) 1
((9,8)(10,5)) 2
((6,6)(8,7)) 1
((10,5)(12,3)) 1
((12,3)(11,5)) 1
((11,5)(12,4)) 1
((12,4)(9,7)) 1
((9,7)(7,9)) 1
((7,9)(8,10)) 2
((8,10)(3,7)) 2
((3,7)(4,5)) 1
((11,14)(13,11)) 1
((13,11)(11,14)) 1
((11,14)(14,9)) 1
((14,9)(13,12)) 1
((11,14)(13,8)) 1
((13,8)(11,14)) 1
((11,14)(15,9)) 6
((15,9)(11,14)) 5
((16,14)(20,22)) 4
((20,22)(16,14)) 4
((16,13)(20,22)) 1
((13,9)(10,10)) 2
((16,0)(13,9)) 1
((16,13)(20,16)) 2
((20,16)(20,15)) 2
((20,15)(20,16)) 2
((20,16)(18,9)) 1
((20,16)(16,13)) 1
((20,15)(16,13)) 2
((11,11)(15,8)) 1
((15,8)(12,5)) 1
((12,5)(13,4)) 1
((13,4)(12,5)) 1
((12,5)(21,1)) 1
((21,1)(21,1)) 2
((21,1)(12,4)) 1
((12,4)(12,5)) 1
((12,5)(16,1)) 1
((16,1)(12,5)) 1
((13,9)(5,6)) 1
((5,6)(4,5)) 1
((4,5)(4,6)) 1
((4,6)(4,6)) 4
((4,6)(11,13)) 1
((10,13)(13,9)) 3
((14,11)(18,9)) 1
((14,12)(18,11)) 1
((18,11)(20,9)) 2
((20,9)(20,8)) 1
((14,12)(13,11)) 1
((13,9)(21,10)) 5
((21,10)(20,10)) 1
((20,10)(18,9)) 3
((29,10)(16,13)) 1
((15,15)(18,20)) 1
((18,20)(16,25)) 1
((13,12)(15,25)) 1
((15,25)(16,25)) 1
((13,12)(16,25)) 1
((16,25)(14,25)) 1
((14,25)(15,25)) 1
((15,9)(18,8)) 1
((18,8)(19,7)) 1
((19,7)(28,14)) 1
((16,23)(18,13)) 3
((18,13)(26,7)) 2
((26,7)(16,23)) 1
((18,13)(16,23)) 2
((13,10)(13,18)) 4
((13,18)(13,10)) 4
((13,10)(12,19)) 1
((13,11)(14,13)) 4
((14,13)(13,11)) 4
((12,28)(13,11)) 1
((13,11)(14,12)) 5
((12,28)(15,27)) 1
((16,7)(14,15)) 3
((14,15)(16,7)) 3
((14,15)(12,11)) 1
((12,12)(14,15)) 1
((12,28)(12,21)) 1
((7,7)(13,9)) 1
((13,9)(7,7)) 1
((7,7)(8,7)) 4
((8,7)(7,7)) 2
((7,7)(11,8)) 1
((17,12)(16,8)) 2
((16,8)(15,9)) 6
((18,9)(17,11)) 2
((15,9)(13,5)) 2
((19,11)(16,12)) 2
((18,9)(14,10)) 2
((10,19)(10,19)) 3
((10,19)(11,19)) 3
((11,19)(10,19)) 2
((11,19)(18,24)) 1
((18,24)(18,23)) 2
((12,18)(18,24)) 3
((16,13)(3,7)) 1
((3,7)(14,12)) 3
((15,12)(13,12)) 1
((18,9)(10,10)) 4
((10,10)(4,8)) 1
((17,27)(17,27)) 1
((17,27)(27,21)) 1
((27,21)(17,29)) 1
((17,29)(17,29)) 26
((17,29)(27,21)) 1
((27,21)(26,21)) 2
((26,21)(28,22)) 1
((14,8)(15,8)) 3
((15,8)(23,17)) 1
((23,17)(23,17)) 1
((23,17)(16,12)) 1
((16,12)(15,8)) 1
((25,20)(16,13)) 4
((27,21)(11,11)) 1
((16,15)(17,18)) 1
((17,18)(11,11)) 1
((11,11)(7,8)) 1
((7,8)(21,10)) 1
((5,7)(6,7)) 1
((6,7)(5,8)) 2
((5,8)(6,7)) 1
((6,7)(5,7)) 1
((5,7)(5,8)) 1
((4,8)(5,7)) 2
((5,7)(7,4)) 1
((7,4)(7,4)) 1
((7,4)(7,2)) 1
((7,2)(6,7)) 1
((15,11)(13,6)) 1
((14,6)(13,3)) 1
((15,11)(13,3)) 3
((13,3)(15,9)) 6
((19,15)(13,3)) 1
((13,3)(14,4)) 1
((14,4)(13,3)) 1
((12,4)(13,3)) 1
((15,12)(16,3)) 1
((16,3)(15,12)) 1
((15,12)(16,1)) 2
((15,2)(16,1)) 1
((15,13)(16,12)) 2
((15,12)(11,10)) 1
((17,9)(16,13)) 5
((16,13)(11,13)) 1
((14,16)(13,10)) 1
((13,11)(17,9)) 1
((18,13)(19,14)) 2
((19,14)(19,14)) 7
((19,14)(19,17)) 2
((19,17)(15,27)) 5
((15,27)(19,13)) 1
((19,13)(15,9)) 1
((17,13)(15,14)) 1
((15,14)(18,13)) 1
((15,27)(17,13)) 1
((17,13)(19,13)) 1
((19,13)(18,13)) 3
((15,27)(11,16)) 1
((11,16)(11,16)) 1
((11,16)(18,13)) 1
((18,13)(19,13)) 2
((15,27)(22,7)) 1
((22,7)(18,13)) 1
((15,27)(14,28)) 2
((14,28)(14,28)) 6
((16,1)(18,0)) 1
((18,0)(16,1)) 1
((16,7)(16,1)) 3
((14,9)(13,8)) 2
((13,8)(17,13)) 1
((13,12)(14,10)) 2
((16,7)(14,13)) 1
((14,13)(18,14)) 1
((18,14)(15,9)) 1
((14,11)(16,14)) 1
((16,14)(15,10)) 1
((18,14)(14,12)) 1
((14,12)(16,14)) 3
((16,14)(21,10)) 1
((21,10)(18,13)) 1
((15,10)(13,12)) 1
((14,12)(15,15)) 3
((15,15)(16,12)) 2
((24,2)(22,3)) 1
((22,3)(22,3)) 2
((22,3)(15,10)) 1
((15,10)(16,1)) 1
((16,1)(15,10)) 1
((15,10)(14,11)) 1
((15,10)(16,2)) 2
((12,7)(13,9)) 4
((15,9)(12,9)) 2
((14,13)(13,26)) 1
((13,26)(11,13)) 1
((12,6)(12,6)) 7
((12,6)(15,9)) 1
((15,9)(16,25)) 1
((15,27)(16,23)) 1
((16,23)(18,20)) 7
((18,20)(16,12)) 1
((16,12)(16,23)) 1
((18,20)(17,18)) 1
((16,12)(15,10)) 3
((14,8)(12,3)) 2
((12,3)(10,1)) 2
((10,1)(10,0)) 1
((10,0)(10,0)) 1
((10,0)(9,1)) 1
((9,1)(13,7)) 1
((10,10)(19,6)) 1
((19,6)(19,6)) 5
((19,6)(10,10)) 1
((10,10)(21,1)) 1
((18,9)(19,7)) 1
((19,7)(16,13)) 1
((11,11)(19,7)) 2
((19,7)(11,11)) 1
((19,7)(18,8)) 1
((18,8)(16,11)) 1
((16,13)(19,7)) 1
((15,10)(15,13)) 2
((14,12)(16,12)) 4
((16,2)(16,4)) 3
((16,4)(16,7)) 2
((15,10)(14,12)) 1
((18,13)(18,11)) 2
((18,11)(18,9)) 3
((15,13)(12,29)) 1
((12,29)(12,29)) 15
((12,29)(13,12)) 2
((13,12)(12,29)) 2
((12,29)(12,28)) 1
((12,28)(13,12)) 1
((13,12)(14,28)) 1
((14,28)(12,28)) 2
((13,9)(12,11)) 2
((12,11)(7,11)) 1
((7,11)(12,11)) 1
((12,11)(6,10)) 3
((6,10)(12,11)) 1
((17,11)(18,9)) 1
((11,11)(13,11)) 1
((15,12)(17,12)) 1
((17,12)(13,12)) 1
((14,13)(11,19)) 1
((11,19)(14,13)) 2
((14,13)(15,16)) 5
((15,16)(28,16)) 1
((28,16)(14,13)) 1
((14,13)(14,20)) 2
((14,20)(14,20)) 4
((12,9)(11,11)) 1
((11,11)(12,9)) 1
((12,6)(5,14)) 1
((5,14)(16,15)) 1
((16,15)(15,13)) 3
((15,13)(13,11)) 1
((13,11)(5,14)) 1
((5,14)(13,5)) 1
((21,26)(21,26)) 7
((21,26)(20,26)) 1
((20,26)(20,26)) 11
((20,26)(21,20)) 2
((21,20)(17,13)) 1
((17,13)(21,20)) 2
((21,20)(20,26)) 1
((15,27)(20,26)) 1
((13,9)(8,7)) 1
((8,7)(13,9)) 2
((13,9)(11,14)) 2
((11,14)(6,10)) 1
((7,8)(13,9)) 1
((9,4)(7,6)) 1
((14,12)(9,10)) 2
((9,10)(14,12)) 1
((9,10)(7,6)) 1
((27,24)(16,13)) 4
((16,13)(21,14)) 1
((21,14)(19,15)) 1
((11,13)(30,13)) 1
((30,13)(30,13)) 5
((30,13)(16,13)) 4
((16,13)(30,13)) 3
((14,12)(19,15)) 2
((19,15)(30,13)) 1
((7,9)(11,10)) 3
((11,10)(7,8)) 1
((7,8)(11,10)) 1
((15,9)(12,11)) 1
((12,11)(7,9)) 1
((8,10)(9,11)) 4
((9,11)(12,11)) 1
((12,11)(6,9)) 1
((13,12)(16,7)) 2
((16,7)(15,13)) 2
((15,12)(16,7)) 1
((16,7)(17,9)) 2
((14,9)(16,7)) 1
((15,8)(4,8)) 1
((24,9)(26,7)) 3
((26,7)(13,26)) 1
((13,26)(26,7)) 4
((14,25)(13,26)) 3
((26,7)(14,25)) 1
((24,9)(13,26)) 1
((12,12)(11,13)) 2
((11,13)(11,14)) 3
((11,14)(11,12)) 1
((11,12)(13,12)) 2
((13,12)(9,12)) 1
((9,12)(9,12)) 1
((9,12)(7,12)) 1
((7,12)(11,11)) 2
((15,8)(13,12)) 1
((13,14)(15,12)) 1
((15,9)(15,18)) 1
((15,18)(15,18)) 3
((15,18)(14,17)) 1
((14,17)(14,17)) 1
((14,17)(15,12)) 1
((18,9)(9,7)) 1
((18,9)(18,5)) 3
((9,7)(14,11)) 2
((13,9)(18,5)) 1
((19,0)(18,5)) 2
((18,5)(11,6)) 1
((11,6)(11,5)) 4
((15,9)(22,2)) 1
((22,2)(19,0)) 1
((13,9)(11,6)) 3
((11,5)(11,6)) 1
((11,6)(12,9)) 1
((13,9)(22,2)) 1
((22,2)(19,2)) 1
((19,2)(11,6)) 1
((19,0)(22,2)) 3
((22,2)(13,9)) 1
((18,5)(18,6)) 1
((18,6)(15,9)) 1
((18,9)(19,0)) 2
((22,2)(19,3)) 1
((19,3)(18,9)) 1
((14,8)(13,7)) 4
((14,8)(13,0)) 1
((13,0)(13,2)) 1
((13,2)(13,7)) 1
((4,5)(14,13)) 3
((14,13)(12,11)) 1
((12,11)(4,5)) 1
((14,13)(5,9)) 1
((5,9)(11,10)) 1
((11,10)(14,16)) 1
((14,16)(4,5)) 1
((14,13)(4,5)) 1
((14,12)(5,14)) 1
((5,14)(13,12)) 2
((18,9)(28,11)) 1
((28,11)(18,9)) 1
((13,14)(4,8)) 1
((14,8)(15,16)) 3
((15,16)(14,8)) 2
((16,13)(13,13)) 1
((13,13)(19,15)) 1
((19,15)(17,14)) 1
((17,14)(14,14)) 1
((14,14)(15,12)) 1
((14,13)(13,13)) 2
((13,13)(15,13)) 2
((15,13)(14,14)) 1
((14,14)(13,13)) 1
((15,16)(18,20)) 2
((18,20)(15,16)) 2
((15,16)(14,12)) 1
((14,12)(15,16)) 1
((15,16)(16,0)) 1
((16,0)(18,20)) 1
((18,20)(16,13)) 1
((16,13)(16,4)) 1
((16,12)(4,8)) 1
((4,8)(13,12)) 7
((4,9)(13,12)) 1
((14,13)(4,9)) 1
((4,9)(21,10)) 1
((21,10)(15,12)) 1
((13,12)(15,12)) 2
((9,11)(4,9)) 1
((14,12)(12,14)) 3
((12,14)(14,13)) 3
((13,14)(14,13)) 2
((14,14)(12,14)) 1
((14,13)(19,16)) 1
((19,16)(14,13)) 1
((14,13)(11,14)) 1
((18,12)(3,7)) 1
((18,10)(14,12)) 1
((13,13)(14,13)) 1
((15,13)(4,8)) 1
((4,8)(18,12)) 2
((20,26)(19,25)) 4
((19,25)(19,25)) 7
((19,25)(20,26)) 4
((20,26)(21,26)) 2
((21,26)(21,25)) 1
((21,25)(21,25)) 3
((21,25)(20,26)) 1
((13,12)(18,13)) 3
((18,13)(11,11)) 1
((3,7)(11,13)) 1
((21,10)(14,11)) 1
((14,11)(4,8)) 3
((4,8)(18,10)) 2
((26,11)(26,11)) 4
((26,11)(12,15)) 1
((12,15)(12,15)) 3
((12,15)(12,16)) 3
((12,16)(26,11)) 2
((26,11)(12,16)) 2
((12,16)(12,15)) 2
((14,12)(11,14)) 2
((15,11)(11,14)) 1
((13,19)(13,20)) 1
((13,20)(13,20)) 2
((13,20)(13,19)) 1
((14,13)(14,11)) 1
((15,9)(14,13)) 3
((13,19)(15,9)) 2
((12,12)(16,13)) 1
((16,13)(7,2)) 1
((12,12)(8,2)) 1
((12,12)(15,9)) 1
((15,8)(8,2)) 1
((8,2)(9,4)) 1
((9,4)(9,11)) 2
((9,11)(12,12)) 1
((13,9)(8,2)) 2
((8,2)(13,9)) 1
((9,11)(8,2)) 1
((13,12)(13,10)) 2
((12,11)(6,6)) 4
((14,9)(12,11)) 1
((12,28)(14,12)) 4
((14,12)(15,27)) 2
((12,28)(15,9)) 1
((12,28)(15,12)) 1
((15,12)(12,28)) 1
((15,9)(18,1)) 2
((18,1)(15,9)) 2
((15,9)(17,3)) 2
((17,3)(17,3)) 16
((17,3)(18,1)) 1
((18,1)(14,13)) 1
((14,13)(17,9)) 2
((17,9)(18,13)) 1
((19,15)(27,21)) 3
((27,21)(18,13)) 1
((18,10)(17,1)) 1
((9,8)(9,6)) 3
((9,6)(9,8)) 1
((9,6)(10,9)) 1
((9,6)(13,12)) 1
((13,12)(10,13)) 1
((11,13)(14,12)) 1
((11,2)(13,7)) 1
((15,9)(12,5)) 1
((12,5)(11,2)) 1
((11,2)(15,9)) 1
((9,10)(10,10)) 3
((10,10)(9,10)) 2
((9,10)(9,11)) 3
((9,10)(6,10)) 1
((10,9)(9,10)) 1
((26,6)(15,9)) 3
((21,10)(17,13)) 5
((17,13)(11,11)) 2
((16,13)(26,15)) 1
((26,15)(26,15)) 4
((26,15)(26,17)) 1
((26,17)(26,17)) 4
((26,17)(25,17)) 2
((25,17)(26,15)) 1
((26,15)(25,17)) 1
((25,17)(26,17)) 2
((26,17)(25,14)) 1
((25,14)(26,14)) 2
((26,14)(26,14)) 8
((26,14)(25,17)) 1
((26,17)(26,15)) 1
((26,15)(19,15)) 1
((19,15)(26,17)) 1
((25,17)(27,15)) 1
((27,15)(27,15)) 1
((27,15)(26,15)) 1
((15,7)(10,10)) 1
((10,10)(15,7)) 1
((15,7)(14,5)) 1
((14,5)(14,7)) 1
((16,12)(18,4)) 1
((18,4)(19,1)) 1
((19,1)(19,1)) 1
((19,1)(16,12)) 1
((18,9)(17,8)) 3
((17,8)(18,7)) 1
((18,7)(18,5)) 1
((18,5)(19,2)) 1
((11,8)(12,9)) 2
((11,8)(7,12)) 1
((7,12)(11,8)) 2
((14,14)(13,9)) 1
((9,11)(11,14)) 5
((11,14)(4,8)) 1
((11,14)(16,10)) 1
((16,10)(16,7)) 1
((16,7)(16,13)) 4
((18,10)(14,9)) 1
((14,9)(14,12)) 1
((10,10)(11,14)) 2
((16,6)(21,10)) 1
((18,6)(15,8)) 1
((20,6)(10,1)) 1
((10,1)(14,8)) 2
((14,8)(18,9)) 1
((18,9)(20,6)) 1
((11,10)(9,4)) 1
((11,11)(13,6)) 1
((13,6)(9,11)) 1
((19,15)(15,15)) 1
((15,15)(15,18)) 1
((15,18)(15,13)) 1
((23,14)(15,13)) 1
((15,13)(23,14)) 1
((23,14)(14,12)) 1
((17,13)(23,14)) 1
((23,14)(16,13)) 1
((13,10)(9,6)) 1
((9,6)(11,6)) 1
((15,12)(14,11)) 2
((9,4)(16,12)) 1
((13,11)(15,12)) 1
((12,21)(13,12)) 2
((13,12)(12,21)) 1
((12,21)(27,18)) 1
((27,18)(12,19)) 1
((12,9)(7,7)) 1
((11,11)(7,7)) 3
((16,13)(25,18)) 1
((25,18)(25,18)) 6
((25,18)(24,19)) 2
((24,19)(24,19)) 2
((24,19)(19,15)) 2
((19,15)(25,18)) 1
((19,15)(15,9)) 1
((17,13)(18,10)) 3
((18,10)(13,12)) 2
((18,10)(17,13)) 4
((17,13)(5,14)) 1
((11,10)(18,9)) 1
((11,11)(17,10)) 1
((18,9)(11,11)) 2
((11,11)(18,10)) 2
((16,10)(18,10)) 1
((18,10)(11,11)) 2
((11,11)(18,9)) 2
((18,10)(16,10)) 2
((16,14)(27,6)) 1
((27,7)(21,10)) 2
((13,12)(27,7)) 1
((27,7)(27,6)) 1
((27,6)(12,11)) 1
((13,12)(21,10)) 1
((14,4)(14,3)) 1
((14,3)(14,3)) 2
((14,3)(14,4)) 2
((15,8)(14,3)) 1
((14,4)(14,11)) 1
((14,4)(14,7)) 3
((14,7)(16,11)) 1
((4,8)(13,9)) 4
((13,9)(4,8)) 2
((4,8)(7,5)) 1
((13,12)(9,4)) 1
((10,2)(15,9)) 1
((10,2)(7,11)) 1
((7,11)(6,12)) 1
((6,12)(6,12)) 1
((6,12)(5,14)) 1
((5,13)(10,1)) 1
((13,26)(14,12)) 1
((13,12)(15,27)) 1
((20,15)(16,15)) 1
((14,8)(16,12)) 1
((15,8)(16,9)) 1
((24,9)(21,10)) 2
((21,10)(11,14)) 1
((11,14)(13,9)) 1
((16,14)(14,11)) 1
((12,11)(10,9)) 1
((10,9)(16,14)) 1
((17,14)(16,13)) 4
((5,13)(6,10)) 5
((7,13)(7,13)) 1
((7,13)(6,10)) 1
((15,15)(17,21)) 2
((17,21)(16,25)) 2
((15,26)(17,21)) 1
((17,21)(10,11)) 1
((10,11)(5,11)) 1
((5,11)(11,11)) 1
((5,11)(5,13)) 1
((6,10)(17,18)) 1
((17,18)(16,25)) 3
((15,26)(16,13)) 1
((15,26)(7,12)) 1
((16,25)(20,25)) 1
((20,25)(20,25)) 1
((20,25)(22,25)) 1
((22,25)(22,25)) 1
((22,25)(17,21)) 1
((15,8)(15,26)) 1
((13,7)(14,11)) 1
((15,9)(4,8)) 1
((16,12)(14,8)) 1
((6,8)(6,7)) 1
((2,8)(6,8)) 1
((8,5)(5,4)) 2
((5,4)(6,6)) 3
((6,6)(4,8)) 2
((4,8)(5,4)) 1
((5,4)(5,9)) 1
((7,11)(9,7)) 1
((6,6)(7,11)) 1
((7,11)(8,11)) 1
((8,10)(8,5)) 1
((5,4)(8,11)) 1
((8,11)(16,13)) 1
((17,13)(18,14)) 2
((18,14)(26,11)) 1
((26,11)(29,10)) 1
((29,10)(19,15)) 1
((16,14)(17,13)) 3
((17,13)(13,11)) 1
((5,13)(11,14)) 1
((11,14)(12,16)) 1
((12,16)(12,17)) 1
((12,17)(16,23)) 1
((16,23)(17,18)) 1
((14,12)(17,9)) 1
((15,9)(15,11)) 3
((15,11)(15,21)) 1
((18,9)(18,11)) 2
((21,10)(18,11)) 2
((16,13)(15,7)) 1
((9,7)(14,10)) 2
((9,7)(8,5)) 1
((8,7)(4,8)) 1
((17,3)(15,9)) 2
((11,10)(18,10)) 1
((18,10)(18,11)) 2
((13,14)(24,9)) 1
((15,27)(17,28)) 3
((17,28)(17,28)) 7
((17,28)(15,27)) 3
((15,9)(23,7)) 1
((23,7)(23,7)) 3
((23,7)(13,14)) 1
((13,14)(18,9)) 1
((15,9)(24,7)) 1
((24,7)(24,7)) 8
((24,7)(23,7)) 1
((23,7)(15,9)) 1
((15,9)(24,6)) 1
((15,13)(18,16)) 1
((18,16)(18,16)) 5
((18,16)(18,13)) 1
((18,13)(18,16)) 1
((18,16)(16,14)) 1
((16,13)(18,16)) 1
((11,11)(17,21)) 1
((17,21)(11,11)) 1
((18,20)(17,21)) 2
((17,21)(18,20)) 2
((8,11)(9,9)) 1
((9,9)(8,11)) 1
((13,12)(24,9)) 1
((17,14)(17,13)) 1
((26,7)(15,13)) 1
((16,13)(16,8)) 2
((16,8)(15,10)) 1
((16,12)(19,10)) 1
((14,12)(19,10)) 1
((19,10)(19,9)) 1
((19,9)(14,12)) 2
((14,12)(19,9)) 1
((10,10)(11,13)) 2
((11,13)(17,9)) 1
((17,9)(17,6)) 7
((17,6)(17,9)) 6
((17,6)(18,9)) 1
((17,9)(14,14)) 1
((14,14)(11,14)) 1
((14,14)(16,10)) 1
((14,12)(14,16)) 1
((14,15)(15,14)) 1
((15,14)(15,13)) 1
((15,13)(13,10)) 1
((15,9)(15,14)) 1
((8,10)(11,8)) 1
((11,8)(8,10)) 2
((9,7)(5,13)) 1
((8,10)(5,13)) 1
((9,11)(11,8)) 1
((23,21)(17,21)) 2
((17,21)(23,21)) 1
((17,21)(14,12)) 1
((16,13)(6,10)) 2
((16,2)(13,7)) 2
((13,7)(16,2)) 2
((16,2)(9,7)) 1
((6,10)(16,11)) 1
((16,6)(13,9)) 1
((14,12)(16,6)) 1
((16,6)(11,11)) 1
((11,11)(16,6)) 1
((18,9)(22,4)) 3
((22,4)(22,4)) 36
((22,4)(13,13)) 1
((13,13)(14,14)) 1
((3,5)(3,5)) 39
((3,5)(4,6)) 1
((4,6)(17,13)) 1
((13,9)(15,27)) 1
((10,7)(15,9)) 1
((11,10)(14,12)) 2
((13,9)(14,15)) 1
((14,15)(13,15)) 2
((13,15)(13,9)) 1
((13,15)(13,8)) 1
((13,8)(13,15)) 1
((13,15)(15,12)) 1
((14,10)(13,15)) 1
((13,15)(14,15)) 1
((14,15)(14,13)) 1
((14,15)(13,14)) 1
((18,9)(24,2)) 2
((24,2)(12,16)) 1
((12,27)(18,9)) 1
((18,9)(21,25)) 1
((16,13)(17,23)) 1
((17,23)(17,23)) 1
((17,23)(16,25)) 1
((16,25)(15,9)) 2
((15,9)(19,17)) 1
((19,17)(11,10)) 1
((11,10)(18,13)) 1
((18,11)(16,25)) 1
((15,9)(17,21)) 1
((18,13)(16,9)) 1
((15,13)(6,10)) 1
((16,10)(16,13)) 2
((19,17)(18,13)) 1
((18,13)(17,13)) 2
((19,15)(19,14)) 2
((14,10)(13,12)) 4
((13,12)(17,12)) 1
((16,12)(12,28)) 2
((15,11)(12,28)) 1
((12,28)(16,13)) 2
((15,15)(15,11)) 2
((15,11)(16,12)) 1
((16,12)(14,28)) 1
((14,28)(15,11)) 1
((15,12)(19,15)) 1
((27,21)(28,21)) 2
((28,21)(19,15)) 1
((13,10)(15,12)) 1
((25,20)(28,21)) 1
((28,21)(27,21)) 1
((5,8)(16,13)) 3
((15,13)(11,12)) 2
((11,12)(5,11)) 1
((5,11)(4,8)) 1
((16,13)(9,10)) 2
((11,12)(9,10)) 1
((17,3)(17,9)) 1
((17,9)(14,12)) 1
((14,12)(19,3)) 1
((19,3)(17,3)) 1
((17,3)(15,8)) 1
((18,9)(22,8)) 1
((22,8)(22,7)) 1
((22,7)(19,10)) 1
((7,6)(18,9)) 1
((18,20)(16,23)) 4
((18,20)(15,15)) 1
((16,12)(23,21)) 4
((23,21)(15,12)) 2
((23,21)(15,13)) 1
((23,21)(19,15)) 1
((18,9)(14,9)) 1
((14,9)(18,9)) 2
((9,11)(14,13)) 1
((14,20)(9,11)) 1
((9,11)(15,12)) 3
((13,19)(14,12)) 1
((15,12)(16,23)) 2
((16,23)(14,20)) 1
((14,20)(14,12)) 2
((15,12)(14,20)) 1
((26,6)(13,9)) 2
((21,10)(15,9)) 6
((26,6)(18,9)) 1
((11,13)(11,12)) 1
((11,12)(10,13)) 1
((11,13)(10,10)) 1
((16,9)(16,10)) 2
((16,9)(18,7)) 1
((18,7)(16,7)) 1
((16,9)(16,8)) 2
((16,9)(11,10)) 1
((11,10)(9,8)) 3
((9,8)(18,9)) 1
((18,5)(18,7)) 1
((18,9)(13,7)) 1
((13,14)(15,9)) 1
((11,14)(11,13)) 2
((16,12)(12,11)) 2
((6,6)(16,12)) 1
((12,11)(14,10)) 1
((11,10)(13,12)) 1
((13,9)(17,11)) 1
((17,11)(17,9)) 1
((17,9)(14,6)) 1
((14,6)(19,11)) 1
((18,11)(14,12)) 1
((13,9)(18,12)) 2
((16,10)(15,12)) 2
((15,12)(16,10)) 1
((10,5)(16,10)) 1
((15,13)(16,11)) 2
((16,13)(11,14)) 1
((13,14)(11,13)) 1
((12,4)(16,8)) 1
((16,12)(13,8)) 1
((13,8)(14,8)) 1
((9,11)(3,7)) 5
((3,7)(9,11)) 4
((16,7)(14,10)) 1
((14,10)(16,7)) 1
((5,13)(5,14)) 1
((5,14)(8,11)) 1
((8,11)(10,11)) 1
((14,12)(14,25)) 1
((6,6)(4,6)) 1
((4,6)(3,5)) 1
((3,5)(13,9)) 3
((13,9)(10,13)) 1
((13,9)(14,7)) 1
((16,8)(13,9)) 2
((15,9)(13,6)) 7
((14,12)(13,6)) 2
((14,12)(5,8)) 1
((11,11)(4,9)) 2
((16,11)(16,8)) 1
((16,8)(17,12)) 1
((16,8)(15,11)) 1
((15,11)(16,8)) 1
((16,8)(16,11)) 1
((16,7)(17,13)) 1
((17,13)(16,5)) 1
((15,27)(15,28)) 7
((15,28)(15,27)) 5
((15,13)(16,2)) 1
((16,2)(15,10)) 1
((17,13)(20,16)) 1
((20,16)(17,13)) 1
((14,13)(13,18)) 1
((13,18)(18,29)) 1
((8,10)(7,11)) 1
((7,11)(8,10)) 1
((11,11)(14,9)) 2
((14,9)(18,13)) 1
((16,0)(14,11)) 1
((15,13)(17,14)) 1
((17,14)(14,16)) 1
((14,16)(16,14)) 1
((16,14)(16,11)) 1
((16,11)(14,12)) 1
((19,14)(19,15)) 2
((19,15)(21,14)) 1
((21,14)(28,14)) 1
((28,14)(29,13)) 1
((19,15)(11,11)) 2
((11,11)(5,13)) 1
((13,6)(13,7)) 3
((13,7)(13,6)) 2
((8,11)(9,11)) 2
((9,11)(8,12)) 1
((8,12)(8,12)) 1
((8,12)(13,12)) 1
((14,12)(27,21)) 1
((14,12)(28,22)) 1
((28,22)(26,20)) 1
((26,20)(26,20)) 2
((26,20)(27,21)) 1
((15,6)(20,17)) 1
((20,17)(15,6)) 1
((15,6)(15,9)) 3
((16,13)(16,6)) 2
((16,6)(16,13)) 1
((13,9)(15,6)) 1
((15,6)(11,14)) 1
((16,13)(17,21)) 1
((16,25)(16,13)) 3
((16,25)(14,12)) 1
((17,21)(17,18)) 1
((16,6)(15,13)) 1
((17,14)(15,13)) 1
((15,13)(16,6)) 1
((21,20)(20,17)) 1
((20,17)(17,18)) 2
((17,18)(15,16)) 1
((15,16)(18,19)) 1
((18,19)(20,18)) 1
((20,18)(21,20)) 1
((16,13)(25,22)) 1
((25,22)(13,9)) 1
((15,9)(18,14)) 1
((18,14)(21,20)) 1
((21,20)(13,12)) 1
((13,12)(21,20)) 1
((21,20)(25,21)) 1
((6,10)(8,7)) 1
((8,7)(11,11)) 1
((11,11)(8,7)) 1
((8,7)(16,13)) 1
((12,9)(6,9)) 1
((13,9)(6,8)) 1
((16,15)(13,11)) 1
((13,11)(21,10)) 1
((21,10)(22,11)) 1
((22,11)(22,11)) 1
((22,11)(16,13)) 1
((21,10)(23,7)) 1
((23,7)(26,6)) 1
((26,6)(16,4)) 1
((13,10)(12,6)) 1
((12,6)(13,7)) 1
((13,7)(12,7)) 1
((12,7)(12,6)) 1
((12,6)(13,9)) 1
((10,5)(12,6)) 1
((19,11)(11,14)) 1
((6,9)(8,10)) 1
((8,10)(15,9)) 1
((14,11)(27,12)) 1
((27,12)(27,12)) 14
((27,12)(13,11)) 3
((13,11)(27,12)) 2
((27,12)(29,10)) 1
((29,10)(27,12)) 1
((25,7)(4,8)) 2
((4,8)(24,8)) 2
((24,8)(4,9)) 1
((24,8)(25,7)) 2
((4,8)(25,7)) 1
((25,7)(16,13)) 1
((16,13)(24,8)) 1
((16,12)(14,13)) 1
((13,14)(16,12)) 2
((14,6)(16,12)) 1
((15,12)(13,14)) 1
((13,14)(13,13)) 3
((24,21)(23,21)) 2
((25,14)(13,9)) 1
((25,14)(17,13)) 1
((17,13)(25,14)) 1
((14,11)(4,5)) 2
((4,5)(14,11)) 1
((14,10)(22,4)) 1
((22,4)(14,10)) 1
((14,10)(18,19)) 1
((14,10)(16,11)) 1
((16,11)(14,10)) 2
((13,9)(18,19)) 1
((18,19)(13,12)) 1
((24,2)(14,9)) 1
((24,2)(22,4)) 3
((22,4)(18,9)) 5
((24,2)(21,5)) 1
((14,12)(8,10)) 2
((8,10)(15,11)) 1
((4,8)(15,11)) 1
((14,12)(7,5)) 1
((17,29)(18,29)) 6
((18,29)(11,19)) 1
((11,19)(17,29)) 3
((18,29)(17,29)) 3
((14,13)(17,29)) 1
((17,29)(13,10)) 1
((13,10)(11,19)) 1
((17,29)(16,23)) 1
((16,23)(11,19)) 2
((14,12)(16,4)) 1
((12,0)(7,7)) 1
((7,7)(16,4)) 1
((16,4)(16,12)) 2
((13,9)(23,10)) 1
((23,10)(21,10)) 1
((17,13)(23,10)) 1
((19,17)(20,22)) 1
((18,13)(20,22)) 1
((18,13)(13,9)) 1
((16,6)(16,15)) 1
((16,15)(16,6)) 1
((16,6)(14,12)) 2
((16,13)(17,9)) 2
((15,9)(16,14)) 2
((16,14)(13,10)) 1
((13,11)(16,12)) 2
((16,12)(16,15)) 1
((17,14)(16,15)) 1
((18,11)(5,7)) 1
((5,7)(15,15)) 2
((15,15)(5,7)) 1
((5,7)(7,5)) 1
((7,5)(5,7)) 1
((15,15)(13,15)) 1
((7,8)(6,10)) 2
((18,14)(17,13)) 1
((11,11)(24,21)) 1
((13,9)(20,10)) 1
((20,10)(15,9)) 2
((15,9)(20,10)) 4
((20,10)(13,9)) 1
((20,10)(10,10)) 1
((11,13)(20,10)) 1
((9,4)(4,8)) 1
((5,10)(6,11)) 1
((4,9)(10,1)) 1
((14,13)(6,10)) 1
((6,10)(4,8)) 1
((6,10)(5,10)) 2
((5,11)(6,11)) 1
((10,10)(11,12)) 1
((11,12)(17,13)) 1
((17,13)(16,23)) 1
((18,20)(4,8)) 1
((4,8)(13,27)) 1
((13,27)(15,10)) 1
((15,10)(12,9)) 1
((7,7)(7,5)) 1
((7,5)(7,6)) 1
((12,21)(11,11)) 1
((11,11)(6,9)) 1
((6,9)(8,7)) 1
((8,7)(14,12)) 1
((14,12)(12,16)) 1
((11,11)(13,20)) 1
((13,20)(12,20)) 1
((11,21)(3,10)) 1
((19,11)(18,9)) 1
((20,11)(16,11)) 1
((16,11)(11,14)) 1
((11,14)(25,8)) 1
((25,8)(25,8)) 2
((25,8)(25,11)) 1
((25,17)(29,10)) 1
((29,10)(28,16)) 1
((28,16)(27,18)) 1
((27,18)(25,20)) 1
((16,15)(28,14)) 1
((16,1)(17,0)) 2
((17,0)(17,0)) 4
((17,0)(16,5)) 2
((15,9)(17,0)) 2
((17,0)(16,1)) 2
((9,11)(8,10)) 2
((14,13)(13,9)) 3
((26,6)(25,6)) 1
((25,6)(25,6)) 1
((25,6)(26,6)) 1
((4,8)(14,13)) 3
((15,9)(19,6)) 1
((19,6)(18,6)) 1
((18,6)(19,6)) 1
((19,6)(15,9)) 1
((16,13)(18,12)) 2
((18,12)(18,9)) 3
((8,9)(11,10)) 4
((14,9)(16,14)) 1
((16,14)(13,12)) 2
((16,14)(12,7)) 1
((12,7)(16,14)) 1
((17,14)(8,9)) 1
((8,9)(16,14)) 1
((18,9)(21,5)) 4
((21,5)(18,13)) 1
((18,9)(26,7)) 1
((26,7)(27,6)) 1
((27,6)(18,9)) 1
((10,1)(13,7)) 1
((14,8)(14,9)) 2
((15,13)(24,7)) 2
((24,7)(15,13)) 1
((24,7)(14,12)) 1
((15,13)(21,10)) 1
((21,10)(24,7)) 1
((24,7)(24,6)) 1
((9,10)(16,13)) 1
((9,10)(19,11)) 1
((19,11)(17,13)) 1
((12,14)(14,12)) 1
((14,12)(25,8)) 1
((18,13)(19,11)) 1
((21,10)(11,11)) 2
((16,14)(11,11)) 2
((15,15)(14,12)) 2
((15,9)(9,7)) 1
((9,7)(4,5)) 2
((12,21)(12,16)) 1
((10,5)(9,11)) 1
((9,11)(12,21)) 1
((14,12)(11,19)) 1
((12,21)(10,5)) 2
((10,5)(12,21)) 1
((10,5)(16,13)) 1
((11,8)(16,13)) 1
((16,15)(9,9)) 2
((9,9)(16,15)) 2
((10,10)(15,12)) 1
((15,12)(10,11)) 1
((14,12)(10,11)) 1
((10,10)(15,13)) 1
((14,12)(17,29)) 1
((17,29)(17,28)) 1
((4,6)(4,5)) 1
((4,5)(18,12)) 1
((20,17)(11,10)) 1
((11,11)(16,11)) 1
((26,18)(27,24)) 1
((16,12)(17,13)) 1
((17,13)(16,6)) 1
((16,6)(13,6)) 1
((5,13)(5,12)) 1
((5,12)(13,12)) 1
((16,7)(13,10)) 1
((13,10)(15,14)) 1
((16,15)(14,12)) 3
((15,13)(15,14)) 1
((18,11)(12,12)) 3
((12,12)(18,11)) 2
((13,7)(14,12)) 1
((14,12)(13,8)) 1
((13,9)(17,13)) 1
((11,10)(8,9)) 4
((8,9)(7,9)) 4
((7,9)(8,9)) 2
((11,0)(11,0)) 5
((11,0)(9,4)) 1
((9,4)(22,4)) 1
((22,4)(20,6)) 1
((20,6)(13,13)) 1
((15,10)(14,8)) 1
((18,13)(20,13)) 1
((12,11)(25,11)) 1
((25,11)(17,12)) 1
((21,10)(14,12)) 3
((21,10)(5,13)) 1
((5,13)(21,10)) 1
((20,6)(16,11)) 1
((16,11)(14,13)) 2
((14,13)(16,14)) 2
((21,10)(20,7)) 1
((22,4)(21,5)) 4
((21,5)(22,4)) 3
((15,16)(14,13)) 2
((15,16)(15,15)) 2
((15,15)(14,13)) 1
((13,9)(14,13)) 3
((15,16)(13,9)) 1
((11,14)(13,18)) 1
((16,11)(13,11)) 1
((17,13)(14,9)) 1
((14,9)(20,10)) 1
((19,15)(26,14)) 2
((26,14)(22,10)) 1
((19,15)(25,14)) 1
((26,14)(25,14)) 1
((25,14)(24,14)) 1
((24,14)(24,14)) 1
((24,14)(18,13)) 1
((20,9)(22,10)) 1
((22,10)(23,11)) 2
((23,11)(23,11)) 4
((23,11)(22,10)) 1
((22,10)(20,9)) 2
((20,9)(21,10)) 1
((23,11)(24,12)) 1
((24,12)(22,10)) 1
((20,9)(18,9)) 1
((18,9)(19,15)) 1
((26,14)(28,16)) 1
((12,9)(12,10)) 1
((12,10)(6,6)) 1
((12,9)(16,12)) 1
((4,5)(12,9)) 2
((12,9)(4,5)) 2
((4,5)(9,11)) 1
((11,14)(9,11)) 2
((9,11)(9,7)) 1
((13,6)(12,0)) 2
((12,0)(13,6)) 1
((18,10)(26,7)) 1
((26,7)(24,2)) 1
((21,5)(22,5)) 2
((22,5)(21,5)) 1
((21,5)(16,11)) 1
((22,5)(22,4)) 1
((17,6)(18,3)) 1
((18,3)(18,3)) 6
((18,3)(16,13)) 1
((18,14)(18,3)) 1
((18,3)(18,9)) 1
((17,8)(17,3)) 1
((15,6)(13,6)) 2
((13,7)(15,6)) 1
((15,6)(13,7)) 1
((13,6)(11,7)) 1
((11,7)(11,7)) 1
((9,8)(7,6)) 1
((7,6)(9,7)) 1
((9,7)(9,8)) 1
((11,0)(16,12)) 1
((11,3)(11,3)) 16
((11,3)(12,3)) 2
((12,3)(11,3)) 2
((11,3)(10,1)) 1
((10,1)(11,3)) 1
((12,1)(15,9)) 1
((16,7)(14,7)) 1
((14,7)(14,12)) 1
((9,7)(15,9)) 1
((11,11)(21,10)) 1
((22,9)(13,9)) 1
((16,13)(12,9)) 1
((21,20)(15,27)) 2
((15,27)(14,12)) 2
((15,27)(21,20)) 1
((15,27)(16,15)) 1
((22,7)(21,7)) 1
((21,7)(20,9)) 1
((20,9)(22,7)) 2
((20,9)(16,12)) 1
((16,12)(15,15)) 2
((17,21)(15,9)) 1
((20,9)(12,11)) 1
((7,6)(20,9)) 1
((15,13)(12,16)) 1
((18,10)(13,16)) 2
((13,16)(16,13)) 2
((18,9)(13,16)) 1
((16,11)(18,10)) 1
((13,16)(16,11)) 1
((9,4)(13,9)) 3
((15,9)(9,4)) 2
((15,9)(7,2)) 1
((7,2)(9,4)) 1
((17,9)(18,1)) 7
((15,15)(18,12)) 2
((16,13)(15,15)) 1
((18,12)(15,15)) 1
((15,15)(15,16)) 1
((12,29)(11,29)) 3
((11,29)(12,29)) 2
((12,29)(16,25)) 1
((16,25)(19,18)) 1
((19,18)(16,15)) 1
((16,15)(12,29)) 1
((7,6)(4,5)) 2
((14,12)(8,7)) 1
((4,5)(11,11)) 1
((13,12)(4,9)) 1
((5,9)(14,13)) 1
((4,9)(16,12)) 1
((22,22)(21,20)) 1
((25,20)(22,22)) 1
((18,12)(18,13)) 2
((15,12)(12,9)) 1
((15,13)(27,21)) 1
((27,21)(27,24)) 2
((16,25)(13,28)) 1
((13,28)(13,28)) 1
((24,25)(17,13)) 1
((12,0)(13,8)) 1
((13,8)(12,0)) 1
((12,0)(16,13)) 1
((16,13)(12,0)) 1
((12,0)(17,13)) 1
((4,9)(12,11)) 1
((11,13)(10,11)) 1
((10,11)(12,11)) 1
((25,14)(15,9)) 1
((16,8)(27,24)) 1
((27,22)(27,21)) 1
((27,21)(27,22)) 1
((25,14)(27,23)) 1
((27,23)(27,23)) 1
((27,23)(25,22)) 1
((25,22)(27,24)) 1
((16,8)(17,13)) 1
((15,9)(25,9)) 2
((25,9)(17,13)) 1
((17,13)(25,9)) 1
((25,9)(24,8)) 2
((24,8)(25,9)) 1
((24,8)(18,9)) 1
((18,9)(6,10)) 1
((14,9)(16,12)) 2
((16,12)(14,9)) 2
((16,12)(18,12)) 2
((20,11)(16,12)) 1
((16,12)(20,11)) 1
((20,11)(20,10)) 1
((20,10)(21,10)) 1
((6,6)(16,11)) 3
((16,11)(6,6)) 2
((13,12)(16,11)) 1
((18,29)(15,15)) 1
((15,15)(18,29)) 1
((18,29)(14,11)) 3
((14,11)(18,29)) 2
((18,29)(15,25)) 1
((15,25)(15,13)) 1
((15,13)(18,29)) 1
((25,22)(21,20)) 1
((21,20)(20,16)) 1
((19,15)(16,12)) 1
((13,7)(10,1)) 1
((10,1)(12,3)) 4
((12,3)(12,5)) 2
((14,8)(23,21)) 1
((25,22)(26,23)) 2
((26,23)(25,22)) 3
((25,22)(16,23)) 2
((16,23)(13,18)) 1
((13,18)(15,12)) 2
((21,20)(24,21)) 1
((16,23)(14,25)) 2
((14,25)(24,21)) 1
((26,23)(19,15)) 1
((27,24)(14,9)) 1
((14,9)(25,24)) 1
((25,24)(25,24)) 1
((15,13)(16,25)) 2
((15,28)(17,14)) 1
((17,14)(17,17)) 1
((17,17)(17,17)) 1
((17,17)(27,18)) 1
((27,18)(16,25)) 1
((16,12)(13,14)) 1
((16,11)(16,7)) 2
((16,7)(16,10)) 1
((16,10)(18,9)) 2
((22,4)(28,14)) 1
((28,14)(24,2)) 1
((16,15)(21,10)) 1
((16,0)(18,9)) 1
((15,13)(28,14)) 1
((28,14)(26,6)) 1
((17,13)(15,10)) 1
((11,10)(8,8)) 1
((8,8)(11,10)) 1
((12,16)(16,15)) 1
((16,15)(12,28)) 1
((11,29)(13,27)) 1
((13,27)(16,11)) 1
((20,10)(16,13)) 1
((13,12)(7,9)) 1
((7,9)(20,10)) 1
((16,23)(18,29)) 1
((18,29)(16,11)) 3
((16,11)(18,29)) 3
((19,15)(14,12)) 1
((18,12)(15,12)) 1
((15,13)(14,10)) 1
((10,1)(14,5)) 1
((14,5)(14,12)) 1
((18,9)(15,6)) 1
((13,7)(21,10)) 1
((18,12)(17,9)) 2
((16,9)(21,10)) 1
((22,9)(18,9)) 1
((17,7)(17,6)) 1
((17,6)(17,5)) 1
((17,5)(17,5)) 1
((17,5)(18,0)) 1
((12,0)(12,1)) 6
((12,1)(13,0)) 5
((13,0)(13,1)) 1
((13,1)(12,0)) 1
((7,11)(11,11)) 1
((17,9)(17,3)) 1
((16,14)(21,27)) 2
((21,27)(21,27)) 5
((21,27)(16,14)) 1
((16,14)(21,25)) 1
((21,25)(14,25)) 1
((14,25)(11,14)) 1
((13,13)(16,14)) 1
((21,27)(11,12)) 1
((11,12)(16,14)) 1
((16,14)(14,25)) 1
((14,25)(22,27)) 1
((22,27)(22,27)) 1
((22,27)(21,27)) 1
((21,27)(18,26)) 1
((18,26)(18,26)) 1
((10,10)(12,9)) 1
((10,10)(14,12)) 1
((9,9)(13,9)) 1
((26,7)(27,7)) 2
((27,7)(16,1)) 1
((16,1)(12,0)) 1
((27,7)(12,0)) 1
((14,12)(27,7)) 1
((9,11)(18,9)) 3
((19,3)(19,2)) 2
((19,3)(18,6)) 1
((19,2)(9,11)) 1
((19,2)(13,11)) 1
((16,15)(21,14)) 4
((21,14)(16,15)) 3
((21,14)(20,15)) 1
((17,13)(16,14)) 1
((11,13)(16,9)) 1
((15,9)(17,18)) 1
((18,9)(17,18)) 1
((5,13)(14,13)) 1
((6,10)(5,13)) 3
((5,13)(6,13)) 1
((6,13)(6,13)) 1
((20,17)(20,16)) 1
((19,15)(19,13)) 1
((19,13)(18,12)) 1
((17,12)(16,13)) 1
((15,9)(20,6)) 1
((18,9)(6,6)) 1
((6,6)(16,13)) 1
((12,11)(19,15)) 1
((19,15)(12,11)) 1
((10,5)(13,9)) 2
((16,12)(9,11)) 1
((11,13)(9,4)) 1
((9,4)(12,11)) 1
((4,11)(4,11)) 1
((4,11)(4,8)) 1
((4,9)(11,11)) 1
((11,11)(17,13)) 1
((13,9)(3,5)) 4
((3,5)(15,8)) 1
((3,5)(15,9)) 2
((15,9)(3,5)) 1
((10,10)(16,6)) 1
((14,12)(12,18)) 2
((12,18)(11,19)) 1
((11,19)(25,20)) 1
((16,13)(19,13)) 2
((19,13)(14,12)) 1
((12,18)(16,13)) 1
((19,13)(20,17)) 1
((20,17)(13,18)) 1
((13,18)(14,12)) 1
((17,13)(12,18)) 1
((12,18)(25,20)) 1
((15,8)(14,4)) 2
((5,14)(13,18)) 1
((13,18)(15,19)) 1
((15,19)(19,18)) 1
((19,18)(19,16)) 1
((19,16)(19,17)) 1
((19,18)(25,17)) 1
((25,17)(19,18)) 1
((15,9)(6,10)) 1
((6,10)(22,13)) 1
((22,13)(22,13)) 1
((22,13)(18,13)) 1
((18,13)(4,8)) 1
((13,11)(4,8)) 1
((15,9)(11,0)) 1
((11,0)(7,6)) 1
((15,9)(22,10)) 1
((22,10)(18,9)) 1
((17,13)(18,12)) 1
((12,16)(14,25)) 1
((14,25)(14,12)) 1
((12,9)(16,1)) 1
((15,1)(15,9)) 2
((15,9)(10,11)) 1
((16,2)(15,1)) 1
((18,9)(11,5)) 1
((23,10)(28,16)) 1
((28,16)(18,9)) 1
((18,9)(10,5)) 1
((5,14)(6,10)) 1
((6,10)(11,14)) 1
((16,14)(16,12)) 1
((14,13)(16,12)) 1
((15,12)(17,15)) 1
((17,15)(16,15)) 1
((16,25)(25,17)) 1
((25,17)(21,8)) 1
((21,8)(21,8)) 1
((21,8)(16,25)) 1
((16,25)(19,25)) 3
((19,25)(16,25)) 1
((19,25)(17,21)) 1
((17,21)(18,13)) 1
((18,13)(17,28)) 1
((17,28)(16,25)) 1
((14,12)(14,9)) 1
((14,10)(15,13)) 1
((12,11)(13,11)) 1
((20,5)(18,9)) 1
((20,5)(20,4)) 3
((20,4)(20,4)) 5
((20,4)(15,14)) 1
((16,13)(14,10)) 1
((15,8)(20,5)) 1
((20,4)(13,9)) 1
((14,9)(20,5)) 1
((15,20)(16,13)) 1
((15,20)(16,20)) 2
((16,20)(16,20)) 3
((16,20)(15,13)) 1
((16,20)(15,20)) 2
((15,20)(17,20)) 3
((17,20)(17,20)) 3
((17,20)(16,20)) 1
((17,20)(15,20)) 1
((12,4)(10,1)) 4
((13,10)(22,3)) 1
((22,3)(16,11)) 1
((16,11)(22,4)) 1
((22,4)(16,11)) 1
((14,13)(16,11)) 1
((13,6)(16,11)) 1
((22,6)(15,12)) 1
((15,12)(14,16)) 1
((14,15)(15,12)) 2
((21,7)(16,13)) 1
((22,6)(10,5)) 1
((10,5)(9,5)) 1
((9,5)(9,5)) 1
((9,5)(15,9)) 1
((17,9)(13,7)) 1
((15,9)(11,5)) 2
((11,5)(5,14)) 1
((5,14)(17,9)) 1
((11,5)(15,9)) 1
((14,13)(16,23)) 3
((16,23)(14,14)) 1
((15,27)(14,14)) 1
((14,14)(16,12)) 1
((16,12)(15,27)) 1
((16,15)(15,12)) 1
((13,9)(15,8)) 1
((19,15)(13,18)) 1
((21,10)(14,7)) 1
((15,6)(14,4)) 1
((6,9)(16,11)) 1
((16,13)(7,8)) 1
((16,6)(16,4)) 2
((18,12)(16,4)) 1
((12,11)(17,9)) 2
((17,9)(12,11)) 3
((17,9)(13,12)) 1
((13,12)(17,9)) 1
((16,10)(16,9)) 1
((16,13)(28,17)) 1
((18,9)(13,2)) 1
((16,12)(15,16)) 1
((15,16)(15,9)) 2
((12,0)(18,9)) 1
((15,10)(11,12)) 1
((11,12)(13,9)) 1
((6,10)(5,9)) 1
((4,9)(7,10)) 1
((7,10)(4,9)) 1
((6,10)(7,11)) 1
((7,11)(4,8)) 1
((4,9)(3,8)) 1
((3,8)(3,8)) 1
((16,10)(18,1)) 1
((18,6)(13,9)) 1
((9,1)(9,0)) 1
((9,0)(9,0)) 1
((9,0)(9,1)) 1
((9,10)(12,11)) 1
((10,10)(7,7)) 1
((13,9)(12,0)) 1
((12,1)(13,9)) 1
((13,0)(15,9)) 1
((14,12)(14,14)) 1
((18,12)(14,12)) 1
((13,10)(15,8)) 1
((15,8)(15,10)) 1
((15,11)(15,8)) 1
((15,9)(14,15)) 1
((14,15)(16,15)) 1
((16,25)(13,10)) 1
((13,10)(11,10)) 1
((11,10)(11,9)) 1
((11,9)(11,9)) 1
((11,9)(11,10)) 1
((11,10)(12,11)) 1
((12,11)(13,10)) 1
((13,10)(15,13)) 1
((15,11)(13,2)) 1
((13,2)(14,8)) 1
((14,8)(15,11)) 1
((15,11)(12,3)) 1
((12,3)(13,3)) 1
((13,3)(13,6)) 1
((13,9)(14,0)) 1
((14,0)(14,0)) 1
((14,0)(12,3)) 1
((4,7)(4,8)) 1
((4,8)(4,7)) 1
((14,12)(16,3)) 2
((16,3)(16,6)) 2
((9,8)(16,3)) 1
((16,3)(11,10)) 1
((14,13)(16,7)) 1
((16,7)(16,12)) 2
((13,10)(14,10)) 1
((15,8)(16,8)) 1
((16,8)(18,7)) 1
((12,11)(19,10)) 1
((19,10)(15,9)) 1
((16,13)(24,5)) 1
((24,5)(24,5)) 1
((24,5)(21,10)) 1
((21,10)(19,10)) 1
((13,10)(16,15)) 1
((15,8)(27,21)) 1
((16,13)(20,17)) 1
((17,18)(16,12)) 1
((7,6)(9,4)) 1
((8,5)(12,11)) 1
((7,6)(15,9)) 1
((13,9)(16,8)) 1
((14,11)(13,14)) 1
((15,13)(18,13)) 1
((13,21)(15,25)) 1
((15,25)(14,25)) 1
((13,26)(15,29)) 1
((16,23)(12,16)) 1
((12,16)(15,11)) 1
((15,29)(14,11)) 1
((9,7)(7,7)) 1
((15,21)(14,13)) 1
((19,15)(18,9)) 1
((27,24)(18,9)) 2
((27,24)(21,20)) 1
((21,20)(16,25)) 1
((21,20)(11,11)) 1
((11,11)(21,20)) 1
((21,20)(10,11)) 1
((10,11)(21,20)) 1
((21,20)(14,12)) 1
((12,5)(10,1)) 1
((12,5)(14,8)) 1
((14,8)(12,5)) 1
((12,5)(13,9)) 1
((15,12)(14,8)) 1
((16,13)(27,6)) 1
((27,6)(16,13)) 1
((16,12)(17,18)) 1
((16,13)(17,7)) 1
((17,7)(15,9)) 1
((15,15)(14,11)) 1
((14,11)(15,15)) 1
((18,6)(25,20)) 1
((15,11)(19,0)) 1
((19,0)(15,11)) 1
((15,11)(18,9)) 1
((18,9)(20,0)) 1
((20,0)(20,0)) 1
((20,0)(15,11)) 1
((15,11)(16,15)) 1
((7,7)(9,7)) 1
((24,2)(16,13)) 1
((15,13)(18,10)) 1
((19,11)(16,11)) 1
((19,11)(15,11)) 1
((18,9)(19,11)) 1
((19,11)(16,2)) 1
((16,2)(14,11)) 1
((13,8)(16,6)) 1
((17,9)(19,11)) 1
((19,11)(17,15)) 1
((17,15)(13,26)) 1
((13,26)(19,12)) 1
((16,11)(12,11)) 1
((12,11)(12,7)) 2
((12,7)(12,11)) 2
((12,7)(5,14)) 1
((11,13)(18,13)) 2
((19,15)(28,14)) 3
((28,14)(11,13)) 1
((11,13)(28,14)) 1
((28,14)(13,12)) 2
((18,13)(28,14)) 1
((13,12)(19,15)) 1
((18,13)(13,12)) 1
((16,2)(14,12)) 1
((17,9)(15,12)) 1
((15,16)(14,16)) 2
((14,7)(15,18)) 1
((15,18)(14,16)) 1
((14,16)(14,14)) 1
((16,13)(15,16)) 1
((16,13)(15,21)) 1
((15,21)(16,23)) 1
((15,21)(15,22)) 1
((15,22)(15,22)) 1
((15,22)(14,12)) 1
((20,10)(26,7)) 1
((26,7)(28,15)) 1
((28,15)(20,17)) 1
((20,17)(19,15)) 1
((16,15)(16,11)) 1
((16,2)(15,13)) 1
((16,13)(16,0)) 1
((10,11)(11,12)) 1
((11,12)(27,6)) 1
((19,11)(3,7)) 1
((3,7)(11,11)) 3
((20,9)(15,12)) 2
((15,13)(20,9)) 1
((19,10)(18,10)) 1
((19,10)(20,9)) 1
((16,13)(19,14)) 1
((25,20)(28,22)) 1
((28,22)(14,9)) 1
((13,9)(28,22)) 1
((6,10)(13,14)) 2
((7,9)(6,9)) 2
((14,9)(14,11)) 1
((15,9)(26,5)) 2
((26,5)(26,7)) 1
((26,7)(26,5)) 1
((26,5)(15,9)) 1
((18,7)(13,12)) 1
((4,8)(15,15)) 2
((15,15)(4,8)) 2
((15,8)(17,9)) 1
((17,9)(15,8)) 1
((15,8)(11,11)) 1
((11,11)(3,7)) 3
((16,13)(14,8)) 1
((14,8)(16,13)) 1
((25,20)(15,13)) 1
((15,13)(26,20)) 1
((26,20)(16,13)) 1
((20,18)(13,9)) 1
((13,9)(20,18)) 1
((14,15)(15,15)) 1
((16,15)(13,18)) 1
((18,19)(16,13)) 1
((15,13)(15,16)) 1
((15,10)(9,3)) 1
((9,3)(15,8)) 1
((12,7)(15,10)) 2
((15,10)(12,7)) 2
((12,7)(11,2)) 1
((15,13)(10,10)) 1
((18,12)(20,15)) 1
((11,11)(19,15)) 1
((20,15)(18,9)) 1
((15,14)(18,20)) 1
((16,14)(15,8)) 1
((9,11)(16,15)) 1
((16,15)(18,17)) 4
((18,17)(16,15)) 2
((20,7)(15,9)) 1
((14,12)(18,13)) 1
((18,13)(18,17)) 1
((18,17)(14,12)) 1
((17,13)(18,17)) 1
((18,17)(16,13)) 1
((14,7)(15,7)) 1
((15,7)(15,13)) 1
((18,19)(18,20)) 1
((15,9)(18,24)) 1
((15,13)(13,14)) 1
((22,9)(15,9)) 1
((16,9)(14,12)) 1
((16,23)(12,28)) 1
((17,10)(14,12)) 1
((14,12)(17,10)) 1
((14,11)(11,11)) 1
((13,9)(11,13)) 1
((13,13)(15,14)) 1
((15,14)(13,13)) 1
((12,14)(15,12)) 1
((24,2)(14,12)) 1
((14,10)(14,11)) 1
((17,11)(16,12)) 1
((9,4)(11,5)) 1
((11,5)(12,8)) 1
((12,8)(15,8)) 1
((9,4)(11,2)) 1
((6,6)(10,10)) 1
((6,6)(7,7)) 1
((8,7)(12,9)) 1
((12,9)(15,13)) 1
((16,13)(11,8)) 1
((11,8)(9,7)) 1
((8,7)(6,6)) 1
((16,11)(18,19)) 1
((14,5)(15,11)) 1
((13,5)(14,5)) 1
((15,13)(15,10)) 1
((16,13)(5,14)) 1
((15,6)(13,11)) 1
((13,11)(15,6)) 1
((15,6)(16,7)) 1
((16,6)(15,5)) 1
((15,5)(15,5)) 1
((15,5)(15,6)) 1
((15,6)(18,9)) 1
((11,11)(12,14)) 1
((4,5)(14,6)) 3
((14,7)(15,11)) 1
((15,10)(6,6)) 1
((14,6)(4,5)) 2
((8,10)(13,12)) 1
((14,12)(11,13)) 1
