(23,14): 0.002
(9,4): 0.007
(7,7): 0.008
(18,10): 0.003
(17,13): 0.011
(21,10): 0.005
(10,2): 0.001
(12,11): 0.017
(2,8): 0.001
(4,5): 0.003
(24,9): 0.005
(26,7): 0.002
(15,9): 0.074
(17,7): 0.001
(9,7): 0.006
(16,15): 0.005
(18,9): 0.03
(13,9): 0.038
(14,12): 0.04
(15,11): 0.009
(28,21): 0.001
(15,13): 0.018
(12,16): 0.003
(10,13): 0.001
(12,4): 0.003
(15,28): 0.002
(18,29): 0.004
(27,21): 0.005
(16,25): 0.004
(6,6): 0.008
(15,12): 0.012
(23,21): 0.002
(18,19): 0.003
(11,11): 0.027
(23,10): 0.001
(18,13): 0.008
(16,6): 0.006
(16,14): 0.009
(7,8): 0.001
(6,10): 0.009
(28,11): 0.001
(14,13): 0.012
(13,10): 0.012
(9,10): 0.003
(16,13): 0.074
(5,13): 0.008
(15,27): 0.007
(18,11): 0.007
(18,1): 0.001
(8,10): 0.015
(24,25): 0.001
(27,24): 0.008
(14,9): 0.006
(16,28): 0.001
(16,11): 0.005
(25,22): 0.002
(13,3): 0.001
(29,13): 0.001
(12,28): 0.002
(18,12): 0.005
(22,9): 0.001
(14,8): 0.004
(19,2): 0.002
(16,9): 0.007
(19,15): 0.008
(15,15): 0.007
(19,18): 0.002
(10,1): 0.009
(16,1): 0.007
(21,7): 0.001
(17,9): 0.009
(13,0): 0.007
(14,5): 0.003
(14,7): 0.006
(16,4): 0.003
(12,21): 0.003
(8,5): 0.002
(17,12): 0.005
(16,23): 0.009
(15,21): 0.002
(14,11): 0.01
(14,10): 0.003
(19,11): 0.004
(7,6): 0.006
(26,6): 0.004
(13,12): 0.023
(15,8): 0.009
(18,23): 0.001
(9,11): 0.008
(11,5): 0.002
(12,12): 0.002
(11,2): 0.002
(10,10): 0.014
(11,8): 0.003
(20,6): 0.002
(3,7): 0.005
(20,7): 0.003
(6,11): 0.002
(5,7): 0.002
(17,21): 0.002
(17,18): 0.001
(4,9): 0.005
(13,27): 0.001
(15,14): 0.004
(12,9): 0.009
(13,8): 0.002
(5,8): 0.001
(9,8): 0.007
(11,14): 0.004
(11,10): 0.004
(9,6): 0.001
(12,7): 0.002
(13,7): 0.002
(5,14): 0.004
(7,2): 0.001
(5,9): 0.001
(4,8): 0.007
(12,5): 0.001
(22,8): 0.002
(22,10): 0.003
(14,15): 0.002
(12,0): 0.007
(16,12): 0.016
(20,9): 0.002
(13,5): 0.001
(20,11): 0.002
(16,2): 0.003
(18,0): 0.001
(18,7): 0.002
(10,9): 0.001
(21,20): 0.004
(10,11): 0.005
(24,2): 0.003
(14,14): 0.002
(20,15): 0.003
(12,1): 0.002
(14,4): 0.005
(15,19): 0.001
(21,24): 0.001
(9,9): 0.002
(17,8): 0.001
(13,11): 0.002
(14,25): 0.001
(19,3): 0.001
(11,13): 0.004
(2,9): 0.001
(15,6): 0.004
(16,10): 0.006
(10,7): 0.002
(12,19): 0.001
(22,14): 0.001
(25,7): 0.002
(17,22): 0.001
(13,14): 0.001
(13,13): 0.001
(15,10): 0.005
(29,10): 0.001
(16,7): 0.002
(10,19): 0.001
(17,27): 0.001
(12,6): 0.002
(17,11): 0.001
(21,26): 0.001
(18,5): 0.001
(15,16): 0.001
(20,26): 0.001
(26,11): 0.001
(15,7): 0.001
(11,6): 0.001
(7,13): 0.001
(6,8): 0.001
(8,11): 0.001
(3,5): 0.001
(27,6): 0.001
(17,3): 0.001
(13,6): 0.002
(24,21): 0.001
(25,14): 0.002
(17,29): 0.001
(25,17): 0.001
(11,19): 0.002
(8,9): 0.002
(4,6): 0.001
(26,18): 0.001
(11,0): 0.002
(22,4): 0.003
(17,6): 0.001
(11,3): 0.001
(22,7): 0.001
(12,29): 0.001
(22,22): 0.001
(20,10): 0.001
(19,12): 0.002
(7,11): 0.001
(26,23): 0.001
(10,5): 0.001
(4,11): 0.001
(18,14): 0.001
(20,5): 0.001
(15,20): 0.001
(22,6): 0.001
(6,9): 0.001
(7,10): 0.001
(9,1): 0.001
(12,3): 0.001
(4,7): 0.001
(11,4): 0.001
(25,20): 0.001
(14,16): 0.001
(20,18): 0.001
(18,17): 0.001
(18,24): 0.001
(15,2): 0.001
(12,14): 0.001
