(23,14): 0.001
(16,12): 0.01
(7,7): 0.007
(11,11): 0.028
(17,13): 0.024
(27,7): 0.003
(10,1): 0.008
(15,26): 0.002
(3,7): 0.006
(6,4): 0.001
(24,9): 0.005
(26,7): 0.003
(15,9): 0.062
(17,7): 0.002
(5,13): 0.004
(15,11): 0.007
(18,9): 0.038
(7,2): 0.004
(14,12): 0.043
(28,21): 0.001
(5,8): 0.004
(11,19): 0.005
(12,4): 0.003
(13,9): 0.03
(15,27): 0.012
(18,29): 0.004
(16,13): 0.063
(16,25): 0.006
(6,6): 0.007
(9,7): 0.004
(23,21): 0.003
(14,14): 0.001
(23,10): 0.003
(18,13): 0.012
(16,6): 0.007
(7,8): 0.003
(6,11): 0.003
(29,10): 0.001
(14,9): 0.009
(9,10): 0.003
(25,11): 0.003
(20,9): 0.004
(10,4): 0.001
(9,4): 0.004
(18,2): 0.001
(8,10): 0.01
(24,25): 0.002
(27,22): 0.002
(16,28): 0.001
(16,11): 0.007
(25,22): 0.002
(13,4): 0.001
(15,15): 0.008
(12,28): 0.005
(18,12): 0.009
(22,9): 0.001
(14,8): 0.006
(19,2): 0.002
(16,9): 0.003
(18,20): 0.004
(19,18): 0.002
(4,8): 0.015
(16,1): 0.005
(21,7): 0.001
(12,1): 0.004
(14,5): 0.005
(14,7): 0.005
(16,4): 0.003
(11,21): 0.001
(8,5): 0.004
(17,12): 0.002
(15,29): 0.003
(15,21): 0.005
(25,5): 0.001
(18,17): 0.002
(15,19): 0.001
(17,8): 0.002
(13,12): 0.017
(12,9): 0.006
(19,11): 0.006
(14,4): 0.003
(15,14): 0.005
(2,7): 0.002
(11,29): 0.002
(12,18): 0.001
(13,2): 0.002
(10,10): 0.006
(7,9): 0.004
(22,2): 0.002
(4,9): 0.006
(6,10): 0.014
(12,11): 0.003
(11,2): 0.004
(11,8): 0.004
(18,10): 0.01
(2,8): 0.002
(8,7): 0.003
(27,21): 0.005
(16,15): 0.009
(14,13): 0.002
(25,21): 0.002
(11,13): 0.002
(16,23): 0.003
(15,13): 0.007
(5,14): 0.005
(16,2): 0.008
(15,8): 0.005
(13,10): 0.005
(10,7): 0.001
(16,7): 0.003
(25,20): 0.004
(15,10): 0.003
(19,15): 0.006
(3,10): 0.002
(13,14): 0.006
(7,11): 0.002
(15,20): 0.001
(15,7): 0.001
(4,5): 0.007
(27,24): 0.002
(14,11): 0.004
(12,5): 0.002
(21,10): 0.007
(9,11): 0.003
(18,11): 0.004
(13,18): 0.001
(25,9): 0.003
(20,8): 0.002
(19,12): 0.002
(17,6): 0.002
(14,16): 0.003
(12,0): 0.012
(28,22): 0.002
(6,9): 0.004
(26,5): 0.002
(18,7): 0.004
(20,18): 0.002
(12,21): 0.002
(18,19): 0.002
(19,17): 0.001
(17,22): 0.002
(12,14): 0.001
(10,5): 0.002
(16,18): 0.001
(15,12): 0.006
(20,5): 0.001
(10,13): 0.002
(14,1): 0.001
(13,5): 0.003
(26,23): 0.001
(13,7): 0.003
(13,27): 0.002
(13,26): 0.001
(20,11): 0.001
(12,16): 0.003
(27,6): 0.003
(10,11): 0.001
(14,6): 0.001
(18,8): 0.001
(21,5): 0.002
(16,17): 0.001
(12,20): 0.001
(10,8): 0.001
(2,10): 0.001
(20,15): 0.002
(17,10): 0.001
(14,10): 0.001
(12,27): 0.002
(13,16): 0.001
(22,10): 0.001
(17,18): 0.003
(23,9): 0.001
(24,12): 0.001
(13,0): 0.001
(13,19): 0.002
(26,6): 0.003
(15,16): 0.001
(12,7): 0.001
(19,9): 0.001
(13,13): 0.001
(11,14): 0.009
(20,22): 0.001
(15,25): 0.001
(12,19): 0.002
(17,11): 0.001
(19,10): 0.002
(18,23): 0.001
(13,3): 0.001
(17,9): 0.005
(14,28): 0.001
(21,1): 0.001
(19,7): 0.001
(16,10): 0.001
(14,20): 0.001
(20,26): 0.001
(30,13): 0.001
(18,5): 0.001
(21,26): 0.001
(8,2): 0.001
(17,1): 0.001
(26,15): 0.001
(16,14): 0.002
(8,11): 0.001
(11,6): 0.001
(13,11): 0.003
(24,6): 0.002
(18,16): 0.001
(21,25): 0.001
(17,21): 0.001
(19,14): 0.001
(12,12): 0.002
(13,6): 0.005
(7,10): 0.001
(17,14): 0.001
(21,20): 0.001
(12,6): 0.001
(25,7): 0.001
(25,14): 0.001
(7,5): 0.001
(13,15): 0.001
(24,21): 0.001
(20,10): 0.001
(28,14): 0.002
(7,6): 0.001
(15,28): 0.002
(25,8): 0.001
(17,28): 0.001
(20,7): 0.001
(28,16): 0.001
(22,4): 0.002
(17,3): 0.001
(11,7): 0.001
(11,3): 0.001
(18,1): 0.001
(22,22): 0.001
(13,28): 0.001
(25,24): 0.001
(16,0): 0.001
(15,6): 0.002
(18,0): 0.001
(18,26): 0.001
(6,13): 0.001
(15,1): 0.001
(19,25): 0.001
(20,4): 0.001
(17,20): 0.001
(28,17): 0.001
(3,8): 0.001
(12,3): 0.001
(4,7): 0.001
(9,8): 0.001
(11,10): 0.001
