(20,28): 0.002
(14,15): 0.016
(21,17): 0.047
(17,0): 0.018
(17,12): 0.03
(27,14): 0.001
(9,12): 0.004
(18,9): 0.003
(18,16): 0.017
(22,20): 0.009
(22,9): 0.005
(21,18): 0.003
(25,9): 0.002
(17,13): 0.001
(22,11): 0.004
(10,8): 0.002
(15,15): 0.02
(7,18): 0.016
(27,25): 0.002
(20,23): 0.002
(22,16): 0.006
(10,5): 0.001
(18,14): 0.009
(16,28): 0.002
(24,13): 0.028
(19,17): 0.03
(26,20): 0.007
(34,8): 0.002
(20,12): 0.05
(24,15): 0.01
(26,15): 0.002
(21,19): 0.005
(14,14): 0.006
(25,23): 0.004
(27,10): 0.003
(8,8): 0.008
(22,30): 0.001
(16,37): 0.005
(23,13): 0.003
(28,34): 0.003
(30,18): 0.003
(16,19): 0.003
(10,9): 0.01
(22,12): 0.01
(32,3): 0.005
(23,24): 0.006
(8,6): 0.001
(22,17): 0.016
(20,18): 0.002
(17,7): 0.002
(19,13): 0.006
(14,2): 0.004
(26,6): 0.002
(21,15): 0.012
(18,7): 0.003
(12,5): 0.01
(21,8): 0.005
(6,7): 0.003
(16,21): 0.003
(17,17): 0.001
(18,35): 0.002
(13,15): 0.005
(21,0): 0.005
(18,19): 0.004
(15,19): 0.003
(21,16): 0.012
(19,19): 0.001
(16,15): 0.009
(21,11): 0.002
(13,6): 0.003
(19,9): 0.005
(25,16): 0.002
(20,11): 0.006
(14,10): 0.001
(20,36): 0.009
(27,12): 0.001
(29,30): 0.001
(10,14): 0.002
(14,13): 0.009
(21,1): 0.004
(19,16): 0.006
(23,14): 0.002
(20,13): 0.001
(26,14): 0.002
(24,39): 0.003
(18,6): 0.001
(8,5): 0.001
(28,13): 0.009
(21,10): 0.002
(10,3): 0.002
(9,11): 0.005
(21,3): 0.005
(6,11): 0.006
(16,12): 0.005
(8,10): 0.003
(22,8): 0.004
(23,12): 0.004
(19,6): 0.001
(30,13): 0.003
(22,22): 0.002
(4,10): 0.005
(13,2): 0.004
(4,9): 0.001
(12,14): 0.002
(24,25): 0.003
(18,26): 0.002
(12,10): 0.002
(18,18): 0.002
(19,28): 0.002
(8,13): 0.009
(15,25): 0.003
(25,21): 0.001
(18,8): 0.001
(22,14): 0.003
(21,33): 0.007
(20,17): 0.012
(18,13): 0.002
(9,14): 0.003
(19,15): 0.002
(18,15): 0.006
(34,19): 0.001
(26,5): 0.001
(17,28): 0.002
(17,16): 0.004
(16,5): 0.002
(8,15): 0.001
(20,14): 0.006
(32,12): 0.003
(5,6): 0.001
(24,10): 0.005
(17,2): 0.003
(35,32): 0.001
(11,14): 0.007
(16,9): 0.002
(17,26): 0.001
(21,21): 0.001
(17,11): 0.003
(23,28): 0.001
(24,12): 0.007
(25,2): 0.001
(17,19): 0.001
(20,29): 0.001
(18,17): 0.001
(11,10): 0.001
(27,23): 0.001
(11,9): 0.001
(27,21): 0.001
(19,12): 0.002
(18,12): 0.003
(16,24): 0.001
(6,12): 0.005
(24,16): 0.003
(20,35): 0.001
(9,3): 0.001
(24,31): 0.001
(37,29): 0.005
(7,10): 0.002
(19,18): 0.003
(21,20): 0.004
(10,2): 0.004
(25,10): 0.002
(17,14): 0.002
(21,9): 0.002
(27,13): 0.002
(13,9): 0.004
(19,11): 0.003
(26,0): 0.002
(5,12): 0.001
(22,15): 0.001
(14,12): 0.002
(15,3): 0.001
(13,13): 0.001
(7,6): 0.002
(29,11): 0.001
(19,7): 0.001
(27,8): 0.001
(12,15): 0.001
(31,19): 0.001
(24,14): 0.001
(29,14): 0.001
(29,27): 0.002
(18,4): 0.003
(32,25): 0.001
(37,18): 0.001
(21,12): 0.004
(20,21): 0.001
(23,37): 0.001
(22,27): 0.001
(35,9): 0.001
(20,16): 0.001
(23,9): 0.001
(22,13): 0.004
(32,28): 0.002
(38,28): 0.002
(18,5): 0.002
(36,8): 0.002
(36,29): 0.001
(18,11): 0.001
(18,21): 0.002
(37,21): 0.001
(22,5): 0.001
(22,19): 0.002
(22,7): 0.001
(12,8): 0.001
(20,38): 0.001
(16,1): 0.001
(7,17): 0.002
(33,29): 0.002
(25,13): 0.002
(18,25): 0.001
(31,28): 0.001
(33,19): 0.002
(19,14): 0.001
(20,15): 0.002
(34,26): 0.001
(24,17): 0.003
(23,7): 0.001
(23,18): 0.001
(8,14): 0.001
(32,9): 0.001
(22,31): 0.005
(12,13): 0.001
(26,19): 0.001
(16,0): 0.002
(8,18): 0.002
(20,22): 0.001
(26,12): 0.001
(29,5): 0.003
(20,8): 0.001
(13,11): 0.001
(28,12): 0.001
(29,29): 0.001
(24,3): 0.001
(29,8): 0.001
(17,39): 0.001
(9,4): 0.001
(32,33): 0.001
(16,10): 0.002
(36,30): 0.001
(33,11): 0.001
(22,37): 0.001
(34,27): 0.001
(22,29): 0.001
(14,7): 0.002
(29,12): 0.001
(29,36): 0.001
(26,24): 0.003
(21,4): 0.001
(22,1): 0.002
(15,28): 0.001
(17,1): 0.001
(10,7): 0.002
(15,9): 0.001
(22,18): 0.001
(23,16): 0.003
(36,32): 0.001
(28,5): 0.001
(21,13): 0.002
(15,11): 0.001
(31,20): 0.001
(25,14): 0.001
(19,21): 0.001
(12,12): 0.001
(27,24): 0.001
(34,6): 0.001
(24,8): 0.001
(7,8): 0.002
(19,10): 0.001
(38,18): 0.001
(26,25): 0.001
(14,18): 0.001
(19,36): 0.001
(23,29): 0.002
(24,19): 0.001
(20,2): 0.001
(21,6): 0.002
(20,25): 0.001
(23,11): 0.001
(15,17): 0.001
(19,27): 0.002
(17,18): 0.001
(25,19): 0.001
(27,20): 0.001
(5,11): 0.001
(15,13): 0.001
(34,9): 0.001
(29,13): 0.001
(33,10): 0.001
(33,14): 0.001
