(20,29): 0.001
(21,3): 0.007
(22,31): 0.005
(17,0): 0.016
(17,12): 0.038
(37,29): 0.006
(20,12): 0.055
(8,13): 0.005
(19,9): 0.005
(18,16): 0.009
(18,38): 0.002
(22,20): 0.004
(19,17): 0.028
(20,18): 0.002
(25,9): 0.002
(16,12): 0.008
(22,11): 0.001
(9,8): 0.002
(21,0): 0.005
(22,17): 0.014
(27,24): 0.004
(20,23): 0.001
(10,5): 0.001
(18,13): 0.006
(16,28): 0.003
(21,17): 0.075
(26,20): 0.006
(34,7): 0.001
(21,12): 0.011
(27,13): 0.003
(21,19): 0.006
(14,14): 0.004
(29,9): 0.001
(24,13): 0.026
(8,8): 0.011
(7,18): 0.016
(22,19): 0.006
(22,30): 0.002
(16,38): 0.002
(15,15): 0.009
(18,14): 0.003
(14,15): 0.012
(11,9): 0.003
(22,12): 0.008
(32,3): 0.003
(22,24): 0.001
(12,5): 0.006
(15,4): 0.001
(19,12): 0.004
(14,2): 0.004
(26,6): 0.003
(18,7): 0.005
(11,8): 0.001
(20,7): 0.001
(21,20): 0.008
(16,17): 0.002
(20,36): 0.009
(13,15): 0.001
(18,19): 0.001
(24,27): 0.003
(13,14): 0.004
(23,17): 0.001
(24,19): 0.003
(19,19): 0.001
(36,30): 0.001
(17,14): 0.001
(18,11): 0.006
(16,1): 0.003
(6,12): 0.005
(26,16): 0.003
(24,12): 0.005
(19,37): 0.002
(18,5): 0.004
(20,2): 0.002
(36,32): 0.007
(22,21): 0.001
(12,15): 0.002
(9,12): 0.004
(23,11): 0.002
(21,1): 0.004
(10,9): 0.012
(22,8): 0.003
(24,14): 0.001
(16,21): 0.003
(18,35): 0.001
(27,14): 0.001
(24,39): 0.005
(28,13): 0.009
(18,12): 0.006
(9,10): 0.001
(14,7): 0.002
(9,9): 0.001
(19,11): 0.002
(22,16): 0.006
(36,8): 0.004
(6,11): 0.01
(30,13): 0.003
(22,23): 0.002
(17,15): 0.003
(4,10): 0.002
(13,2): 0.003
(9,14): 0.002
(15,13): 0.002
(12,14): 0.002
(15,19): 0.002
(20,14): 0.002
(18,26): 0.003
(13,11): 0.005
(16,37): 0.008
(21,6): 0.002
(11,14): 0.006
(16,24): 0.002
(24,15): 0.002
(25,21): 0.002
(27,20): 0.001
(22,14): 0.002
(24,16): 0.003
(21,33): 0.006
(25,13): 0.004
(10,16): 0.001
(35,9): 0.007
(14,18): 0.002
(18,8): 0.004
(15,28): 0.001
(3,10): 0.001
(16,5): 0.003
(10,14): 0.002
(16,14): 0.002
(13,6): 0.003
(32,16): 0.001
(6,5): 0.001
(22,9): 0.006
(24,10): 0.001
(17,2): 0.002
(16,9): 0.002
(23,14): 0.001
(36,9): 0.002
(20,21): 0.002
(23,29): 0.001
(22,22): 0.001
(25,2): 0.002
(17,19): 0.001
(5,12): 0.001
(18,17): 0.002
(7,7): 0.001
(23,2): 0.001
(34,23): 0.002
(33,5): 0.001
(18,9): 0.003
(35,31): 0.001
(17,8): 0.001
(20,17): 0.006
(13,9): 0.002
(17,25): 0.001
(15,26): 0.001
(21,15): 0.005
(25,15): 0.001
(9,3): 0.001
(24,31): 0.001
(16,20): 0.002
(38,29): 0.001
(6,7): 0.003
(9,13): 0.002
(18,4): 0.001
(16,15): 0.004
(17,38): 0.001
(25,10): 0.002
(17,16): 0.006
(17,13): 0.002
(21,9): 0.001
(40,18): 0.001
(32,12): 0.002
(24,6): 0.001
(26,0): 0.003
(19,16): 0.005
(15,17): 0.001
(15,11): 0.002
(15,37): 0.002
(10,3): 0.001
(15,3): 0.001
(16,4): 0.001
(13,13): 0.001
(35,21): 0.001
(22,7): 0.001
(29,11): 0.001
(16,29): 0.001
(6,9): 0.001
(38,16): 0.001
(19,5): 0.001
(32,25): 0.001
(16,19): 0.002
(34,8): 0.002
(24,17): 0.006
(2,11): 0.001
(8,5): 0.001
(11,6): 0.002
(24,1): 0.001
(18,25): 0.001
(34,9): 0.001
(23,9): 0.002
(23,8): 0.003
(21,8): 0.003
(21,16): 0.006
(14,17): 0.002
(25,20): 0.001
(20,20): 0.001
(29,27): 0.002
(36,29): 0.001
(7,11): 0.001
(30,28): 0.001
(39,14): 0.001
(16,16): 0.001
(7,10): 0.001
(20,38): 0.001
(16,2): 0.001
(23,19): 0.001
(38,18): 0.001
(27,10): 0.002
(27,9): 0.002
(19,14): 0.002
(22,18): 0.002
(18,20): 0.001
(23,23): 0.001
(14,13): 0.002
(27,30): 0.001
(34,19): 0.001
(25,25): 0.001
(5,11): 0.002
(23,39): 0.001
(19,13): 0.005
(23,6): 0.001
(15,25): 0.004
(8,14): 0.001
(24,2): 0.002
(32,9): 0.001
(19,10): 0.001
(13,10): 0.002
(36,15): 0.001
(20,16): 0.001
(18,22): 0.001
(10,12): 0.002
(16,0): 0.002
(20,22): 0.001
(35,19): 0.001
(29,5): 0.002
(20,8): 0.001
(26,11): 0.002
(29,29): 0.001
(18,15): 0.003
(27,6): 0.002
(17,39): 0.001
(21,10): 0.002
(32,33): 0.001
(33,24): 0.001
(33,10): 0.001
(22,37): 0.001
(32,10): 0.001
(33,29): 0.001
(34,27): 0.003
(26,18): 0.001
(14,6): 0.001
(26,4): 0.001
(33,30): 0.001
(16,13): 0.002
(29,36): 0.001
(21,18): 0.002
(11,3): 0.001
(19,34): 0.001
(10,2): 0.002
(5,6): 0.001
(26,24): 0.003
(32,28): 0.001
(21,5): 0.001
(9,11): 0.002
(25,23): 0.001
(17,1): 0.001
(10,7): 0.002
(23,24): 0.002
(7,17): 0.001
(23,16): 0.001
(20,39): 0.001
(16,6): 0.001
(14,26): 0.001
(23,13): 0.001
(31,19): 0.001
(26,15): 0.001
(16,10): 0.001
(25,14): 0.001
(19,21): 0.001
(19,28): 0.002
(27,12): 0.002
(38,30): 0.001
(34,6): 0.001
(25,5): 0.001
(25,22): 0.001
(33,19): 0.001
(26,25): 0.001
(20,19): 0.001
(28,18): 0.001
(25,8): 0.001
(29,7): 0.001
(19,1): 0.001
(20,26): 0.001
(22,1): 0.001
(26,14): 0.001
(21,7): 0.001
(18,6): 0.001
(8,10): 0.001
(35,8): 0.001
(12,12): 0.001
(28,34): 0.001
(29,13): 0.001
(17,28): 0.001
(30,14): 0.001
(24,3): 0.001
(32,15): 0.001
