(25,36): 0.003
(18,19): 0.019
(26,22): 0.034
(21,0): 0.014
(22,15): 0.029
(34,18): 0.001
(12,15): 0.004
(23,12): 0.006
(22,20): 0.004
(28,25): 0.008
(28,12): 0.001
(31,11): 0.002
(22,16): 0.002
(28,13): 0.001
(12,11): 0.011
(9,23): 0.016
(27,22): 0.007
(34,31): 0.002
(25,28): 0.002
(27,20): 0.004
(13,7): 0.001
(23,18): 0.003
(21,35): 0.004
(26,21): 0.014
(30,16): 0.035
(24,21): 0.026
(33,26): 0.002
(43,10): 0.002
(25,15): 0.048
(31,19): 0.002
(33,18): 0.004
(26,23): 0.007
(17,17): 0.007
(31,29): 0.002
(34,13): 0.003
(10,10): 0.008
(28,37): 0.001
(21,47): 0.004
(29,17): 0.003
(19,18): 0.002
(35,43): 0.002
(37,23): 0.003
(22,18): 0.008
(20,24): 0.002
(28,15): 0.009
(40,4): 0.005
(28,30): 0.006
(11,8): 0.001
(28,22): 0.013
(25,22): 0.004
(21,9): 0.002
(24,16): 0.002
(17,3): 0.004
(33,8): 0.002
(27,19): 0.009
(23,9): 0.003
(15,6): 0.009
(26,10): 0.004
(8,9): 0.002
(20,27): 0.003
(22,22): 0.002
(23,44): 0.002
(17,19): 0.004
(27,0): 0.005
(23,24): 0.004
(19,23): 0.003
(24,24): 0.001
(20,19): 0.007
(27,14): 0.002
(30,18): 0.004
(16,8): 0.003
(32,20): 0.002
(26,14): 0.004
(17,13): 0.001
(25,45): 0.009
(25,14): 0.002
(34,15): 0.001
(37,37): 0.002
(12,18): 0.002
(18,17): 0.006
(28,14): 0.003
(27,2): 0.005
(23,17): 0.002
(29,18): 0.001
(26,17): 0.001
(30,49): 0.003
(23,8): 0.001
(10,6): 0.001
(35,17): 0.009
(27,12): 0.007
(13,4): 0.002
(12,13): 0.003
(27,4): 0.005
(7,14): 0.007
(20,16): 0.002
(11,12): 0.003
(28,20): 0.004
(27,10): 0.005
(29,15): 0.004
(24,8): 0.001
(38,16): 0.003
(27,28): 0.002
(5,12): 0.006
(17,2): 0.003
(15,17): 0.002
(26,20): 0.009
(30,32): 0.003
(23,33): 0.002
(15,13): 0.002
(22,23): 0.003
(24,35): 0.002
(10,17): 0.003
(18,18): 0.014
(19,31): 0.001
(32,27): 0.001
(23,10): 0.001
(27,18): 0.003
(27,41): 0.006
(25,21): 0.009
(23,16): 0.001
(21,19): 0.002
(18,3): 0.001
(11,18): 0.002
(23,19): 0.004
(22,19): 0.002
(43,24): 0.001
(33,6): 0.001
(21,20): 0.003
(20,6): 0.002
(10,19): 0.001
(25,18): 0.007
(40,15): 0.003
(7,8): 0.001
(22,0): 0.006
(27,13): 0.001
(30,13): 0.003
(21,2): 0.002
(44,40): 0.001
(14,17): 0.006
(20,12): 0.002
(21,33): 0.001
(26,26): 0.002
(22,14): 0.002
(29,36): 0.003
(32,2): 0.001
(22,24): 0.001
(20,15): 0.003
(22,3): 0.001
(13,13): 0.001
(34,29): 0.001
(13,12): 0.001
(34,26): 0.001
(24,15): 0.002
(27,15): 0.001
(23,15): 0.003
(28,18): 0.001
(20,30): 0.001
(7,15): 0.005
(30,20): 0.001
(25,44): 0.001
(11,4): 0.001
(30,39): 0.001
(46,36): 0.005
(8,8): 0.001
(8,12): 0.001
(11,16): 0.006
(23,20): 0.016
(24,22): 0.008
(26,25): 0.004
(13,3): 0.004
(31,13): 0.002
(22,17): 0.002
(31,12): 0.002
(30,19): 0.004
(33,17): 0.002
(16,12): 0.004
(23,13): 0.001
(32,0): 0.002
(12,10): 0.001
(20,47): 0.001
(17,15): 0.001
(19,4): 0.001
(16,16): 0.002
(32,25): 0.004
(9,7): 0.002
(37,14): 0.001
(24,9): 0.001
(26,19): 0.003
(34,10): 0.001
(16,19): 0.003
(39,24): 0.001
(30,17): 0.001
(9,12): 0.001
(36,18): 0.001
(36,34): 0.002
(23,5): 0.003
(41,31): 0.001
(46,23): 0.001
(21,24): 0.001
(34,32): 0.001
(26,15): 0.006
(29,47): 0.001
(27,34): 0.001
(43,12): 0.002
(29,11): 0.001
(27,17): 0.003
(41,35): 0.002
(47,35): 0.002
(23,7): 0.002
(45,10): 0.001
(23,14): 0.001
(23,26): 0.001
(47,26): 0.001
(27,7): 0.003
(27,24): 0.002
(23,21): 0.003
(28,9): 0.001
(27,16): 0.001
(26,18): 0.001
(15,10): 0.001
(25,47): 0.001
(21,1): 0.002
(9,21): 0.002
(42,36): 0.002
(19,32): 0.002
(31,16): 0.001
(22,31): 0.001
(39,35): 0.001
(42,23): 0.001
(24,18): 0.001
(24,17): 0.002
(43,33): 0.001
(30,21): 0.002
(29,9): 0.001
(29,23): 0.001
(27,25): 0.001
(11,14): 0.002
(10,18): 0.001
(40,12): 0.001
(24,14): 0.002
(27,39): 0.005
(27,42): 0.001
(23,27): 0.001
(18,16): 0.002
(32,24): 0.001
(10,23): 0.002
(25,27): 0.001
(33,16): 0.001
(36,7): 0.003
(25,11): 0.001
(16,13): 0.001
(35,15): 0.001
(30,3): 0.001
(37,10): 0.001
(21,49): 0.001
(26,13): 0.001
(8,15): 0.001
(31,22): 0.001
(11,5): 0.001
(40,41): 0.001
(20,13): 0.002
(45,37): 0.001
(41,14): 0.001
(28,46): 0.001
(42,34): 0.001
(28,36): 0.001
(18,8): 0.002
(18,15): 0.001
(36,15): 0.001
(13,18): 0.001
(36,46): 0.001
(14,18): 0.001
(32,29): 0.002
(32,31): 0.001
(33,31): 0.002
(32,30): 0.001
(27,5): 0.001
(31,20): 0.002
(28,2): 0.001
(24,12): 0.001
(22,12): 0.001
(19,35): 0.001
(25,19): 0.001
(13,9): 0.002
(19,11): 0.001
(15,7): 0.001
(29,20): 0.003
(22,13): 0.001
(45,40): 0.001
(35,7): 0.001
(19,14): 0.001
(38,25): 0.001
(32,18): 0.001
(24,27): 0.001
(16,15): 0.001
(28,16): 0.001
(47,36): 0.001
(43,8): 0.001
(31,10): 0.001
(9,10): 0.002
(24,13): 0.001
(48,23): 0.001
(26,16): 0.001
(18,22): 0.001
(24,45): 0.001
(21,15): 0.001
(30,23): 0.001
(33,25): 0.001
(25,2): 0.001
(25,32): 0.001
(19,21): 0.001
(23,34): 0.002
(45,11): 0.001
(31,24): 0.001
(34,25): 0.001
(32,17): 0.001
(19,16): 0.001
(35,42): 0.001
(37,16): 0.001
(41,24): 0.001
(41,12): 0.001
(42,18): 0.001
