(26,36): 0.001
(27,3): 0.002
(27,39): 0.005
(21,0): 0.016
(22,15): 0.039
(46,36): 0.006
(25,15): 0.049
(11,16): 0.005
(23,12): 0.006
(22,20): 0.005
(23,48): 0.002
(28,25): 0.003
(24,21): 0.029
(26,22): 0.053
(31,11): 0.002
(20,16): 0.004
(27,13): 0.001
(11,10): 0.002
(27,0): 0.005
(27,22): 0.003
(34,31): 0.003
(25,28): 0.001
(13,7): 0.001
(23,16): 0.003
(21,35): 0.002
(26,21): 0.015
(33,26): 0.001
(42,8): 0.001
(26,15): 0.014
(33,17): 0.002
(26,23): 0.003
(17,17): 0.005
(37,11): 0.001
(30,16): 0.03
(10,10): 0.011
(9,23): 0.013
(28,24): 0.004
(28,37): 0.003
(20,47): 0.004
(19,18): 0.002
(34,30): 0.001
(22,18): 0.003
(18,19): 0.007
(14,12): 0.003
(28,15): 0.006
(40,4): 0.003
(28,30): 0.003
(15,7): 0.002
(19,6): 0.001
(27,21): 0.012
(24,16): 0.004
(17,3): 0.003
(33,8): 0.003
(23,9): 0.002
(13,10): 0.001
(25,9): 0.001
(26,25): 0.005
(20,21): 0.002
(25,45): 0.009
(16,19): 0.001
(23,24): 0.001
(30,34): 0.003
(16,18): 0.004
(28,21): 0.001
(30,23): 0.002
(24,24): 0.001
(45,38): 0.001
(21,18): 0.001
(23,14): 0.006
(21,1): 0.004
(8,15): 0.001
(32,25): 0.006
(32,20): 0.003
(23,21): 0.002
(23,47): 0.002
(23,6): 0.004
(25,2): 0.002
(45,40): 0.007
(28,27): 0.001
(15,18): 0.001
(12,15): 0.002
(28,14): 0.002
(27,2): 0.004
(12,11): 0.011
(27,10): 0.005
(30,18): 0.003
(20,26): 0.001
(23,44): 0.001
(33,18): 0.003
(30,49): 0.005
(35,17): 0.009
(11,13): 0.001
(27,4): 0.005
(18,9): 0.001
(11,11): 0.001
(24,14): 0.002
(28,20): 0.004
(45,11): 0.006
(7,14): 0.012
(38,16): 0.002
(26,24): 0.004
(27,29): 0.002
(21,19): 0.003
(5,12): 0.002
(16,3): 0.003
(12,18): 0.004
(19,16): 0.002
(15,17): 0.002
(18,24): 0.001
(25,18): 0.001
(22,33): 0.001
(16,13): 0.005
(27,26): 0.001
(21,47): 0.004
(27,7): 0.001
(14,17): 0.004
(20,30): 0.002
(32,27): 0.002
(34,25): 0.001
(27,18): 0.002
(31,20): 0.003
(20,15): 0.004
(27,41): 0.004
(32,17): 0.002
(22,16): 0.003
(18,3): 0.001
(12,20): 0.001
(43,12): 0.008
(18,22): 0.003
(23,10): 0.004
(19,35): 0.001
(4,12): 0.001
(20,6): 0.003
(20,18): 0.002
(16,8): 0.003
(41,20): 0.001
(18,18): 0.01
(7,7): 0.001
(27,11): 0.001
(30,13): 0.001
(21,2): 0.002
(27,12): 0.005
(20,12): 0.003
(28,18): 0.001
(25,27): 0.002
(30,15): 0.001
(27,28): 0.001
(32,2): 0.002
(21,24): 0.003
(7,15): 0.005
(22,22): 0.001
(9,9): 0.001
(29,2): 0.001
(15,19): 0.001
(43,29): 0.002
(42,7): 0.001
(22,12): 0.002
(28,22): 0.013
(44,39): 0.001
(21,10): 0.001
(25,21): 0.006
(16,12): 0.004
(21,32): 0.001
(19,32): 0.003
(27,19): 0.003
(31,19): 0.001
(11,4): 0.001
(30,39): 0.001
(20,25): 0.002
(27,20): 0.004
(47,37): 0.002
(8,8): 0.002
(12,16): 0.002
(23,5): 0.001
(20,19): 0.004
(22,48): 0.001
(31,13): 0.002
(21,20): 0.005
(22,17): 0.001
(50,22): 0.001
(40,15): 0.002
(31,8): 0.001
(32,0): 0.003
(27,23): 0.001
(23,20): 0.007
(24,20): 0.001
(19,21): 0.001
(19,14): 0.001
(19,47): 0.002
(23,33): 0.001
(13,4): 0.002
(19,3): 0.001
(20,5): 0.001
(16,17): 0.001
(43,27): 0.001
(27,9): 0.001
(37,14): 0.001
(13,11): 0.001
(9,22): 0.003
(20,36): 0.003
(8,12): 0.001
(47,20): 0.001
(41,31): 0.001
(18,23): 0.002
(43,10): 0.002
(30,21): 0.005
(28,23): 0.001
(3,14): 0.001
(10,7): 0.001
(23,15): 0.004
(14,8): 0.002
(26,26): 0.002
(30,1): 0.001
(10,17): 0.001
(22,31): 0.001
(29,11): 0.002
(32,16): 0.001
(29,10): 0.003
(15,6): 0.004
(25,26): 0.001
(27,8): 0.001
(36,34): 0.002
(20,46): 0.002
(27,24): 0.001
(9,14): 0.001
(38,35): 0.001
(26,20): 0.002
(49,17): 0.001
(27,15): 0.003
(20,20): 0.001
(9,12): 0.001
(26,19): 0.001
(25,47): 0.001
(14,18): 0.002
(20,2): 0.001
(48,23): 0.001
(47,36): 0.001
(34,12): 0.002
(34,11): 0.002
(24,18): 0.002
(27,16): 0.001
(31,16): 0.001
(23,25): 0.001
(28,29): 0.001
(25,22): 0.001
(34,38): 0.001
(30,24): 0.001
(43,24): 0.001
(31,31): 0.001
(29,48): 0.001
(24,17): 0.002
(38,17): 0.002
(29,8): 0.001
(21,15): 0.003
(18,32): 0.002
(10,18): 0.001
(30,2): 0.002
(40,12): 0.001
(24,13): 0.001
(19,19): 0.002
(27,42): 0.002
(46,19): 0.001
(23,28): 0.001
(13,15): 0.002
(44,24): 0.001
(8,9): 0.001
(36,7): 0.002
(20,27): 0.002
(27,25): 0.002
(25,11): 0.001
(33,14): 0.002
(37,37): 0.001
(22,19): 0.001
(34,8): 0.002
(21,49): 0.001
(26,12): 0.001
(31,22): 0.001
(41,41): 0.001
(42,30): 0.001
(41,12): 0.001
(28,46): 0.001
(40,13): 0.001
(42,36): 0.001
(42,34): 0.003
(33,23): 0.001
(18,8): 0.002
(33,5): 0.001
(19,31): 0.001
(42,38): 0.001
(37,45): 0.001
(23,17): 0.001
(24,42): 0.001
(13,3): 0.002
(6,8): 0.001
(33,31): 0.002
(32,30): 0.002
(23,19): 0.001
(41,35): 0.001
(26,6): 0.001
(24,15): 0.002
(34,17): 0.001
(22,0): 0.002
(11,14): 0.001
(23,8): 0.004
(32,29): 0.001
(13,9): 0.002
(9,21): 0.001
(29,20): 0.001
(25,49): 0.001
(20,8): 0.001
(26,13): 0.001
(29,16): 0.001
(18,13): 0.001
(38,24): 0.001
(23,7): 0.001
(32,18): 0.001
(24,27): 0.001
(24,35): 0.002
(27,1): 0.001
(34,15): 0.001
(21,16): 0.001
(43,8): 0.001
(31,6): 0.001
(32,28): 0.001
(28,12): 0.001
(41,24): 0.001
(25,24): 0.001
(35,23): 0.001
(31,10): 0.001
(26,10): 0.001
(36,9): 0.001
(23,2): 0.001
(26,32): 0.001
(18,17): 0.001
(11,15): 0.001
(26,9): 0.001
(12,14): 0.001
(26,17): 0.001
(10,12): 0.001
(44,10): 0.001
(33,15): 0.001
(15,15): 0.001
(23,32): 0.001
(35,42): 0.001
(37,16): 0.001
(25,16): 0.001
(28,17): 0.001
(30,3): 0.001
(40,19): 0.001
(23,18): 0.001
