((4,2)(4,2)) 0.7125668449197861
((4,2)(3,0)) 0.0106951871657754
((4,2)(4,5)) 0.00267379679144385
((4,2)(4,0)) 0.009358288770053475
((4,2)(3,3)) 0.0053475935828877
((4,2)(5,3)) 0.06417112299465241
((4,2)(4,3)) 0.0748663101604278
((4,2)(5,4)) 0.03208556149732621
((4,2)(4,4)) 0.014705882352941176
((4,2)(8,6)) 0.00267379679144385
((4,2)(6,2)) 0.00267379679144385
((4,2)(5,0)) 0.004010695187165776
((4,2)(1,1)) 0.004010695187165776
((4,2)(6,4)) 0.001336898395721925
((4,2)(5,5)) 0.0066844919786096255
((4,2)(6,3)) 0.0053475935828877
((4,2)(4,1)) 0.0213903743315508
((4,2)(3,1)) 0.008021390374331552
((4,2)(1,4)) 0.00267379679144385
((4,2)(7,1)) 0.001336898395721925
((4,2)(2,1)) 0.001336898395721925
((4,2)(3,2)) 0.00267379679144385
((4,2)(2,2)) 0.004010695187165776
((4,2)(5,1)) 0.001336898395721925
((4,2)(5,7)) 0.00267379679144385
((4,2)(4,6)) 0.001336898395721925
((3,0)(3,0)) 0.8666666666666667
((3,0)(4,2)) 0.013793103448275862
((3,0)(3,1)) 0.034482758620689655
((3,0)(5,3)) 0.020689655172413793
((3,0)(4,1)) 0.016091954022988506
((3,0)(2,3)) 0.004597701149425287
((3,0)(2,2)) 0.013793103448275862
((3,0)(4,4)) 0.006896551724137931
((3,0)(1,2)) 0.016091954022988506
((3,0)(4,3)) 0.0022988505747126436
((3,0)(2,1)) 0.0022988505747126436
((3,0)(5,4)) 0.0022988505747126436
((4,5)(4,5)) 0.7405247813411079
((4,5)(5,3)) 0.02040816326530612
((4,5)(5,5)) 0.014577259475218658
((4,5)(5,4)) 0.029154518950437316
((4,5)(5,2)) 0.0058309037900874635
((4,5)(4,4)) 0.04664723032069971
((4,5)(5,6)) 0.0029154518950437317
((4,5)(3,4)) 0.0058309037900874635
((4,5)(4,6)) 0.03206997084548105
((4,5)(3,6)) 0.008746355685131196
((4,5)(2,3)) 0.0029154518950437317
((4,5)(6,3)) 0.02040816326530612
((4,5)(4,7)) 0.0029154518950437317
((4,5)(4,2)) 0.0029154518950437317
((4,5)(4,3)) 0.008746355685131196
((4,5)(3,3)) 0.008746355685131196
((4,5)(3,2)) 0.01749271137026239
((4,5)(4,8)) 0.0029154518950437317
((4,5)(4,9)) 0.014577259475218658
((4,5)(8,2)) 0.0029154518950437317
((4,5)(5,7)) 0.0029154518950437317
((4,5)(3,5)) 0.0029154518950437317
((4,5)(6,2)) 0.0029154518950437317
((5,3)(5,3)) 0.7456931911402789
((5,3)(4,2)) 0.012031719989062073
((5,3)(4,3)) 0.03554826360404703
((5,3)(5,2)) 0.028438610883237625
((5,3)(5,4)) 0.04593929450369155
((5,3)(4,4)) 0.013125512715340444
((5,3)(3,2)) 0.0008203445447087777
((5,3)(6,4)) 0.003554826360404703
((5,3)(2,2)) 0.0016406890894175555
((5,3)(6,5)) 0.0005468963631391851
((5,3)(5,0)) 0.005195515449822259
((5,3)(6,3)) 0.02761826633852885
((5,3)(4,1)) 0.010117582718074924
((5,3)(6,1)) 0.0010937927262783702
((5,3)(5,5)) 0.003554826360404703
((5,3)(3,3)) 0.018867924528301886
((5,3)(3,0)) 0.0027344818156959257
((5,3)(2,3)) 0.0010937927262783702
((5,3)(8,1)) 0.0005468963631391851
((5,3)(6,2)) 0.004648619086683074
((5,3)(5,7)) 0.002461033634126333
((5,3)(6,6)) 0.002461033634126333
((5,3)(1,2)) 0.00027344818156959256
((5,3)(4,0)) 0.005742411812961444
((5,3)(4,5)) 0.0030079299972655183
((5,3)(1,1)) 0.0005468963631391851
((5,3)(6,0)) 0.003281378178835111
((5,3)(5,1)) 0.0038282745419742957
((5,3)(7,3)) 0.004375170905113481
((5,3)(3,4)) 0.0008203445447087777
((5,3)(4,7)) 0.0008203445447087777
((5,3)(8,3)) 0.0010937927262783702
((5,3)(8,4)) 0.00027344818156959256
((5,3)(8,2)) 0.0008203445447087777
((5,3)(2,1)) 0.00027344818156959256
((5,3)(1,3)) 0.00027344818156959256
((5,3)(7,2)) 0.0013672409078479629
((5,3)(5,6)) 0.0010937927262783702
((5,3)(5,9)) 0.0005468963631391851
((5,3)(8,0)) 0.00027344818156959256
((5,3)(2,0)) 0.0005468963631391851
((5,3)(7,1)) 0.0005468963631391851
((5,3)(9,2)) 0.00027344818156959256
((5,3)(3,1)) 0.0005468963631391851
((5,3)(4,9)) 0.00027344818156959256
((5,3)(3,6)) 0.00027344818156959256
((5,3)(6,9)) 0.0010937927262783702
((1,4)(1,4)) 0.7802197802197802
((1,4)(2,3)) 0.03296703296703297
((1,4)(3,3)) 0.038461538461538464
((1,4)(4,4)) 0.038461538461538464
((1,4)(3,4)) 0.01098901098901099
((1,4)(5,2)) 0.005494505494505495
((1,4)(4,7)) 0.005494505494505495
((1,4)(5,4)) 0.02197802197802198
((1,4)(4,2)) 0.005494505494505495
((1,4)(4,3)) 0.016483516483516484
((1,4)(2,4)) 0.02197802197802198
((1,4)(5,7)) 0.01098901098901099
((1,4)(0,6)) 0.005494505494505495
((1,4)(5,8)) 0.005494505494505495
((2,3)(2,3)) 0.7877155172413793
((2,3)(1,4)) 0.008620689655172414
((2,3)(2,4)) 0.0010775862068965517
((2,3)(1,1)) 0.0010775862068965517
((2,3)(3,3)) 0.0625
((2,3)(1,2)) 0.014008620689655173
((2,3)(3,4)) 0.0021551724137931034
((2,3)(4,4)) 0.0334051724137931
((2,3)(2,2)) 0.016163793103448277
((2,3)(5,4)) 0.028017241379310345
((2,3)(5,3)) 0.003232758620689655
((2,3)(4,9)) 0.0010775862068965517
((2,3)(1,3)) 0.014008620689655173
((2,3)(4,7)) 0.003232758620689655
((2,3)(4,3)) 0.011853448275862068
((2,3)(7,3)) 0.0010775862068965517
((2,3)(5,9)) 0.0010775862068965517
((2,3)(4,0)) 0.0021551724137931034
((2,3)(5,2)) 0.0010775862068965517
((2,3)(3,2)) 0.0021551724137931034
((2,3)(6,5)) 0.0010775862068965517
((2,3)(6,4)) 0.0021551724137931034
((2,3)(4,5)) 0.0010775862068965517
((2,4)(2,4)) 0.6923076923076923
((2,4)(2,3)) 0.07692307692307693
((2,4)(3,3)) 0.23076923076923078
((3,3)(3,3)) 0.79139201240791
((3,3)(6,4)) 0.0023264831329972858
((3,3)(4,3)) 0.04381543233811555
((3,3)(5,4)) 0.017060876308646764
((3,3)(2,1)) 0.00038774718883288094
((3,3)(4,4)) 0.026366808840635907
((3,3)(3,2)) 0.009305932531989143
((3,3)(1,2)) 0.0077549437766576195
((3,3)(5,3)) 0.023264831329972858
((3,3)(3,1)) 0.0034897246994959287
((3,3)(6,3)) 0.006203955021326095
((3,3)(7,6)) 0.0007754943776657619
((3,3)(5,5)) 0.0034897246994959287
((3,3)(2,3)) 0.019387359441644048
((3,3)(3,4)) 0.005040713454827452
((3,3)(6,0)) 0.0007754943776657619
((3,3)(2,2)) 0.011244668476153548
((3,3)(1,3)) 0.0034897246994959287
((3,3)(5,9)) 0.0007754943776657619
((3,3)(4,9)) 0.0007754943776657619
((3,3)(5,6)) 0.0015509887553315238
((3,3)(7,3)) 0.004265219077161691
((3,3)(4,1)) 0.0007754943776657619
((3,3)(7,1)) 0.0007754943776657619
((3,3)(5,2)) 0.0034897246994959287
((3,3)(0,2)) 0.0015509887553315238
((3,3)(8,2)) 0.0011632415664986429
((3,3)(2,0)) 0.0007754943776657619
((3,3)(4,2)) 0.002714230321830167
((3,3)(1,4)) 0.0011632415664986429
((3,3)(4,7)) 0.0007754943776657619
((3,3)(5,7)) 0.00038774718883288094
((3,3)(4,5)) 0.0015509887553315238
((3,3)(5,0)) 0.00038774718883288094
((3,3)(6,5)) 0.00038774718883288094
((3,3)(6,2)) 0.0007754943776657619
((3,3)(3,0)) 0.00038774718883288094
((6,4)(6,4)) 0.7477477477477478
((6,4)(3,3)) 0.006435006435006435
((6,4)(9,8)) 0.006435006435006435
((6,4)(6,3)) 0.0489060489060489
((6,4)(5,3)) 0.01287001287001287
((6,4)(5,4)) 0.07593307593307594
((6,4)(6,5)) 0.03861003861003861
((6,4)(6,6)) 0.003861003861003861
((6,4)(8,6)) 0.001287001287001287
((6,4)(4,4)) 0.010296010296010296
((6,4)(4,3)) 0.005148005148005148
((6,4)(2,3)) 0.003861003861003861
((6,4)(6,9)) 0.001287001287001287
((6,4)(7,6)) 0.002574002574002574
((6,4)(8,2)) 0.006435006435006435
((6,4)(5,6)) 0.001287001287001287
((6,4)(1,2)) 0.002574002574002574
((6,4)(6,2)) 0.001287001287001287
((6,4)(7,3)) 0.007722007722007722
((6,4)(7,4)) 0.001287001287001287
((6,4)(8,4)) 0.001287001287001287
((6,4)(5,8)) 0.001287001287001287
((6,4)(5,2)) 0.005148005148005148
((6,4)(4,0)) 0.001287001287001287
((6,4)(4,9)) 0.001287001287001287
((6,4)(5,7)) 0.001287001287001287
((6,4)(5,9)) 0.002574002574002574
((4,4)(4,4)) 0.770543615676359
((4,4)(5,2)) 0.00347661188369153
((4,4)(4,9)) 0.00663716814159292
((4,4)(5,4)) 0.05847029077117573
((4,4)(2,2)) 0.007901390644753476
((4,4)(4,3)) 0.034450063211125155
((4,4)(3,3)) 0.014854614412136535
((4,4)(5,7)) 0.00663716814159292
((4,4)(5,3)) 0.018331226295828066
((4,4)(3,1)) 0.0003160556257901391
((4,4)(3,4)) 0.006321112515802781
((4,4)(5,5)) 0.0060050568900126425
((4,4)(4,5)) 0.006321112515802781
((4,4)(6,3)) 0.011694058154235146
((4,4)(2,3)) 0.009797724399494312
((4,4)(4,2)) 0.0006321112515802782
((4,4)(6,2)) 0.0025284450063211127
((4,4)(5,0)) 0.0006321112515802782
((4,4)(6,1)) 0.0009481668773704172
((4,4)(1,4)) 0.00347661188369153
((4,4)(4,6)) 0.0022123893805309734
((4,4)(1,1)) 0.0009481668773704172
((4,4)(4,7)) 0.0028445006321112516
((4,4)(6,4)) 0.0031605562579013905
((4,4)(6,6)) 0.0015802781289506952
((4,4)(8,2)) 0.0018963337547408343
((4,4)(5,9)) 0.0018963337547408343
((4,4)(7,4)) 0.0003160556257901391
((4,4)(2,1)) 0.0003160556257901391
((4,4)(1,2)) 0.0015802781289506952
((4,4)(5,6)) 0.0009481668773704172
((4,4)(3,0)) 0.0009481668773704172
((4,4)(4,1)) 0.0018963337547408343
((4,4)(6,5)) 0.0022123893805309734
((4,4)(8,5)) 0.0003160556257901391
((4,4)(7,3)) 0.0009481668773704172
((4,4)(5,1)) 0.0006321112515802782
((4,4)(9,7)) 0.0006321112515802782
((4,4)(8,7)) 0.0003160556257901391
((4,4)(3,6)) 0.0015802781289506952
((4,4)(4,8)) 0.0009481668773704172
((4,4)(5,8)) 0.0009481668773704172
((4,4)(1,3)) 0.0009481668773704172
((5,2)(5,2)) 0.7656078860898138
((5,2)(4,4)) 0.019715224534501644
((5,2)(4,0)) 0.002190580503833516
((5,2)(5,3)) 0.09857612267250822
((5,2)(6,3)) 0.0065717415115005475
((5,2)(9,5)) 0.001095290251916758
((5,2)(4,3)) 0.025191675794085433
((5,2)(5,0)) 0.01095290251916758
((5,2)(8,2)) 0.001095290251916758
((5,2)(6,1)) 0.002190580503833516
((5,2)(2,3)) 0.004381161007667032
((5,2)(6,2)) 0.0032858707557502738
((5,2)(5,4)) 0.025191675794085433
((5,2)(5,7)) 0.002190580503833516
((5,2)(7,3)) 0.002190580503833516
((5,2)(5,1)) 0.008762322015334063
((5,2)(1,1)) 0.001095290251916758
((5,2)(4,1)) 0.00547645125958379
((5,2)(3,3)) 0.0065717415115005475
((5,2)(1,2)) 0.002190580503833516
((5,2)(4,2)) 0.001095290251916758
((5,2)(3,2)) 0.001095290251916758
((5,2)(6,4)) 0.002190580503833516
((5,2)(2,2)) 0.001095290251916758
((4,9)(4,9)) 0.8081534772182254
((4,9)(5,4)) 0.014388489208633094
((4,9)(5,3)) 0.004796163069544364
((4,9)(5,7)) 0.016786570743405275
((4,9)(4,4)) 0.03836930455635491
((4,9)(4,5)) 0.02158273381294964
((4,9)(5,6)) 0.016786570743405275
((4,9)(5,9)) 0.02158273381294964
((4,9)(4,8)) 0.014388489208633094
((4,9)(7,3)) 0.004796163069544364
((4,9)(1,2)) 0.002398081534772182
((4,9)(3,0)) 0.002398081534772182
((4,9)(6,6)) 0.002398081534772182
((4,9)(10,4)) 0.002398081534772182
((4,9)(9,4)) 0.004796163069544364
((4,9)(3,9)) 0.002398081534772182
((4,9)(6,3)) 0.004796163069544364
((4,9)(4,3)) 0.007194244604316547
((4,9)(3,2)) 0.002398081534772182
((4,9)(3,3)) 0.002398081534772182
((4,9)(2,3)) 0.002398081534772182
((4,9)(3,6)) 0.002398081534772182
((5,4)(5,4)) 0.8445984979780474
((5,4)(4,4)) 0.02484113229347198
((5,4)(5,3)) 0.02267475447718082
((5,4)(3,3)) 0.008809936452917388
((5,4)(6,3)) 0.01242056614673599
((5,4)(4,3)) 0.011987290583477759
((5,4)(3,1)) 0.0007221259387637204
((5,4)(5,5)) 0.006210283073367995
((5,4)(1,1)) 0.00028885037550548814
((5,4)(2,2)) 0.0007221259387637204
((5,4)(8,6)) 0.002166377816291161
((5,4)(6,4)) 0.009532062391681109
((5,4)(1,2)) 0.0010109763142692085
((5,4)(7,3)) 0.002310803004043905
((5,4)(5,0)) 0.002021952628538417
((5,4)(8,2)) 0.0025996533795493936
((5,4)(4,2)) 0.0033217793183131137
((5,4)(9,6)) 0.00014442518775274407
((5,4)(6,6)) 0.002166377816291161
((5,4)(4,6)) 0.0008665511265164644
((5,4)(4,5)) 0.0017331022530329288
((5,4)(6,1)) 0.00014442518775274407
((5,4)(2,3)) 0.003755054881571346
((5,4)(6,5)) 0.008376660889659156
((5,4)(5,2)) 0.0028885037550548816
((5,4)(9,7)) 0.002455228191796649
((5,4)(5,6)) 0.0010109763142692085
((5,4)(4,1)) 0.0011554015020219526
((5,4)(5,1)) 0.0010109763142692085
((5,4)(1,4)) 0.00014442518775274407
((5,4)(9,2)) 0.0010109763142692085
((5,4)(5,9)) 0.0012998266897746968
((5,4)(6,9)) 0.0004332755632582322
((5,4)(5,7)) 0.0028885037550548816
((5,4)(3,0)) 0.00014442518775274407
((5,4)(8,4)) 0.00028885037550548814
((5,4)(6,2)) 0.0004332755632582322
((5,4)(8,5)) 0.0004332755632582322
((5,4)(8,7)) 0.00028885037550548814
((5,4)(3,4)) 0.0010109763142692085
((5,4)(9,8)) 0.002021952628538417
((5,4)(4,9)) 0.0005777007510109763
((5,4)(2,0)) 0.0007221259387637204
((5,4)(8,3)) 0.0011554015020219526
((5,4)(1,3)) 0.00028885037550548814
((5,4)(7,4)) 0.0004332755632582322
((5,4)(3,2)) 0.0004332755632582322
((5,4)(2,1)) 0.00014442518775274407
((5,4)(7,7)) 0.0004332755632582322
((5,4)(4,0)) 0.0005777007510109763
((5,4)(5,8)) 0.0012998266897746968
((5,4)(9,4)) 0.00014442518775274407
((5,4)(6,8)) 0.00014442518775274407
((5,4)(3,6)) 0.00028885037550548814
((5,4)(7,9)) 0.00028885037550548814
((5,4)(4,7)) 0.00028885037550548814
((5,4)(7,6)) 0.00014442518775274407
((5,4)(6,0)) 0.00014442518775274407
((5,4)(7,2)) 0.00014442518775274407
((4,3)(4,3)) 0.7850322580645162
((4,3)(5,3)) 0.0327741935483871
((4,3)(2,1)) 0.001032258064516129
((4,3)(6,3)) 0.014709677419354838
((4,3)(5,4)) 0.024
((4,3)(3,3)) 0.024774193548387096
((4,3)(2,2)) 0.010064516129032258
((4,3)(4,4)) 0.02967741935483871
((4,3)(1,1)) 0.0036129032258064514
((4,3)(4,2)) 0.01935483870967742
((4,3)(2,0)) 0.0025806451612903226
((4,3)(4,1)) 0.00464516129032258
((4,3)(5,5)) 0.00232258064516129
((4,3)(6,2)) 0.00232258064516129
((4,3)(3,2)) 0.008258064516129033
((4,3)(9,3)) 0.0007741935483870968
((4,3)(7,1)) 0.0007741935483870968
((4,3)(5,7)) 0.001032258064516129
((4,3)(5,2)) 0.00567741935483871
((4,3)(3,1)) 0.00232258064516129
((4,3)(5,0)) 0.002064516129032258
((4,3)(5,1)) 0.001032258064516129
((4,3)(7,2)) 0.0015483870967741935
((4,3)(4,0)) 0.001032258064516129
((4,3)(1,2)) 0.0015483870967741935
((4,3)(6,6)) 0.0015483870967741935
((4,3)(6,5)) 0.003096774193548387
((4,3)(3,4)) 0.001032258064516129
((4,3)(6,0)) 0.0005161290322580645
((4,3)(2,3)) 0.00232258064516129
((4,3)(9,8)) 0.00025806451612903227
((4,3)(4,6)) 0.002064516129032258
((4,3)(4,9)) 0.0005161290322580645
((4,3)(3,0)) 0.0007741935483870968
((4,3)(7,4)) 0.00025806451612903227
((4,3)(4,5)) 0.0005161290322580645
((4,3)(1,4)) 0.0007741935483870968
((4,3)(6,4)) 0.0007741935483870968
((4,3)(7,6)) 0.00025806451612903227
((4,3)(5,8)) 0.0005161290322580645
((4,3)(6,9)) 0.0005161290322580645
((4,3)(7,3)) 0.0007741935483870968
((4,3)(5,6)) 0.00025806451612903227
((4,3)(8,3)) 0.00025806451612903227
((4,0)(4,0)) 0.8941176470588236
((4,0)(5,3)) 0.030252100840336135
((4,0)(5,0)) 0.020168067226890758
((4,0)(5,5)) 0.0033613445378151263
((4,0)(4,1)) 0.008403361344537815
((4,0)(6,3)) 0.0016806722689075631
((4,0)(4,3)) 0.008403361344537815
((4,0)(4,2)) 0.008403361344537815
((4,0)(2,2)) 0.0033613445378151263
((4,0)(4,9)) 0.0016806722689075631
((4,0)(3,1)) 0.0033613445378151263
((4,0)(5,4)) 0.015126050420168067
((4,0)(3,0)) 0.0016806722689075631
((1,3)(1,3)) 0.6943231441048034
((1,3)(2,1)) 0.004366812227074236
((1,3)(1,2)) 0.11790393013100436
((1,3)(3,3)) 0.039301310043668124
((1,3)(2,3)) 0.06550218340611354
((1,3)(1,4)) 0.004366812227074236
((1,3)(4,1)) 0.004366812227074236
((1,3)(2,2)) 0.017467248908296942
((1,3)(5,2)) 0.004366812227074236
((1,3)(5,4)) 0.013100436681222707
((1,3)(6,3)) 0.004366812227074236
((1,3)(8,7)) 0.004366812227074236
((1,3)(4,3)) 0.004366812227074236
((1,3)(3,0)) 0.004366812227074236
((1,3)(4,4)) 0.008733624454148471
((1,3)(3,6)) 0.004366812227074236
((1,3)(5,3)) 0.004366812227074236
((2,1)(2,1)) 0.8082901554404145
((2,1)(2,2)) 0.04145077720207254
((2,1)(4,3)) 0.031088082901554404
((2,1)(3,3)) 0.0051813471502590676
((2,1)(3,1)) 0.03626943005181347
((2,1)(1,3)) 0.0051813471502590676
((2,1)(1,2)) 0.0051813471502590676
((2,1)(5,3)) 0.010362694300518135
((2,1)(5,4)) 0.010362694300518135
((2,1)(1,1)) 0.015544041450777202
((2,1)(3,2)) 0.015544041450777202
((2,1)(2,3)) 0.0051813471502590676
((2,1)(7,3)) 0.0051813471502590676
((2,1)(4,4)) 0.0051813471502590676
((2,2)(2,2)) 0.7757437070938215
((2,2)(4,3)) 0.036613272311212815
((2,2)(5,4)) 0.008009153318077803
((2,2)(4,4)) 0.029748283752860413
((2,2)(2,1)) 0.012585812356979404
((2,2)(1,3)) 0.005720823798627002
((2,2)(1,1)) 0.010297482837528604
((2,2)(3,3)) 0.02631578947368421
((2,2)(1,2)) 0.03546910755148741
((2,2)(5,3)) 0.005720823798627002
((2,2)(1,4)) 0.002288329519450801
((2,2)(4,0)) 0.002288329519450801
((2,2)(2,3)) 0.014874141876430207
((2,2)(0,3)) 0.002288329519450801
((2,2)(3,0)) 0.005720823798627002
((2,2)(5,2)) 0.0011441647597254005
((2,2)(0,2)) 0.0011441647597254005
((2,2)(3,1)) 0.009153318077803204
((2,2)(3,2)) 0.002288329519450801
((2,2)(5,5)) 0.0011441647597254005
((2,2)(6,3)) 0.002288329519450801
((2,2)(4,1)) 0.002288329519450801
((2,2)(5,0)) 0.0011441647597254005
((2,2)(8,1)) 0.0011441647597254005
((2,2)(8,2)) 0.0011441647597254005
((2,2)(3,4)) 0.0011441647597254005
((2,2)(5,1)) 0.0011441647597254005
((2,2)(7,3)) 0.0011441647597254005
((6,3)(6,3)) 0.7704153056462902
((6,3)(3,4)) 0.0004666355576294914
((6,3)(5,4)) 0.033131124591693886
((6,3)(5,3)) 0.046196920205319646
((6,3)(4,3)) 0.029398040130657957
((6,3)(3,3)) 0.008399440037330844
((6,3)(6,4)) 0.025664955669622024
((6,3)(9,8)) 0.0009332711152589828
((6,3)(6,2)) 0.021931871208586095
((6,3)(7,3)) 0.009332711152589827
((6,3)(4,4)) 0.015865608959402706
((6,3)(3,2)) 0.0009332711152589828
((6,3)(9,7)) 0.0032664489034064394
((6,3)(5,2)) 0.0018665422305179655
((6,3)(2,3)) 0.0004666355576294914
((6,3)(9,4)) 0.0004666355576294914
((6,3)(7,4)) 0.0004666355576294914
((6,3)(7,1)) 0.003733084461035931
((6,3)(8,2)) 0.0027998133457769483
((6,3)(7,2)) 0.0032664489034064394
((6,3)(6,0)) 0.0032664489034064394
((6,3)(2,2)) 0.0013999066728884741
((6,3)(5,5)) 0.0018665422305179655
((6,3)(4,5)) 0.0032664489034064394
((6,3)(6,5)) 0.0018665422305179655
((6,3)(5,9)) 0.0009332711152589828
((6,3)(1,4)) 0.0004666355576294914
((6,3)(1,2)) 0.0018665422305179655
((6,3)(6,1)) 0.0013999066728884741
((6,3)(8,3)) 0.0009332711152589828
((6,3)(4,1)) 0.0004666355576294914
((6,3)(8,4)) 0.0004666355576294914
((6,3)(3,6)) 0.0004666355576294914
((6,3)(8,0)) 0.0009332711152589828
((6,3)(4,0)) 0.0004666355576294914
((6,3)(4,6)) 0.0004666355576294914
((6,3)(3,0)) 0.0004666355576294914
((3,4)(3,4)) 0.8045325779036827
((3,4)(4,3)) 0.019830028328611898
((3,4)(6,2)) 0.0028328611898017
((3,4)(3,3)) 0.04815864022662889
((3,4)(2,3)) 0.0056657223796034
((3,4)(4,4)) 0.05099150141643059
((3,4)(5,5)) 0.0056657223796034
((3,4)(3,1)) 0.0056657223796034
((3,4)(3,2)) 0.0028328611898017
((3,4)(4,1)) 0.0056657223796034
((3,4)(5,3)) 0.0113314447592068
((3,4)(6,3)) 0.0028328611898017
((3,4)(5,4)) 0.0169971671388102
((3,4)(3,6)) 0.0028328611898017
((3,4)(4,5)) 0.0028328611898017
((3,4)(7,9)) 0.0028328611898017
((3,4)(4,2)) 0.0028328611898017
((3,4)(5,0)) 0.0028328611898017
((3,4)(2,2)) 0.0028328611898017
((3,2)(3,2)) 0.7533632286995515
((3,2)(3,3)) 0.03139013452914798
((3,2)(4,2)) 0.013452914798206279
((3,2)(3,1)) 0.03139013452914798
((3,2)(4,3)) 0.05605381165919283
((3,2)(5,5)) 0.013452914798206279
((3,2)(5,4)) 0.017937219730941704
((3,2)(4,4)) 0.011210762331838564
((3,2)(2,1)) 0.004484304932735426
((3,2)(6,3)) 0.008968609865470852
((3,2)(4,7)) 0.004484304932735426
((3,2)(5,3)) 0.011210762331838564
((3,2)(2,2)) 0.020179372197309416
((3,2)(2,3)) 0.008968609865470852
((3,2)(1,1)) 0.002242152466367713
((3,2)(4,5)) 0.008968609865470852
((3,2)(6,2)) 0.002242152466367713
((9,8)(9,8)) 0.7054794520547946
((9,8)(5,3)) 0.00684931506849315
((9,8)(6,3)) 0.0273972602739726
((9,8)(6,4)) 0.02054794520547945
((9,8)(8,8)) 0.0684931506849315
((9,8)(8,7)) 0.0136986301369863
((9,8)(5,8)) 0.03424657534246575
((9,8)(6,5)) 0.03424657534246575
((9,8)(5,4)) 0.0273972602739726
((9,8)(9,7)) 0.00684931506849315
((9,8)(7,7)) 0.0136986301369863
((9,8)(7,6)) 0.0136986301369863
((9,8)(9,6)) 0.00684931506849315
((9,8)(4,3)) 0.02054794520547945
((1,2)(1,2)) 0.7967599410898379
((1,2)(2,1)) 0.0029455081001472753
((1,2)(1,3)) 0.05154639175257732
((1,2)(4,3)) 0.010309278350515464
((1,2)(2,2)) 0.033873343151693665
((1,2)(2,3)) 0.017673048600883652
((1,2)(5,4)) 0.016200294550810016
((1,2)(0,3)) 0.0029455081001472753
((1,2)(0,2)) 0.013254786450662739
((1,2)(5,8)) 0.0014727540500736377
((1,2)(4,2)) 0.0029455081001472753
((1,2)(3,3)) 0.014727540500736377
((1,2)(5,2)) 0.0014727540500736377
((1,2)(4,4)) 0.010309278350515464
((1,2)(2,0)) 0.0014727540500736377
((1,2)(1,1)) 0.0014727540500736377
((1,2)(4,9)) 0.0014727540500736377
((1,2)(5,3)) 0.0014727540500736377
((1,2)(6,3)) 0.0029455081001472753
((1,2)(7,3)) 0.0014727540500736377
((1,2)(3,6)) 0.0014727540500736377
((1,2)(3,0)) 0.010309278350515464
((1,2)(3,1)) 0.0014727540500736377
((1,1)(1,1)) 0.7705882352941177
((1,1)(4,3)) 0.07647058823529412
((1,1)(1,4)) 0.0058823529411764705
((1,1)(2,2)) 0.047058823529411764
((1,1)(4,2)) 0.023529411764705882
((1,1)(5,4)) 0.023529411764705882
((1,1)(2,0)) 0.0058823529411764705
((1,1)(4,4)) 0.023529411764705882
((1,1)(2,1)) 0.01764705882352941
((1,1)(1,3)) 0.0058823529411764705
((6,5)(6,5)) 0.7176684881602914
((6,5)(5,4)) 0.1111111111111111
((6,5)(7,5)) 0.01092896174863388
((6,5)(6,6)) 0.009107468123861567
((6,5)(6,4)) 0.03825136612021858
((6,5)(5,3)) 0.00546448087431694
((6,5)(1,4)) 0.0018214936247723133
((6,5)(8,4)) 0.00546448087431694
((6,5)(4,4)) 0.018214936247723135
((6,5)(4,3)) 0.02185792349726776
((6,5)(4,6)) 0.0018214936247723133
((6,5)(6,3)) 0.009107468123861567
((6,5)(5,2)) 0.0018214936247723133
((6,5)(9,4)) 0.00546448087431694
((6,5)(2,3)) 0.0036429872495446266
((6,5)(7,4)) 0.0018214936247723133
((6,5)(8,6)) 0.0036429872495446266
((6,5)(9,7)) 0.0036429872495446266
((6,5)(8,7)) 0.0036429872495446266
((6,5)(7,7)) 0.0036429872495446266
((6,5)(5,5)) 0.007285974499089253
((6,5)(8,2)) 0.0018214936247723133
((6,5)(7,9)) 0.0018214936247723133
((6,5)(4,2)) 0.0036429872495446266
((6,5)(9,8)) 0.0018214936247723133
((6,5)(5,0)) 0.0036429872495446266
((6,5)(7,6)) 0.0018214936247723133
((5,9)(5,9)) 0.8589743589743589
((5,9)(4,7)) 0.002136752136752137
((5,9)(5,8)) 0.023504273504273504
((5,9)(5,7)) 0.01282051282051282
((5,9)(5,5)) 0.008547008547008548
((5,9)(6,1)) 0.002136752136752137
((5,9)(7,8)) 0.004273504273504274
((5,9)(4,9)) 0.027777777777777776
((5,9)(4,4)) 0.010683760683760684
((5,9)(5,4)) 0.019230769230769232
((5,9)(6,3)) 0.002136752136752137
((5,9)(4,3)) 0.002136752136752137
((5,9)(5,0)) 0.002136752136752137
((5,9)(7,3)) 0.004273504273504274
((5,9)(5,3)) 0.010683760683760684
((5,9)(7,2)) 0.002136752136752137
((5,9)(9,8)) 0.002136752136752137
((5,9)(6,6)) 0.004273504273504274
((4,7)(4,7)) 0.7954545454545454
((4,7)(5,9)) 0.005681818181818182
((4,7)(3,2)) 0.011363636363636364
((4,7)(4,8)) 0.011363636363636364
((4,7)(3,6)) 0.017045454545454544
((4,7)(4,4)) 0.03977272727272727
((4,7)(2,3)) 0.028409090909090908
((4,7)(4,6)) 0.028409090909090908
((4,7)(5,3)) 0.017045454545454544
((4,7)(6,8)) 0.011363636363636364
((4,7)(5,4)) 0.011363636363636364
((4,7)(3,3)) 0.005681818181818182
((4,7)(4,9)) 0.005681818181818182
((4,7)(5,7)) 0.005681818181818182
((4,7)(4,3)) 0.005681818181818182
((5,8)(5,8)) 0.8062283737024222
((5,8)(5,7)) 0.04844290657439446
((5,8)(5,5)) 0.01730103806228374
((5,8)(5,9)) 0.031141868512110725
((5,8)(3,4)) 0.0034602076124567475
((5,8)(9,7)) 0.0034602076124567475
((5,8)(6,8)) 0.0034602076124567475
((5,8)(6,4)) 0.0034602076124567475
((5,8)(1,3)) 0.0034602076124567475
((5,8)(2,3)) 0.0034602076124567475
((5,8)(6,6)) 0.0034602076124567475
((5,8)(5,4)) 0.010380622837370242
((5,8)(9,8)) 0.006920415224913495
((5,8)(4,4)) 0.01384083044982699
((5,8)(4,7)) 0.0034602076124567475
((5,8)(4,3)) 0.010380622837370242
((5,8)(4,8)) 0.010380622837370242
((5,8)(4,5)) 0.0034602076124567475
((5,8)(6,3)) 0.0034602076124567475
((5,8)(4,9)) 0.0034602076124567475
((5,8)(1,4)) 0.0034602076124567475
((5,8)(1,2)) 0.0034602076124567475
((5,7)(5,7)) 0.7485148514851485
((5,7)(5,9)) 0.0297029702970297
((5,7)(5,4)) 0.03762376237623762
((5,7)(4,4)) 0.033663366336633666
((5,7)(4,9)) 0.013861386138613862
((5,7)(6,8)) 0.0039603960396039604
((5,7)(4,7)) 0.007920792079207921
((5,7)(5,8)) 0.011881188118811881
((5,7)(5,3)) 0.007920792079207921
((5,7)(7,3)) 0.005940594059405941
((5,7)(6,9)) 0.011881188118811881
((5,7)(5,5)) 0.011881188118811881
((5,7)(4,8)) 0.013861386138613862
((5,7)(9,7)) 0.0019801980198019802
((5,7)(4,3)) 0.009900990099009901
((5,7)(6,6)) 0.0039603960396039604
((5,7)(8,7)) 0.011881188118811881
((5,7)(5,6)) 0.0019801980198019802
((5,7)(3,3)) 0.0019801980198019802
((5,7)(4,6)) 0.0039603960396039604
((5,7)(6,5)) 0.0019801980198019802
((5,7)(3,6)) 0.0019801980198019802
((5,7)(1,4)) 0.0019801980198019802
((5,7)(3,5)) 0.0019801980198019802
((5,7)(9,6)) 0.0019801980198019802
((5,7)(4,0)) 0.0039603960396039604
((5,7)(5,2)) 0.0039603960396039604
((5,7)(5,1)) 0.0019801980198019802
((5,7)(4,5)) 0.0019801980198019802
((5,7)(8,2)) 0.0039603960396039604
((5,0)(5,0)) 0.8514705882352941
((5,0)(5,3)) 0.030882352941176472
((5,0)(8,0)) 0.011764705882352941
((5,0)(4,3)) 0.016176470588235296
((5,0)(4,2)) 0.004411764705882353
((5,0)(4,0)) 0.01764705882352941
((5,0)(3,4)) 0.0014705882352941176
((5,0)(5,4)) 0.025
((5,0)(6,3)) 0.0014705882352941176
((5,0)(5,1)) 0.016176470588235296
((5,0)(6,5)) 0.0014705882352941176
((5,0)(5,2)) 0.007352941176470588
((5,0)(4,1)) 0.004411764705882353
((5,0)(6,0)) 0.0058823529411764705
((5,0)(3,3)) 0.0014705882352941176
((5,0)(2,2)) 0.0014705882352941176
((5,0)(6,4)) 0.0014705882352941176
((2,0)(2,0)) 0.6813186813186813
((2,0)(4,3)) 0.08791208791208792
((2,0)(5,4)) 0.07692307692307693
((2,0)(3,0)) 0.01098901098901099
((2,0)(1,2)) 0.02197802197802198
((2,0)(3,1)) 0.03296703296703297
((2,0)(4,4)) 0.01098901098901099
((2,0)(3,3)) 0.04395604395604396
((2,0)(5,3)) 0.02197802197802198
((2,0)(3,4)) 0.01098901098901099
((4,1)(4,1)) 0.7867924528301887
((4,1)(4,4)) 0.013207547169811321
((4,1)(4,2)) 0.04339622641509434
((4,1)(5,3)) 0.04905660377358491
((4,1)(4,3)) 0.018867924528301886
((4,1)(5,2)) 0.011320754716981131
((4,1)(3,4)) 0.0037735849056603774
((4,1)(5,4)) 0.01509433962264151
((4,1)(3,1)) 0.007547169811320755
((4,1)(1,4)) 0.0018867924528301887
((4,1)(2,2)) 0.005660377358490566
((4,1)(3,3)) 0.009433962264150943
((4,1)(1,2)) 0.0018867924528301887
((4,1)(5,0)) 0.005660377358490566
((4,1)(4,0)) 0.007547169811320755
((4,1)(3,0)) 0.011320754716981131
((4,1)(7,3)) 0.0018867924528301887
((4,1)(3,2)) 0.0018867924528301887
((4,1)(5,1)) 0.0018867924528301887
((4,1)(5,5)) 0.0018867924528301887
((3,1)(3,1)) 0.7752525252525253
((3,1)(4,4)) 0.010101010101010102
((3,1)(3,3)) 0.010101010101010102
((3,1)(2,0)) 0.017676767676767676
((3,1)(4,3)) 0.03535353535353535
((3,1)(2,2)) 0.022727272727272728
((3,1)(3,0)) 0.04040404040404041
((3,1)(2,1)) 0.012626262626262626
((3,1)(3,4)) 0.012626262626262626
((3,1)(6,3)) 0.005050505050505051
((3,1)(4,5)) 0.005050505050505051
((3,1)(4,2)) 0.005050505050505051
((3,1)(5,4)) 0.0025252525252525255
((3,1)(1,2)) 0.0025252525252525255
((3,1)(3,2)) 0.022727272727272728
((3,1)(5,8)) 0.0025252525252525255
((3,1)(4,1)) 0.005050505050505051
((3,1)(9,7)) 0.0025252525252525255
((3,1)(5,3)) 0.007575757575757576
((3,1)(2,3)) 0.0025252525252525255
((3,6)(3,6)) 0.903114186851211
((3,6)(3,4)) 0.0034602076124567475
((3,6)(4,6)) 0.010380622837370242
((3,6)(4,9)) 0.01730103806228374
((3,6)(4,4)) 0.01730103806228374
((3,6)(4,5)) 0.0034602076124567475
((3,6)(6,8)) 0.0034602076124567475
((3,6)(4,7)) 0.010380622837370242
((3,6)(8,6)) 0.01384083044982699
((3,6)(6,3)) 0.006920415224913495
((3,6)(5,5)) 0.0034602076124567475
((3,6)(5,4)) 0.0034602076124567475
((3,6)(8,0)) 0.0034602076124567475
((5,5)(5,5)) 0.7565485362095532
((5,5)(6,3)) 0.0015408320493066256
((5,5)(3,2)) 0.009244992295839754
((5,5)(3,3)) 0.01694915254237288
((5,5)(4,5)) 0.01078582434514638
((5,5)(5,3)) 0.01848998459167951
((5,5)(5,9)) 0.007704160246533128
((5,5)(3,4)) 0.0061633281972265025
((5,5)(4,0)) 0.0030816640986132513
((5,5)(5,4)) 0.05546995377503852
((5,5)(6,1)) 0.004622496147919877
((5,5)(4,3)) 0.007704160246533128
((5,5)(4,2)) 0.009244992295839754
((5,5)(1,2)) 0.0015408320493066256
((5,5)(5,6)) 0.01386748844375963
((5,5)(3,1)) 0.0015408320493066256
((5,5)(5,7)) 0.007704160246533128
((5,5)(7,4)) 0.01078582434514638
((5,5)(6,5)) 0.0061633281972265025
((5,5)(8,4)) 0.0030816640986132513
((5,5)(6,6)) 0.009244992295839754
((5,5)(4,4)) 0.023112480739599383
((5,5)(7,5)) 0.0015408320493066256
((5,5)(1,3)) 0.0015408320493066256
((5,5)(6,4)) 0.0015408320493066256
((5,5)(7,3)) 0.0015408320493066256
((5,5)(5,8)) 0.0061633281972265025
((5,5)(3,6)) 0.0015408320493066256
((5,5)(4,8)) 0.0015408320493066256
((6,2)(6,2)) 0.7413333333333333
((6,2)(6,3)) 0.10933333333333334
((6,2)(7,2)) 0.005333333333333333
((6,2)(5,3)) 0.016
((6,2)(4,4)) 0.010666666666666666
((6,2)(6,1)) 0.024
((6,2)(4,3)) 0.024
((6,2)(5,2)) 0.005333333333333333
((6,2)(3,3)) 0.005333333333333333
((6,2)(7,3)) 0.0026666666666666666
((6,2)(4,0)) 0.0026666666666666666
((6,2)(6,0)) 0.005333333333333333
((6,2)(3,1)) 0.0026666666666666666
((6,2)(5,4)) 0.018666666666666668
((6,2)(4,2)) 0.0026666666666666666
((6,2)(9,2)) 0.0026666666666666666
((6,2)(6,4)) 0.005333333333333333
((6,2)(8,0)) 0.0026666666666666666
((6,2)(7,1)) 0.005333333333333333
((6,2)(5,0)) 0.0026666666666666666
((6,2)(5,1)) 0.0026666666666666666
((6,2)(8,2)) 0.0026666666666666666
((7,6)(7,6)) 0.75
((7,6)(9,8)) 0.014705882352941176
((7,6)(3,3)) 0.029411764705882353
((7,6)(5,9)) 0.014705882352941176
((7,6)(6,6)) 0.058823529411764705
((7,6)(5,4)) 0.029411764705882353
((7,6)(7,1)) 0.014705882352941176
((7,6)(8,7)) 0.014705882352941176
((7,6)(7,7)) 0.014705882352941176
((7,6)(7,8)) 0.029411764705882353
((7,6)(4,3)) 0.014705882352941176
((7,6)(6,5)) 0.014705882352941176
((6,1)(6,1)) 0.7303370786516854
((6,1)(2,3)) 0.011235955056179775
((6,1)(6,2)) 0.02247191011235955
((6,1)(5,5)) 0.033707865168539325
((6,1)(5,2)) 0.011235955056179775
((6,1)(4,4)) 0.011235955056179775
((6,1)(5,0)) 0.02247191011235955
((6,1)(4,3)) 0.02247191011235955
((6,1)(5,3)) 0.0449438202247191
((6,1)(6,3)) 0.0449438202247191
((6,1)(9,4)) 0.011235955056179775
((6,1)(6,0)) 0.011235955056179775
((6,1)(5,7)) 0.011235955056179775
((6,1)(1,4)) 0.011235955056179775
((8,6)(8,6)) 0.7563025210084033
((8,6)(5,4)) 0.07563025210084033
((8,6)(6,5)) 0.05042016806722689
((8,6)(8,0)) 0.008403361344537815
((8,6)(9,6)) 0.008403361344537815
((8,6)(4,2)) 0.008403361344537815
((8,6)(4,8)) 0.008403361344537815
((8,6)(9,7)) 0.03361344537815126
((8,6)(3,6)) 0.03361344537815126
((8,6)(4,4)) 0.008403361344537815
((8,6)(6,3)) 0.008403361344537815
((8,0)(8,0)) 0.8461538461538461
((8,0)(6,3)) 0.017094017094017096
((8,0)(5,0)) 0.05982905982905983
((8,0)(5,3)) 0.008547008547008548
((8,0)(8,2)) 0.03418803418803419
((8,0)(7,1)) 0.02564102564102564
((8,0)(3,6)) 0.008547008547008548
((7,2)(7,2)) 0.6206896551724138
((7,2)(8,2)) 0.017241379310344827
((7,2)(4,3)) 0.05172413793103448
((7,2)(5,3)) 0.08620689655172414
((7,2)(7,3)) 0.05172413793103448
((7,2)(5,1)) 0.034482758620689655
((7,2)(6,3)) 0.06896551724137931
((7,2)(3,2)) 0.017241379310344827
((7,2)(6,2)) 0.017241379310344827
((7,2)(5,4)) 0.034482758620689655
((8,2)(8,2)) 0.7687296416938111
((8,2)(5,4)) 0.03908794788273615
((8,2)(3,3)) 0.013029315960912053
((8,2)(8,1)) 0.019543973941368076
((8,2)(6,4)) 0.013029315960912053
((8,2)(6,3)) 0.03257328990228013
((8,2)(7,3)) 0.02280130293159609
((8,2)(5,3)) 0.013029315960912053
((8,2)(9,2)) 0.013029315960912053
((8,2)(4,4)) 0.019543973941368076
((8,2)(9,4)) 0.003257328990228013
((8,2)(4,3)) 0.006514657980456026
((8,2)(8,3)) 0.009771986970684038
((8,2)(4,8)) 0.006514657980456026
((8,2)(8,0)) 0.006514657980456026
((8,2)(6,7)) 0.003257328990228013
((8,2)(9,3)) 0.003257328990228013
((8,2)(6,5)) 0.003257328990228013
((8,2)(7,2)) 0.003257328990228013
((7,3)(7,3)) 0.7723004694835681
((7,3)(6,4)) 0.014084507042253521
((7,3)(1,2)) 0.002347417840375587
((7,3)(4,3)) 0.011737089201877934
((7,3)(5,3)) 0.035211267605633804
((7,3)(6,3)) 0.03990610328638498
((7,3)(3,3)) 0.025821596244131457
((7,3)(9,2)) 0.007042253521126761
((7,3)(5,4)) 0.046948356807511735
((7,3)(2,3)) 0.002347417840375587
((7,3)(8,4)) 0.002347417840375587
((7,3)(7,1)) 0.002347417840375587
((7,3)(2,2)) 0.002347417840375587
((7,3)(4,2)) 0.002347417840375587
((7,3)(8,2)) 0.007042253521126761
((7,3)(4,9)) 0.002347417840375587
((7,3)(9,4)) 0.004694835680751174
((7,3)(4,4)) 0.009389671361502348
((7,3)(7,2)) 0.002347417840375587
((7,3)(6,5)) 0.002347417840375587
((7,3)(8,3)) 0.002347417840375587
((7,3)(5,7)) 0.002347417840375587
((9,5)(9,5)) 0.7368421052631579
((9,5)(5,7)) 0.05263157894736842
((9,5)(9,6)) 0.05263157894736842
((9,5)(6,8)) 0.05263157894736842
((9,5)(8,5)) 0.05263157894736842
((9,5)(9,4)) 0.05263157894736842
((9,3)(9,3)) 0.8
((9,3)(4,8)) 0.08571428571428572
((9,3)(5,4)) 0.08571428571428572
((9,3)(9,4)) 0.02857142857142857
((9,7)(9,7)) 0.796875
((9,7)(8,6)) 0.015625
((9,7)(6,3)) 0.041666666666666664
((9,7)(9,6)) 0.005208333333333333
((9,7)(4,4)) 0.026041666666666668
((9,7)(3,3)) 0.015625
((9,7)(5,4)) 0.052083333333333336
((9,7)(6,7)) 0.005208333333333333
((9,7)(5,7)) 0.005208333333333333
((9,7)(9,8)) 0.026041666666666668
((9,7)(2,3)) 0.005208333333333333
((9,7)(8,7)) 0.005208333333333333
((7,8)(7,8)) 0.75
((7,8)(5,9)) 0.1
((7,8)(6,8)) 0.05
((7,8)(7,6)) 0.05
((7,8)(5,8)) 0.05
((9,6)(9,6)) 0.6086956521739131
((9,6)(9,7)) 0.043478260869565216
((9,6)(8,6)) 0.043478260869565216
((9,6)(7,4)) 0.043478260869565216
((9,6)(5,4)) 0.043478260869565216
((9,6)(6,6)) 0.043478260869565216
((9,6)(8,7)) 0.08695652173913043
((9,6)(3,1)) 0.043478260869565216
((9,6)(9,5)) 0.043478260869565216
((7,1)(7,1)) 0.5681818181818182
((7,1)(6,3)) 0.20454545454545456
((7,1)(3,3)) 0.022727272727272728
((7,1)(4,3)) 0.045454545454545456
((7,1)(5,3)) 0.045454545454545456
((7,1)(6,2)) 0.022727272727272728
((7,1)(8,0)) 0.06818181818181818
((7,1)(6,1)) 0.022727272727272728
((7,4)(7,4)) 0.7301587301587301
((7,4)(6,5)) 0.015873015873015872
((7,4)(6,4)) 0.047619047619047616
((7,4)(8,4)) 0.015873015873015872
((7,4)(5,6)) 0.047619047619047616
((7,4)(5,5)) 0.09523809523809523
((7,4)(5,4)) 0.031746031746031744
((7,4)(9,3)) 0.015873015873015872
((6,0)(6,0)) 0.7716535433070866
((6,0)(5,3)) 0.11023622047244094
((6,0)(5,0)) 0.023622047244094488
((6,0)(4,3)) 0.023622047244094488
((6,0)(6,1)) 0.015748031496062992
((6,0)(6,3)) 0.03937007874015748
((6,0)(5,1)) 0.007874015748031496
((6,0)(5,4)) 0.007874015748031496
((6,6)(6,6)) 0.8202898550724638
((6,6)(5,4)) 0.014492753623188406
((6,6)(9,6)) 0.002898550724637681
((6,6)(6,5)) 0.034782608695652174
((6,6)(5,3)) 0.043478260869565216
((6,6)(7,6)) 0.005797101449275362
((6,6)(4,4)) 0.008695652173913044
((6,6)(4,6)) 0.002898550724637681
((6,6)(5,6)) 0.005797101449275362
((6,6)(6,7)) 0.008695652173913044
((6,6)(5,5)) 0.011594202898550725
((6,6)(5,7)) 0.005797101449275362
((6,6)(4,3)) 0.020289855072463767
((6,6)(1,2)) 0.002898550724637681
((6,6)(5,8)) 0.005797101449275362
((6,6)(5,2)) 0.002898550724637681
((6,6)(6,4)) 0.002898550724637681
((4,6)(4,6)) 0.6987179487179487
((4,6)(5,6)) 0.00641025641025641
((4,6)(5,4)) 0.03205128205128205
((4,6)(5,3)) 0.03205128205128205
((4,6)(4,5)) 0.03205128205128205
((4,6)(4,4)) 0.019230769230769232
((4,6)(6,9)) 0.03205128205128205
((4,6)(4,7)) 0.03205128205128205
((4,6)(6,6)) 0.00641025641025641
((4,6)(9,4)) 0.00641025641025641
((4,6)(3,6)) 0.00641025641025641
((4,6)(4,3)) 0.038461538461538464
((4,6)(6,7)) 0.00641025641025641
((4,6)(6,8)) 0.00641025641025641
((4,6)(7,4)) 0.00641025641025641
((4,6)(5,5)) 0.00641025641025641
((4,6)(4,9)) 0.00641025641025641
((4,6)(5,7)) 0.019230769230769232
((4,6)(3,3)) 0.00641025641025641
((5,6)(5,6)) 0.6666666666666666
((5,6)(4,5)) 0.007936507936507936
((5,6)(5,3)) 0.031746031746031744
((5,6)(4,9)) 0.047619047619047616
((5,6)(5,5)) 0.047619047619047616
((5,6)(5,4)) 0.09523809523809523
((5,6)(4,4)) 0.007936507936507936
((5,6)(6,5)) 0.015873015873015872
((5,6)(5,8)) 0.031746031746031744
((5,6)(6,6)) 0.023809523809523808
((5,6)(6,7)) 0.007936507936507936
((5,6)(3,3)) 0.007936507936507936
((5,6)(5,7)) 0.007936507936507936
((8,1)(8,1)) 0.7837837837837838
((8,1)(5,3)) 0.02702702702702703
((8,1)(8,0)) 0.05405405405405406
((8,1)(5,4)) 0.02702702702702703
((8,1)(2,2)) 0.05405405405405406
((8,1)(8,2)) 0.05405405405405406
((7,5)(7,5)) 0.625
((7,5)(5,4)) 0.125
((7,5)(4,2)) 0.041666666666666664
((7,5)(9,7)) 0.041666666666666664
((7,5)(8,4)) 0.041666666666666664
((7,5)(6,5)) 0.041666666666666664
((7,5)(6,4)) 0.041666666666666664
((7,5)(8,6)) 0.041666666666666664
((8,7)(8,7)) 0.8901098901098901
((8,7)(6,8)) 0.005494505494505495
((8,7)(9,6)) 0.01098901098901099
((8,7)(7,6)) 0.005494505494505495
((8,7)(3,3)) 0.005494505494505495
((8,7)(5,7)) 0.02197802197802198
((8,7)(7,7)) 0.02197802197802198
((8,7)(6,4)) 0.005494505494505495
((8,7)(8,6)) 0.005494505494505495
((8,7)(4,4)) 0.016483516483516484
((8,7)(5,9)) 0.005494505494505495
((8,7)(8,8)) 0.005494505494505495
((6,8)(6,8)) 0.7333333333333333
((6,8)(5,3)) 0.016666666666666666
((6,8)(5,2)) 0.016666666666666666
((6,8)(5,4)) 0.016666666666666666
((6,8)(6,7)) 0.1
((6,8)(3,6)) 0.05
((6,8)(7,8)) 0.03333333333333333
((6,8)(5,8)) 0.016666666666666666
((6,8)(5,5)) 0.016666666666666666
((5,1)(5,1)) 0.8100358422939068
((5,1)(5,4)) 0.02867383512544803
((5,1)(5,0)) 0.035842293906810034
((5,1)(5,3)) 0.05734767025089606
((5,1)(4,4)) 0.010752688172043012
((5,1)(5,2)) 0.03225806451612903
((5,1)(3,3)) 0.0035842293906810036
((5,1)(6,0)) 0.0035842293906810036
((5,1)(6,3)) 0.007168458781362007
((5,1)(4,3)) 0.0035842293906810036
((5,1)(4,1)) 0.0035842293906810036
((5,1)(6,6)) 0.0035842293906810036
((4,8)(4,8)) 0.7102803738317757
((4,8)(4,4)) 0.028037383177570093
((4,8)(5,7)) 0.08411214953271028
((4,8)(8,2)) 0.037383177570093455
((4,8)(9,3)) 0.028037383177570093
((4,8)(4,9)) 0.056074766355140186
((4,8)(5,4)) 0.009345794392523364
((4,8)(4,5)) 0.009345794392523364
((4,8)(7,9)) 0.009345794392523364
((4,8)(5,9)) 0.018691588785046728
((4,8)(5,8)) 0.009345794392523364
((8,8)(8,8)) 0.7027027027027027
((8,8)(9,8)) 0.1891891891891892
((8,8)(5,4)) 0.10810810810810811
((8,4)(8,4)) 0.8
((8,4)(6,3)) 0.010526315789473684
((8,4)(6,5)) 0.06315789473684211
((8,4)(5,4)) 0.031578947368421054
((8,4)(8,3)) 0.010526315789473684
((8,4)(5,5)) 0.042105263157894736
((8,4)(9,4)) 0.010526315789473684
((8,4)(8,5)) 0.010526315789473684
((8,4)(6,4)) 0.010526315789473684
((8,4)(2,1)) 0.010526315789473684
((6,9)(6,9)) 0.7294117647058823
((6,9)(4,6)) 0.07058823529411765
((6,9)(5,7)) 0.07058823529411765
((6,9)(7,6)) 0.011764705882352941
((6,9)(4,3)) 0.023529411764705882
((6,9)(5,3)) 0.058823529411764705
((6,9)(4,4)) 0.011764705882352941
((6,9)(5,4)) 0.011764705882352941
((6,9)(8,2)) 0.011764705882352941
((9,4)(9,4)) 0.6153846153846154
((9,4)(7,3)) 0.02564102564102564
((9,4)(5,3)) 0.02564102564102564
((9,4)(6,5)) 0.07692307692307693
((9,4)(8,2)) 0.07692307692307693
((9,4)(8,4)) 0.05128205128205128
((9,4)(5,5)) 0.02564102564102564
((9,4)(9,6)) 0.02564102564102564
((9,4)(4,9)) 0.05128205128205128
((9,4)(6,3)) 0.02564102564102564
((0,3)(0,3)) 0.7142857142857143
((0,3)(0,2)) 0.17857142857142858
((0,3)(1,2)) 0.07142857142857142
((0,3)(2,2)) 0.03571428571428571
((0,2)(0,2)) 0.5609756097560976
((0,2)(1,2)) 0.1951219512195122
((0,2)(0,3)) 0.0975609756097561
((0,2)(2,2)) 0.04878048780487805
((0,2)(5,3)) 0.07317073170731707
((0,2)(6,3)) 0.024390243902439025
((9,2)(9,2)) 0.7945205479452054
((9,2)(5,3)) 0.0136986301369863
((9,2)(5,4)) 0.0958904109589041
((9,2)(8,2)) 0.0684931506849315
((9,2)(9,5)) 0.0136986301369863
((9,2)(6,3)) 0.0136986301369863
((8,3)(8,3)) 0.8023255813953488
((8,3)(5,3)) 0.03488372093023256
((8,3)(4,8)) 0.023255813953488372
((8,3)(8,2)) 0.011627906976744186
((8,3)(5,4)) 0.08139534883720931
((8,3)(6,3)) 0.011627906976744186
((8,3)(3,3)) 0.011627906976744186
((8,3)(7,4)) 0.011627906976744186
((8,3)(9,4)) 0.011627906976744186
((8,5)(8,5)) 0.75
((8,5)(8,4)) 0.15
((8,5)(9,5)) 0.05
((8,5)(5,4)) 0.05
((6,7)(6,7)) 0.6333333333333333
((6,7)(3,6)) 0.03333333333333333
((6,7)(6,8)) 0.13333333333333333
((6,7)(9,5)) 0.03333333333333333
((6,7)(8,6)) 0.03333333333333333
((6,7)(6,6)) 0.03333333333333333
((6,7)(5,4)) 0.03333333333333333
((6,7)(5,2)) 0.03333333333333333
((6,7)(5,7)) 0.03333333333333333
((3,9)(3,9)) 0.5
((3,9)(4,9)) 0.5
((10,4)(10,4)) 0.5
((10,4)(6,1)) 0.25
((10,4)(9,4)) 0.25
((7,7)(7,7)) 0.717391304347826
((7,7)(5,7)) 0.021739130434782608
((7,7)(4,4)) 0.021739130434782608
((7,7)(5,4)) 0.06521739130434782
((7,7)(3,3)) 0.021739130434782608
((7,7)(9,8)) 0.06521739130434782
((7,7)(8,7)) 0.06521739130434782
((7,7)(6,5)) 0.021739130434782608
((7,9)(7,9)) 0.6363636363636364
((7,9)(5,4)) 0.18181818181818182
((7,9)(5,5)) 0.09090909090909091
((7,9)(4,8)) 0.09090909090909091
((3,5)(3,5)) 0.6666666666666666
((3,5)(4,5)) 0.16666666666666666
((3,5)(3,4)) 0.16666666666666666
((0,6)(0,6)) 0.5
((0,6)(1,4)) 0.5
