((4,2)(4,2)) 533
((4,2)(3,0)) 8
((3,0)(3,0)) 377
((3,0)(4,2)) 6
((4,2)(4,5)) 2
((4,5)(4,5)) 254
((4,5)(5,3)) 7
((5,3)(5,3)) 2727
((5,3)(4,2)) 44
((1,4)(1,4)) 142
((1,4)(2,3)) 6
((2,3)(2,3)) 731
((2,3)(1,4)) 8
((2,3)(2,4)) 1
((2,4)(2,4)) 9
((2,4)(2,3)) 1
((3,3)(3,3)) 2041
((3,3)(6,4)) 6
((6,4)(6,4)) 581
((6,4)(3,3)) 5
((4,4)(4,4)) 2438
((4,4)(5,2)) 11
((5,2)(5,2)) 699
((5,2)(4,4)) 18
((4,4)(4,9)) 21
((4,9)(4,9)) 337
((4,9)(5,4)) 6
((5,4)(5,4)) 5848
((5,4)(4,4)) 172
((5,3)(4,3)) 130
((4,3)(4,3)) 3042
((4,3)(5,3)) 127
((4,2)(4,0)) 7
((4,0)(4,0)) 532
((4,0)(5,3)) 18
((5,3)(5,2)) 104
((5,2)(4,0)) 2
((4,9)(5,3)) 2
((5,3)(5,4)) 168
((5,4)(5,3)) 157
((5,3)(4,4)) 48
((4,4)(5,4)) 185
((1,3)(1,3)) 159
((1,3)(2,1)) 1
((2,1)(2,1)) 156
((2,1)(2,2)) 8
((2,2)(2,2)) 678
((2,2)(4,3)) 32
((4,3)(2,1)) 4
((2,1)(4,3)) 6
((4,3)(6,3)) 57
((6,3)(6,3)) 1651
((6,3)(3,4)) 1
((3,4)(3,4)) 284
((3,4)(4,3)) 7
((3,2)(3,2)) 336
((3,2)(3,3)) 14
((3,3)(4,3)) 113
((4,3)(5,4)) 93
((5,4)(3,3)) 61
((4,3)(3,3)) 96
((3,3)(5,4)) 44
((5,4)(6,3)) 86
((2,2)(5,4)) 7
((4,4)(2,2)) 25
((2,2)(4,4)) 26
((3,3)(2,1)) 1
((2,1)(3,3)) 1
((3,3)(4,4)) 68
((5,3)(3,2)) 3
((3,3)(3,2)) 24
((3,2)(4,2)) 6
((4,2)(3,3)) 4
((5,3)(6,4)) 13
((6,4)(9,8)) 5
((9,8)(9,8)) 103
((9,8)(5,3)) 1
((4,3)(2,2)) 39
((2,2)(2,1)) 11
((4,3)(4,4)) 115
((4,4)(4,3)) 109
((2,2)(1,3)) 5
((1,3)(1,2)) 27
((1,2)(1,2)) 541
((1,2)(2,1)) 2
((4,4)(3,3)) 47
((3,3)(1,2)) 20
((5,3)(2,2)) 6
((2,2)(1,1)) 9
((1,1)(1,1)) 131
((1,1)(4,3)) 13
((4,3)(1,1)) 14
((6,3)(5,4)) 71
((5,3)(6,5)) 2
((6,5)(6,5)) 394
((5,9)(5,9)) 402
((5,9)(4,7)) 1
((4,7)(4,7)) 140
((4,7)(5,9)) 1
((5,9)(5,8)) 11
((5,8)(5,8)) 233
((5,8)(5,7)) 14
((5,7)(5,7)) 378
((5,7)(5,9)) 15
((5,7)(5,4)) 19
((4,4)(5,7)) 21
((5,9)(5,7)) 6
((5,7)(4,4)) 17
((5,4)(4,3)) 83
((4,3)(4,2)) 75
((4,2)(5,3)) 48
((5,2)(5,3)) 90
((5,3)(5,0)) 19
((5,0)(5,0)) 579
((5,0)(5,3)) 21
((6,3)(5,3)) 99
((5,3)(6,3)) 101
((6,3)(4,3)) 63
((4,4)(5,3)) 58
((4,3)(2,0)) 10
((2,0)(2,0)) 62
((2,0)(4,3)) 8
((3,3)(5,3)) 60
((5,3)(4,1)) 37
((4,1)(4,1)) 417
((4,1)(4,4)) 7
((2,1)(3,1)) 7
((3,1)(3,1)) 307
((3,1)(4,4)) 4
((5,7)(4,9)) 7
((3,6)(3,6)) 261
((4,4)(3,1)) 1
((5,4)(3,1)) 5
((3,1)(3,3)) 4
((3,3)(3,1)) 9
((3,2)(3,1)) 14
((3,1)(2,0)) 7
((2,0)(5,4)) 7
((5,4)(5,5)) 43
((5,5)(5,5)) 491
((6,3)(3,3)) 18
((3,3)(6,3)) 16
((1,1)(1,4)) 1
((2,3)(1,1)) 1
((4,2)(4,3)) 56
((5,4)(1,1)) 2
((4,4)(3,4)) 20
((3,4)(6,2)) 1
((6,2)(6,2)) 278
((6,2)(6,3)) 41
((5,5)(6,3)) 1
((7,6)(7,6)) 51
((7,6)(9,8)) 1
((9,8)(6,3)) 4
((6,3)(6,4)) 55
((9,8)(6,4)) 3
((6,4)(6,3)) 38
((6,3)(9,8)) 2
((3,6)(3,4)) 1
((7,6)(3,3)) 2
((3,3)(7,6)) 2
((3,1)(4,3)) 14
((4,3)(4,1)) 18
((4,1)(4,2)) 23
((4,2)(5,4)) 24
((5,5)(3,2)) 6
((5,4)(2,2)) 5
((3,2)(4,3)) 25
((4,3)(5,5)) 9
((3,2)(5,5)) 6
((5,3)(6,1)) 4
((6,1)(6,1)) 65
((6,1)(2,3)) 1
((2,3)(3,3)) 58
((5,2)(6,3)) 6
((5,4)(8,6)) 15
((8,6)(8,6)) 90
((8,6)(5,4)) 9
((8,6)(6,5)) 6
((6,5)(5,4)) 61
((8,0)(8,0)) 99
((8,0)(6,3)) 2
((5,5)(3,3)) 11
((3,3)(5,5)) 9
((5,3)(5,5)) 13
((5,5)(4,5)) 7
((4,5)(5,5)) 5
((5,5)(5,3)) 12
((4,4)(5,5)) 19
((3,2)(5,4)) 8
((3,2)(4,4)) 5
((4,5)(5,4)) 10
((4,4)(4,5)) 20
((5,4)(6,4)) 66
((6,4)(5,3)) 10
((6,3)(6,2)) 47
((4,3)(6,2)) 9
((6,2)(7,2)) 2
((7,2)(7,2)) 36
((7,2)(8,2)) 1
((8,2)(8,2)) 236
((5,3)(3,3)) 69
((5,3)(3,0)) 10
((1,2)(1,3)) 35
((1,3)(3,3)) 9
((3,3)(2,3)) 50
((2,3)(1,2)) 13
((1,2)(4,3)) 7
((5,9)(5,5)) 4
((5,5)(5,9)) 5
((5,9)(6,1)) 1
((6,1)(6,2)) 2
((6,3)(7,3)) 20
((7,3)(7,3)) 329
((7,3)(6,4)) 6
((1,4)(3,3)) 7
((5,2)(9,5)) 1
((9,5)(9,5)) 14
((9,5)(5,7)) 1
((4,3)(3,2)) 32
((5,4)(1,2)) 7
((5,2)(4,3)) 23
((6,4)(5,4)) 59
((2,2)(3,3)) 23
((5,4)(7,3)) 16
((7,3)(1,2)) 1
((4,4)(6,3)) 37
((6,3)(4,4)) 34
((5,0)(8,0)) 8
((8,0)(5,0)) 7
((4,3)(9,3)) 3
((9,3)(9,3)) 28
((9,7)(9,7)) 153
((9,7)(8,6)) 3
((8,6)(8,0)) 1
((8,0)(5,3)) 1
((3,3)(3,4)) 13
((3,4)(3,3)) 17
((3,4)(2,3)) 2
((5,0)(4,3)) 11
((4,5)(5,2)) 2
((5,2)(5,0)) 10
((5,0)(4,2)) 3
((4,5)(4,4)) 16
((4,9)(5,7)) 7
((5,0)(4,0)) 12
((4,0)(5,0)) 12
((5,0)(3,4)) 1
((5,0)(5,4)) 17
((5,4)(5,0)) 14
((3,2)(2,1)) 2
((2,2)(1,2)) 31
((3,2)(6,3)) 4
((6,3)(3,2)) 2
((7,6)(5,9)) 1
((5,9)(7,8)) 2
((7,8)(7,8)) 15
((7,8)(5,9)) 2
((3,4)(4,4)) 18
((9,7)(6,3)) 8
((6,3)(9,7)) 7
((9,7)(9,6)) 1
((9,6)(9,6)) 14
((9,6)(9,7)) 1
((2,3)(3,4)) 2
((2,3)(4,4)) 31
((4,4)(2,3)) 31
((2,3)(2,2)) 15
((1,3)(2,3)) 15
((4,3)(7,1)) 3
((7,1)(7,1)) 25
((7,1)(6,3)) 9
((6,3)(5,2)) 4
((4,2)(4,4)) 11
((4,4)(4,2)) 2
((9,5)(9,6)) 1
((9,6)(8,6)) 1
((8,6)(9,6)) 1
((9,6)(7,4)) 1
((7,4)(7,4)) 46
((7,4)(6,5)) 1
((5,4)(8,2)) 18
((8,2)(5,4)) 12
((8,2)(3,3)) 4
((3,4)(5,5)) 2
((5,5)(3,4)) 4
((5,5)(4,0)) 2
((4,0)(5,5)) 2
((6,2)(5,3)) 6
((6,2)(4,4)) 4
((4,4)(6,2)) 8
((4,4)(5,0)) 2
((5,3)(2,3)) 4
((3,3)(6,0)) 2
((6,0)(6,0)) 98
((6,0)(5,3)) 14
((8,6)(4,2)) 1
((4,2)(8,6)) 2
((5,4)(4,2)) 23
((5,4)(9,6)) 1
((9,6)(5,4)) 1
((6,6)(6,6)) 283
((6,6)(5,4)) 5
((5,4)(6,6)) 15
((6,6)(9,6)) 1
((9,6)(6,6)) 1
((4,6)(4,6)) 109
((4,6)(5,6)) 1
((5,6)(5,6)) 84
((5,6)(4,5)) 1
((4,5)(5,6)) 1
((5,6)(5,3)) 4
((5,4)(4,6)) 6
((4,6)(5,4)) 5
((5,4)(4,5)) 12
((5,5)(5,4)) 36
((5,4)(6,1)) 1
((6,1)(5,5)) 3
((5,5)(6,1)) 3
((4,7)(3,2)) 2
((3,2)(4,7)) 2
((4,2)(6,2)) 2
((5,2)(8,2)) 1
((8,2)(8,1)) 6
((8,1)(8,1)) 29
((8,1)(5,3)) 1
((5,3)(8,1)) 2
((6,1)(5,2)) 1
((5,2)(6,1)) 2
((6,1)(4,4)) 1
((4,4)(6,1)) 3
((6,1)(5,0)) 2
((5,3)(6,2)) 17
((6,2)(6,1)) 9
((5,4)(2,3)) 26
((2,3)(5,4)) 26
((6,3)(2,3)) 1
((5,2)(2,3)) 4
((5,4)(6,5)) 58
((6,2)(4,3)) 9
((1,2)(2,2)) 23
((3,3)(2,2)) 29
((5,2)(6,2)) 3
((6,2)(5,2)) 2
((5,2)(5,4)) 23
((7,5)(7,5)) 15
((7,5)(5,4)) 3
((6,5)(7,5)) 6
((8,7)(8,7)) 162
((8,7)(6,8)) 1
((6,8)(6,8)) 44
((6,8)(5,3)) 1
((5,3)(5,7)) 9
((5,7)(6,8)) 2
((6,8)(5,2)) 1
((5,2)(5,7)) 2
((6,8)(5,4)) 1
((5,4)(5,2)) 20
((4,3)(5,7)) 4
((4,3)(5,2)) 22
((4,9)(4,4)) 16
((4,9)(4,5)) 9
((4,5)(3,4)) 2
((4,4)(1,4)) 11
((1,4)(4,4)) 7
((3,3)(1,3)) 9
((5,2)(7,3)) 2
((7,3)(4,3)) 5
((7,3)(5,3)) 15
((6,4)(6,5)) 30
((6,5)(6,6)) 5
((6,6)(6,5)) 12
((6,5)(6,4)) 21
((6,4)(6,6)) 3
((5,3)(6,6)) 9
((5,3)(1,2)) 1
((1,3)(1,4)) 1
((4,1)(5,3)) 26
((4,0)(4,1)) 5
((5,3)(4,0)) 21
((4,9)(5,6)) 7
((5,6)(4,9)) 6
((5,6)(5,5)) 6
((5,3)(4,5)) 11
((4,5)(4,6)) 11
((4,6)(5,3)) 5
((4,4)(4,6)) 7
((4,6)(4,5)) 5
((5,9)(4,9)) 13
((4,9)(5,9)) 9
((5,9)(4,4)) 5
((3,3)(5,9)) 2
((3,1)(2,2)) 9
((4,3)(3,1)) 9
((3,0)(3,1)) 15
((3,1)(3,0)) 16
((1,1)(2,2)) 8
((6,6)(5,3)) 15
((1,3)(4,1)) 1
((4,1)(4,3)) 10
((3,1)(2,1)) 5
((2,1)(1,3)) 1
((1,3)(2,2)) 4
((5,2)(5,1)) 8
((5,1)(5,1)) 226
((5,1)(5,4)) 8
((5,5)(4,3)) 5
((4,2)(5,0)) 3
((5,0)(6,3)) 1
((7,3)(6,3)) 17
((4,4)(1,1)) 3
((1,1)(4,2)) 4
((4,2)(1,1)) 3
((5,3)(1,1)) 2
((2,2)(5,3)) 5
((1,2)(2,3)) 12
((2,3)(5,3)) 3
((1,2)(5,4)) 11
((4,6)(4,4)) 3
((6,4)(8,6)) 1
((8,6)(4,8)) 1
((4,8)(4,8)) 76
((4,8)(4,4)) 3
((6,4)(4,4)) 8
((4,4)(4,7)) 9
((4,7)(4,8)) 2
((4,8)(5,7)) 9
((4,4)(6,4)) 10
((9,7)(4,4)) 5
((5,4)(9,7)) 17
((9,7)(3,3)) 3
((9,7)(5,4)) 10
((6,5)(5,3)) 3
((4,0)(6,3)) 1
((3,1)(3,4)) 5
((3,4)(3,1)) 2
((3,4)(3,2)) 1
((3,1)(6,3)) 2
((2,2)(1,4)) 2
((4,2)(6,4)) 1
((6,4)(4,3)) 4
((3,3)(4,9)) 2
((4,9)(4,8)) 6
((5,7)(4,7)) 4
((4,7)(3,6)) 3
((3,6)(4,6)) 3
((2,3)(4,9)) 1
((4,1)(5,2)) 6
((4,1)(3,4)) 2
((3,4)(4,1)) 2
((2,2)(4,0)) 2
((4,3)(5,0)) 8
((5,1)(5,0)) 10
((5,0)(5,1)) 11
((5,1)(5,3)) 16
((5,4)(5,6)) 7
((5,6)(5,4)) 12
((5,6)(4,4)) 1
((3,3)(5,6)) 4
((5,4)(4,1)) 8
((4,1)(5,4)) 8
((8,8)(8,8)) 26
((8,8)(9,8)) 7
((9,8)(8,8)) 10
((9,8)(8,7)) 2
((8,7)(9,6)) 2
((2,3)(1,3)) 13
((5,3)(6,0)) 12
((6,0)(5,0)) 3
((2,2)(2,3)) 13
((5,0)(6,5)) 1
((6,5)(1,4)) 1
((1,4)(3,4)) 2
((3,4)(5,3)) 4
((6,2)(3,3)) 2
((6,5)(8,4)) 3
((8,4)(8,4)) 76
((8,4)(6,3)) 1
((4,3)(5,1)) 4
((5,4)(5,1)) 7
((5,3)(5,1)) 14
((6,9)(6,9)) 62
((6,9)(4,6)) 6
((4,6)(6,9)) 5
((3,3)(7,3)) 11
((7,3)(3,3)) 11
((5,3)(7,3)) 16
((4,3)(7,2)) 6
((7,2)(4,3)) 3
((7,2)(5,3)) 5
((6,5)(4,4)) 10
((5,3)(3,4)) 3
((3,4)(6,3)) 1
((6,3)(9,4)) 1
((9,4)(9,4)) 24
((9,4)(7,3)) 1
((4,0)(4,3)) 5
((4,0)(4,2)) 5
((1,2)(0,3)) 2
((0,3)(0,3)) 20
((0,3)(0,2)) 5
((0,2)(0,2)) 23
((0,2)(1,2)) 8
((2,2)(0,3)) 2
((1,2)(0,2)) 9
((0,2)(0,3)) 4
((0,2)(2,2)) 2
((3,3)(4,1)) 2
((5,4)(1,4)) 1
((5,4)(9,2)) 7
((9,2)(9,2)) 58
((9,2)(5,3)) 1
((7,3)(9,2)) 3
((9,2)(5,4)) 7
((5,0)(5,2)) 5
((6,2)(7,3)) 1
((6,3)(7,4)) 1
((7,4)(6,4)) 3
((4,3)(4,0)) 4
((3,3)(7,1)) 2
((6,3)(7,1)) 8
((7,1)(3,3)) 1
((5,9)(5,4)) 9
((5,4)(5,9)) 9
((7,6)(6,6)) 4
((6,6)(7,6)) 2
((5,7)(5,8)) 6
((5,7)(5,3)) 4
((6,9)(5,7)) 6
((5,7)(7,3)) 3
((7,3)(5,4)) 20
((5,4)(6,9)) 3
((4,9)(7,3)) 2
((5,4)(5,7)) 20
((5,7)(6,9)) 6
((6,4)(2,3)) 3
((5,5)(4,2)) 6
((4,2)(5,5)) 5
((4,3)(1,2)) 6
((1,2)(5,8)) 1
((5,8)(5,5)) 5
((5,5)(1,2)) 1
((3,0)(5,3)) 9
((6,3)(8,2)) 6
((4,3)(6,6)) 6
((6,6)(4,4)) 3
((4,4)(6,6)) 5
((4,6)(4,7)) 5
((5,1)(4,4)) 3
((5,6)(6,5)) 2
((4,7)(4,4)) 7
((4,7)(2,3)) 5
((2,3)(4,7)) 3
((2,3)(4,3)) 11
((4,7)(4,6)) 5
((6,3)(7,2)) 7
((5,3)(4,7)) 3
((5,1)(5,2)) 9
((5,2)(1,1)) 1
((3,1)(4,5)) 2
((4,5)(3,6)) 3
((3,6)(4,9)) 5
((6,5)(4,3)) 12
((4,3)(6,5)) 12
((4,0)(2,2)) 2
((1,2)(4,2)) 2
((4,3)(3,4)) 4
((6,3)(6,0)) 7
((4,2)(6,3)) 4
((4,2)(4,1)) 16
((4,1)(3,1)) 4
((3,1)(4,2)) 2
((6,3)(2,2)) 3
((6,4)(6,9)) 1
((6,9)(7,6)) 1
((7,6)(5,4)) 2
((6,4)(7,6)) 2
((7,6)(7,1)) 1
((5,4)(3,0)) 1
((2,0)(3,0)) 1
((6,4)(8,2)) 5
((8,2)(6,4)) 4
((8,2)(6,3)) 10
((8,4)(6,5)) 6
((5,4)(8,4)) 2
((8,4)(5,4)) 3
((6,4)(5,6)) 1
((9,2)(8,2)) 5
((8,2)(7,3)) 7
((4,5)(2,3)) 1
((3,3)(5,2)) 9
((5,2)(4,1)) 5
((4,1)(1,4)) 1
((1,4)(5,2)) 1
((1,4)(4,7)) 1
((4,7)(5,3)) 3
((6,3)(5,5)) 4
((5,5)(5,6)) 9
((3,3)(0,2)) 4
((0,2)(5,3)) 3
((8,2)(5,3)) 4
((4,1)(2,2)) 3
((2,2)(3,0)) 5
((3,0)(4,1)) 7
((4,1)(3,3)) 5
((2,2)(5,2)) 1
((4,1)(1,2)) 1
((8,2)(9,2)) 4
((4,3)(6,0)) 2
((6,0)(4,3)) 3
((5,4)(6,2)) 3
((6,2)(4,0)) 1
((5,3)(8,3)) 4
((8,3)(8,3)) 69
((8,3)(5,3)) 3
((5,3)(8,4)) 1
((8,4)(8,3)) 1
((1,4)(5,4)) 4
((6,3)(4,5)) 7
((4,5)(6,3)) 7
((1,1)(5,4)) 4
((9,4)(5,3)) 1
((6,5)(4,6)) 1
((4,6)(6,6)) 1
((6,6)(4,6)) 1
((4,6)(9,4)) 1
((6,3)(6,5)) 4
((6,5)(6,3)) 5
((6,5)(5,2)) 1
((5,9)(6,3)) 1
((6,3)(5,9)) 2
((4,3)(2,3)) 9
((6,5)(9,4)) 3
((9,4)(6,5)) 3
((6,5)(2,3)) 2
((2,3)(7,3)) 1
((7,3)(2,3)) 1
((4,4)(8,2)) 6
((8,2)(4,4)) 6
((8,2)(9,4)) 1
((9,4)(8,2)) 3
((5,3)(8,2)) 3
((5,5)(3,1)) 1
((3,1)(5,4)) 1
((5,5)(5,7)) 5
((5,8)(5,9)) 9
((5,7)(5,5)) 6
((5,7)(4,8)) 7
((3,2)(5,3)) 5
((4,3)(9,8)) 1
((9,8)(5,8)) 5
((5,9)(4,3)) 1
((7,1)(4,3)) 2
((4,6)(3,6)) 1
((3,6)(4,4)) 5
((3,4)(5,4)) 6
((8,2)(4,3)) 2
((4,5)(4,7)) 1
((3,6)(4,5)) 1
((3,3)(8,2)) 3
((5,2)(3,3)) 6
((1,2)(3,3)) 10
((8,1)(8,0)) 2
((8,0)(8,2)) 4
((5,4)(8,5)) 3
((8,5)(8,5)) 15
((5,9)(5,0)) 1
((5,0)(4,1)) 3
((4,1)(5,0)) 3
((8,7)(7,6)) 1
((5,4)(8,7)) 2
((8,7)(3,3)) 1
((4,3)(4,6)) 8
((4,6)(4,3)) 6
((5,8)(3,4)) 1
((3,4)(3,6)) 1
((1,3)(5,2)) 1
((5,2)(1,2)) 2
((1,2)(5,2)) 1
((5,4)(3,4)) 7
((6,3)(1,4)) 1
((4,4)(5,9)) 6
((5,9)(7,3)) 2
((5,5)(7,4)) 7
((7,4)(8,4)) 1
((8,4)(5,5)) 4
((2,1)(1,2)) 1
((1,2)(4,4)) 7
((1,2)(2,0)) 1
((2,0)(1,2)) 2
((1,2)(1,1)) 1
((1,1)(2,0)) 1
((4,7)(6,8)) 2
((6,8)(6,7)) 6
((6,7)(6,7)) 19
((6,7)(3,6)) 1
((3,6)(6,8)) 1
((6,7)(6,8)) 4
((6,8)(3,6)) 3
((4,6)(6,7)) 1
((4,6)(6,8)) 1
((3,6)(4,7)) 3
((6,7)(9,5)) 1
((9,5)(6,8)) 1
((6,3)(1,2)) 4
((5,8)(9,7)) 1
((9,7)(6,7)) 1
((6,7)(8,6)) 1
((8,6)(9,7)) 4
((9,7)(5,7)) 1
((5,7)(9,7)) 1
((9,8)(6,5)) 5
((5,4)(9,8)) 14
((4,1)(4,0)) 4
((5,5)(6,5)) 4
((5,5)(8,4)) 2
((5,0)(6,0)) 4
((6,1)(4,3)) 2
((1,1)(4,4)) 4
((1,2)(4,9)) 1
((4,9)(1,2)) 1
((5,9)(5,3)) 5
((5,4)(4,9)) 4
((4,9)(3,0)) 1
((4,1)(3,0)) 6
((3,0)(2,3)) 2
((2,3)(5,9)) 1
((4,9)(6,6)) 1
((6,6)(5,6)) 2
((5,4)(2,0)) 5
((2,3)(4,0)) 2
((4,4)(7,4)) 1
((4,6)(7,4)) 1
((6,6)(6,7)) 3
((6,7)(6,6)) 1
((6,7)(5,4)) 1
((6,7)(5,2)) 1
((7,3)(8,4)) 1
((8,4)(9,4)) 1
((9,4)(8,4)) 2
((6,2)(6,0)) 2
((4,8)(8,2)) 4
((8,2)(8,3)) 3
((8,3)(4,8)) 2
((5,4)(8,3)) 8
((8,3)(8,2)) 1
((8,2)(4,8)) 2
((8,3)(5,4)) 7
((6,1)(5,3)) 4
((6,2)(3,1)) 1
((6,0)(6,1)) 2
((6,1)(6,3)) 4
((7,3)(7,1)) 1
((4,2)(3,1)) 6
((2,1)(5,3)) 2
((2,1)(5,4)) 2
((4,4)(2,1)) 1
((5,3)(2,1)) 1
((3,1)(1,2)) 1
((5,5)(6,6)) 6
((6,6)(5,5)) 4
((5,5)(4,4)) 15
((4,4)(1,2)) 5
((6,4)(1,2)) 2
((5,4)(1,3)) 2
((1,3)(5,4)) 3
((5,3)(1,3)) 1
((7,3)(2,2)) 1
((4,4)(5,6)) 3
((1,3)(6,3)) 1
((1,2)(5,3)) 1
((6,8)(7,8)) 2
((7,8)(6,8)) 1
((5,6)(5,8)) 4
((5,7)(4,3)) 5
((4,0)(4,9)) 1
((3,9)(3,9)) 2
((3,9)(4,9)) 2
((4,3)(4,9)) 2
((10,4)(10,4)) 2
((10,4)(6,1)) 1
((6,1)(9,4)) 1
((9,4)(5,5)) 1
((2,0)(3,1)) 3
((2,0)(4,4)) 1
((2,0)(3,3)) 4
((3,3)(2,0)) 2
((4,3)(3,0)) 3
((3,0)(2,2)) 6
((3,0)(4,4)) 3
((4,4)(3,0)) 3
((4,4)(4,1)) 6
((5,8)(6,8)) 1
((6,8)(5,8)) 1
((5,8)(6,4)) 1
((8,5)(8,4)) 3
((8,4)(8,5)) 1
((8,5)(9,5)) 1
((9,5)(8,5)) 1
((6,3)(6,1)) 3
((5,3)(7,2)) 5
((7,2)(7,3)) 3
((7,2)(5,1)) 2
((6,2)(5,4)) 7
((6,4)(6,2)) 1
((3,3)(4,2)) 7
((7,2)(6,3)) 4
((7,4)(5,6)) 3
((5,4)(7,4)) 3
((6,5)(7,4)) 1
((7,4)(5,5)) 6
((7,4)(5,4)) 2
((4,3)(7,4)) 1
((1,2)(6,3)) 2
((1,2)(7,3)) 1
((3,2)(2,2)) 9
((6,5)(8,6)) 2
((0,3)(1,2)) 2
((0,2)(6,3)) 1
((4,1)(7,3)) 1
((7,3)(4,2)) 1
((5,5)(7,5)) 1
((7,5)(4,2)) 1
((1,4)(4,2)) 1
((4,2)(1,4)) 2
((4,4)(6,5)) 7
((4,4)(8,5)) 1
((4,0)(3,1)) 2
((3,1)(3,2)) 9
((3,2)(2,3)) 4
((7,3)(8,2)) 3
((8,1)(5,4)) 1
((5,8)(1,3)) 1
((5,8)(2,3)) 1
((5,5)(1,3)) 1
((4,2)(7,1)) 1
((1,4)(4,3)) 3
((2,2)(0,2)) 1
((1,2)(3,6)) 1
((1,1)(2,1)) 3
((2,1)(1,1)) 3
((1,1)(1,3)) 1
((8,3)(6,3)) 1
((6,3)(8,3)) 2
((8,3)(3,3)) 1
((8,3)(7,4)) 1
((6,0)(6,3)) 5
((5,4)(3,2)) 3
((5,4)(2,1)) 1
((2,1)(3,2)) 3
((4,2)(2,1)) 1
((5,6)(6,6)) 3
((6,6)(5,7)) 2
((5,7)(6,6)) 2
((3,4)(4,5)) 1
((5,1)(3,3)) 1
((5,9)(7,2)) 1
((6,2)(4,2)) 1
((7,2)(3,2)) 1
((5,8)(6,6)) 1
((5,8)(5,4)) 3
((7,7)(7,7)) 33
((7,7)(5,7)) 1
((5,7)(8,7)) 6
((8,7)(5,7)) 4
((8,7)(7,7)) 4
((7,7)(4,4)) 1
((1,3)(8,7)) 1
((8,7)(6,4)) 1
((2,3)(5,2)) 1
((8,2)(8,0)) 2
((8,2)(6,7)) 1
((6,1)(6,0)) 1
((6,0)(5,1)) 1
((5,1)(6,0)) 1
((4,5)(4,2)) 1
((4,5)(4,3)) 3
((4,3)(4,5)) 2
((9,7)(9,8)) 5
((6,5)(9,7)) 2
((9,8)(5,4)) 4
((7,5)(9,7)) 1
((6,5)(8,7)) 2
((9,6)(8,7)) 2
((8,7)(8,6)) 1
((5,1)(6,3)) 2
((5,4)(7,7)) 3
((7,7)(5,4)) 3
((6,5)(7,7)) 2
((7,3)(4,9)) 1
((4,4)(7,3)) 3
((4,0)(5,4)) 9
((2,2)(3,1)) 8
((4,4)(5,1)) 2
((5,1)(4,3)) 1
((6,2)(9,2)) 1
((5,9)(9,8)) 1
((5,8)(9,8)) 2
((5,4)(4,0)) 4
((5,5)(6,4)) 1
((6,4)(7,3)) 6
((1,4)(2,4)) 4
((2,4)(3,3)) 3
((4,3)(1,4)) 3
((4,3)(6,4)) 3
((6,5)(5,5)) 4
((5,5)(7,3)) 1
((6,3)(4,1)) 1
((4,4)(9,7)) 2
((9,8)(9,7)) 1
((6,2)(6,4)) 2
((5,4)(5,8)) 9
((5,8)(4,4)) 4
((3,1)(5,8)) 1
((5,8)(4,7)) 1
((8,7)(4,4)) 3
((4,4)(8,7)) 1
((7,7)(3,3)) 1
((7,6)(8,7)) 1
((7,2)(6,2)) 1
((2,3)(3,2)) 2
((2,1)(2,3)) 1
((5,4)(9,4)) 1
((7,3)(9,4)) 2
((5,3)(5,6)) 4
((5,6)(6,7)) 1
((6,7)(5,7)) 1
((5,7)(5,6)) 1
((7,1)(5,3)) 2
((6,2)(8,0)) 1
((8,0)(7,1)) 3
((7,7)(9,8)) 3
((9,8)(7,7)) 2
((7,7)(8,7)) 3
((9,8)(7,6)) 2
((7,6)(7,7)) 1
((7,7)(6,5)) 1
((6,6)(4,3)) 7
((6,6)(1,2)) 1
((1,3)(4,3)) 1
((7,3)(4,4)) 4
((3,3)(1,4)) 3
((4,4)(3,6)) 5
((3,2)(1,1)) 1
((1,2)(3,0)) 7
((3,0)(1,2)) 7
((1,3)(3,0)) 1
((2,3)(6,5)) 1
((3,3)(4,7)) 2
((4,7)(5,4)) 2
((6,4)(7,4)) 1
((7,6)(7,8)) 2
((7,8)(7,6)) 1
((4,3)(7,6)) 1
((7,6)(4,3)) 1
((2,3)(6,4)) 2
((9,2)(9,5)) 1
((5,3)(5,9)) 2
((5,7)(3,3)) 1
((3,3)(5,7)) 1
((3,3)(4,5)) 4
((4,5)(3,3)) 3
((4,7)(3,3)) 1
((5,5)(5,8)) 4
((6,6)(5,8)) 2
((8,2)(9,3)) 1
((9,3)(4,8)) 3
((4,8)(9,3)) 3
((4,8)(4,9)) 6
((4,5)(3,2)) 6
((3,2)(4,5)) 4
((2,3)(4,5)) 1
((4,4)(4,8)) 3
((4,4)(5,8)) 3
((4,8)(5,4)) 1
((6,2)(7,1)) 2
((7,1)(6,2)) 1
((4,5)(4,8)) 1
((4,8)(4,5)) 1
((6,4)(8,4)) 1
((8,4)(6,4)) 1
((6,3)(8,4)) 1
((5,3)(8,0)) 1
((5,2)(4,2)) 1
((5,2)(3,2)) 1
((4,2)(3,2)) 2
((2,2)(3,2)) 2
((3,0)(4,3)) 1
((4,0)(3,0)) 1
((3,1)(4,1)) 2
((7,3)(7,2)) 1
((7,2)(5,4)) 2
((9,8)(9,6)) 1
((9,6)(3,1)) 1
((3,1)(9,7)) 1
((5,3)(2,0)) 2
((2,0)(5,3)) 2
((5,4)(6,8)) 1
((6,8)(5,5)) 1
((5,8)(4,3)) 3
((4,3)(5,8)) 2
((4,9)(10,4)) 1
((10,4)(9,4)) 1
((9,4)(9,6)) 1
((8,7)(5,9)) 1
((4,9)(9,4)) 2
((9,4)(4,9)) 2
((1,3)(4,4)) 2
((4,4)(1,3)) 3
((5,3)(7,1)) 2
((8,8)(5,4)) 4
((5,9)(6,6)) 2
((5,7)(4,6)) 2
((4,6)(5,5)) 1
((5,3)(9,2)) 1
((9,2)(6,3)) 1
((8,2)(6,5)) 1
((6,5)(8,2)) 1
((8,2)(7,2)) 1
((6,9)(4,3)) 2
((4,3)(6,9)) 2
((8,6)(3,6)) 4
((3,6)(8,6)) 4
((3,1)(5,3)) 3
((5,3)(3,1)) 2
((4,1)(3,2)) 1
((5,8)(4,8)) 3
((6,3)(3,6)) 1
((3,6)(6,3)) 2
((6,4)(5,8)) 1
((4,5)(4,9)) 5
((5,3)(4,9)) 1
((4,5)(8,2)) 1
((5,3)(3,6)) 1
((4,5)(5,7)) 1
((4,9)(3,9)) 1
((6,9)(5,3)) 5
((5,3)(6,9)) 4
((6,9)(4,4)) 1
((3,1)(2,3)) 1
((5,4)(3,6)) 2
((6,5)(7,9)) 1
((7,9)(7,9)) 7
((7,9)(5,4)) 2
((5,4)(7,9)) 2
((3,4)(7,9)) 1
((7,9)(5,5)) 1
((7,9)(4,8)) 1
((4,8)(7,9)) 1
((7,4)(9,3)) 1
((6,0)(5,4)) 1
((1,3)(3,6)) 1
((8,4)(2,1)) 1
((2,1)(7,3)) 1
((7,3)(6,5)) 1
((7,5)(8,4)) 1
((6,1)(5,7)) 1
((5,7)(6,5)) 1
((4,3)(7,3)) 3
((4,2)(2,2)) 3
((3,3)(5,0)) 1
((5,0)(3,3)) 1
((6,5)(4,2)) 2
((4,2)(5,1)) 1
((5,1)(4,1)) 1
((4,1)(5,1)) 1
((7,1)(8,0)) 3
((6,3)(8,0)) 2
((9,3)(5,4)) 3
((6,4)(5,2)) 4
((2,2)(5,5)) 1
((5,8)(4,5)) 1
((4,7)(4,9)) 1
((5,5)(3,6)) 1
((3,6)(5,5)) 1
((2,1)(4,4)) 1
((1,3)(5,3)) 1
((3,0)(2,1)) 1
((2,2)(6,3)) 2
((4,5)(3,5)) 1
((3,5)(3,5)) 4
((3,5)(4,5)) 1
((4,7)(5,7)) 1
((6,2)(5,0)) 1
((5,7)(3,6)) 1
((5,7)(1,4)) 1
((1,4)(5,7)) 2
((1,2)(3,1)) 1
((6,5)(9,8)) 1
((9,8)(4,3)) 3
((5,8)(6,3)) 1
((2,2)(4,1)) 2
((4,3)(5,6)) 1
((5,6)(3,3)) 1
((4,9)(6,3)) 2
((8,6)(4,4)) 1
((4,9)(4,3)) 3
((6,3)(4,0)) 1
((4,6)(4,9)) 1
((7,3)(8,3)) 1
((8,3)(9,4)) 1
((4,3)(8,3)) 1
((5,7)(3,5)) 1
((3,5)(3,4)) 1
((3,4)(4,2)) 1
((4,2)(5,7)) 2
((3,4)(5,0)) 1
((5,6)(5,7)) 1
((5,7)(9,6)) 1
((9,6)(9,5)) 1
((9,5)(9,4)) 1
((9,4)(6,3)) 1
((5,7)(4,0)) 2
((8,6)(6,3)) 1
((4,1)(5,5)) 1
((5,5)(4,8)) 1
((5,0)(2,2)) 1
((2,2)(5,0)) 1
((5,7)(5,2)) 2
((7,5)(6,5)) 1
((6,3)(4,6)) 1
((3,3)(6,5)) 1
((4,7)(4,3)) 1
((5,4)(4,7)) 2
((8,1)(2,2)) 2
((2,2)(8,1)) 1
((2,2)(8,2)) 1
((8,1)(8,2)) 2
((7,1)(6,1)) 1
((5,4)(7,6)) 1
((7,8)(5,8)) 1
((5,8)(4,9)) 1
((4,5)(6,2)) 1
((3,6)(5,4)) 1
((6,2)(5,1)) 1
((7,5)(6,4)) 1
((6,4)(4,0)) 1
((6,5)(5,0)) 2
((5,0)(6,4)) 1
((6,4)(4,9)) 1
((5,7)(5,1)) 1
((5,1)(6,6)) 1
((6,6)(5,2)) 1
((4,6)(5,7)) 3
((6,6)(6,4)) 1
((5,2)(6,4)) 2
((8,0)(3,6)) 1
((3,6)(8,0)) 1
((6,4)(5,7)) 1
((6,1)(1,4)) 1
((3,3)(6,2)) 2
((4,9)(3,2)) 1
((4,9)(3,3)) 1
((4,8)(5,9)) 2
((5,7)(4,5)) 1
((4,2)(4,6)) 1
((4,6)(3,3)) 1
((3,4)(2,2)) 1
((2,2)(3,4)) 1
((5,4)(6,0)) 1
((2,0)(3,4)) 1
((3,3)(3,0)) 1
((6,3)(3,0)) 1
((5,4)(7,2)) 1
((4,9)(2,3)) 1
((4,9)(3,6)) 1
((8,7)(8,8)) 1
((6,5)(7,6)) 1
((1,4)(0,6)) 1
((0,6)(0,6)) 1
((0,6)(1,4)) 1
((7,5)(8,6)) 1
((9,7)(2,3)) 1
((9,7)(8,7)) 1
((3,2)(6,2)) 1
((6,2)(8,2)) 1
((4,8)(5,8)) 1
((5,2)(2,2)) 1
((2,2)(5,1)) 1
((9,3)(9,4)) 1
((0,3)(2,2)) 1
((6,4)(5,9)) 2
((7,3)(5,7)) 1
((6,9)(5,4)) 1
((5,7)(8,2)) 2
((6,9)(8,2)) 1
((3,0)(5,4)) 1
((2,2)(7,3)) 1
((7,6)(6,5)) 1
((5,8)(1,4)) 1
((1,4)(5,8)) 1
((5,8)(1,2)) 1
((8,5)(5,4)) 1
