(4,2): 0.021
(1,4): 0.015
(3,3): 0.079
(4,4): 0.072
(5,3): 0.109
(4,9): 0.009
(1,3): 0.005
(3,2): 0.019
(2,2): 0.024
(4,3): 0.098
(2,1): 0.009
(5,4): 0.138
(5,9): 0.017
(5,2): 0.029
(5,7): 0.011
(3,6): 0.004
(1,1): 0.007
(7,6): 0.005
(3,1): 0.012
(8,0): 0.004
(5,5): 0.013
(4,5): 0.007
(6,3): 0.051
(5,0): 0.019
(9,7): 0.009
(4,0): 0.017
(2,3): 0.021
(9,5): 0.001
(3,4): 0.005
(6,6): 0.007
(4,6): 0.003
(4,7): 0.005
(6,1): 0.001
(6,2): 0.011
(7,5): 0.002
(8,7): 0.003
(6,4): 0.015
(3,0): 0.006
(1,2): 0.018
(6,5): 0.013
(4,1): 0.015
(8,8): 0.001
(5,1): 0.008
(6,9): 0.005
(8,4): 0.004
(5,6): 0.002
(8,2): 0.006
(9,4): 0.001
(4,8): 0.002
(9,2): 0.002
(5,8): 0.008
(9,8): 0.005
(7,3): 0.009
(6,8): 0.001
(3,9): 0.001
(10,4): 0.001
(2,0): 0.002
(7,4): 0.002
(7,7): 0.003
(7,8): 0.001
(8,3): 0.001
(6,0): 0.002
(8,6): 0.001
(9,3): 0.002
(8,5): 0.001
