(4,2): 0.024
(1,4): 0.014
(6,4): 0.023
(4,4): 0.07
(4,0): 0.019
(5,3): 0.071
(4,3): 0.079
(3,3): 0.049
(6,3): 0.049
(5,2): 0.025
(2,1): 0.007
(1,2): 0.025
(1,1): 0.008
(5,4): 0.128
(3,2): 0.01
(6,5): 0.019
(5,9): 0.02
(5,0): 0.018
(2,2): 0.034
(4,9): 0.013
(3,6): 0.007
(3,1): 0.014
(5,5): 0.021
(3,4): 0.007
(7,6): 0.002
(8,6): 0.003
(8,2): 0.007
(8,0): 0.007
(9,3): 0.003
(2,3): 0.022
(4,5): 0.011
(5,7): 0.011
(9,7): 0.008
(6,2): 0.013
(6,6): 0.011
(6,1): 0.007
(4,7): 0.006
(8,1): 0.001
(4,6): 0.008
(3,0): 0.013
(4,1): 0.018
(5,1): 0.009
(5,6): 0.004
(9,6): 0.001
(6,9): 0.003
(7,3): 0.014
(9,2): 0.003
(7,1): 0.004
(6,0): 0.005
(0,2): 0.001
(8,3): 0.004
(9,4): 0.003
(1,3): 0.007
(8,5): 0.002
(8,7): 0.004
(6,7): 0.002
(9,8): 0.004
(7,4): 0.003
(8,4): 0.003
(7,8): 0.002
(2,0): 0.001
(4,8): 0.003
(7,2): 0.002
(5,8): 0.005
(7,7): 0.002
(9,5): 0.001
(8,8): 0.001
(7,9): 0.001
(2,4): 0.001
