(9,5): 0.007
(3,9): 0.015
(7,7): 0.051
(9,8): 0.054
(10,6): 0.068
(8,18): 0.005
(3,6): 0.004
(6,5): 0.009
(7,6): 0.011
(5,4): 0.013
(8,6): 0.046
(5,3): 0.006
(8,7): 0.017
(10,8): 0.084
(6,4): 0.006
(10,19): 0.002
(11,8): 0.034
(10,5): 0.01
(10,7): 0.021
(9,6): 0.017
(10,14): 0.004
(7,12): 0.004
(10,9): 0.011
(3,3): 0.005
(8,9): 0.003
(14,13): 0.005
(7,3): 0.003
(7,4): 0.002
(9,7): 0.018
(10,18): 0.014
(11,9): 0.009
(11,6): 0.014
(16,1): 0.004
(10,10): 0.007
(9,10): 0.003
(12,6): 0.037
(13,6): 0.003
(10,0): 0.012
(18,14): 0.006
(6,7): 0.013
(10,1): 0.007
(8,0): 0.015
(18,15): 0.001
(4,6): 0.012
(18,10): 0.001
(6,9): 0.001
(13,12): 0.004
(9,12): 0.001
(8,14): 0.003
(12,2): 0.001
(13,5): 0.004
(4,4): 0.007
(14,10): 0.002
(16,14): 0.002
(11,5): 0.004
(12,8): 0.012
(9,18): 0.002
(11,4): 0.008
(4,3): 0.001
(6,2): 0.006
(7,1): 0.003
(2,7): 0.001
(10,4): 0.007
(3,5): 0.01
(9,9): 0.006
(7,9): 0.003
(13,10): 0.01
(6,6): 0.004
(9,2): 0.005
(17,16): 0.001
(11,7): 0.006
(10,3): 0.004
(12,19): 0.005
(4,5): 0.004
(9,4): 0.008
(2,5): 0.005
(6,1): 0.002
(9,14): 0.002
(5,7): 0.005
(6,3): 0.003
(12,7): 0.008
(12,9): 0.003
(17,9): 0.002
(11,12): 0.002
(8,2): 0.004
(4,7): 0.002
(16,4): 0.001
(2,3): 0.002
(19,9): 0.001
(11,14): 0.003
(9,17): 0.002
(5,2): 0.002
(8,1): 0.001
(18,4): 0.002
(11,19): 0.001
(17,15): 0.001
(10,16): 0.008
(3,4): 0.003
(8,12): 0.001
(19,14): 0.002
(18,16): 0.005
(8,8): 0.009
(12,13): 0.002
(16,9): 0.002
(12,4): 0.004
(14,6): 0.007
(12,17): 0.001
(7,19): 0.001
(20,9): 0.001
(5,1): 0.002
(8,19): 0.002
(8,3): 0.003
(13,4): 0.002
(15,9): 0.001
(13,7): 0.003
(8,5): 0.005
(7,5): 0.002
(10,2): 0.002
(8,4): 0.001
(17,4): 0.005
(15,14): 0.002
(14,17): 0.001
(11,10): 0.003
(12,5): 0.001
(9,11): 0.002
(11,3): 0.001
(14,7): 0.001
(14,9): 0.001
(16,6): 0.001
(8,10): 0.002
(5,6): 0.002
(7,0): 0.001
(12,1): 0.001
(11,15): 0.004
(17,13): 0.001
(12,10): 0.001
(13,1): 0.001
(11,2): 0.001
(9,3): 0.003
(19,7): 0.001
(9,0): 0.001
(13,11): 0.001
(10,11): 0.001
(12,11): 0.001
(9,13): 0.001
(7,8): 0.001
(14,15): 0.001
(11,11): 0.002
(19,6): 0.001
(15,6): 0.001
(12,12): 0.001
(17,11): 0.001
