(9,5): 0.01
(3,9): 0.012
(12,8): 0.016
(9,8): 0.054
(8,0): 0.015
(10,6): 0.055
(8,6): 0.044
(6,7): 0.006
(12,6): 0.037
(7,7): 0.032
(10,5): 0.005
(5,3): 0.005
(3,5): 0.018
(3,3): 0.006
(11,8): 0.028
(6,5): 0.005
(13,10): 0.013
(10,19): 0.005
(10,1): 0.008
(9,6): 0.016
(10,9): 0.009
(5,4): 0.014
(8,18): 0.01
(7,13): 0.003
(7,3): 0.001
(10,10): 0.01
(9,4): 0.011
(9,7): 0.007
(10,8): 0.084
(7,8): 0.003
(14,13): 0.002
(7,4): 0.002
(4,5): 0.004
(11,10): 0.006
(6,6): 0.006
(10,18): 0.015
(11,9): 0.007
(17,13): 0.003
(16,4): 0.001
(12,7): 0.001
(8,7): 0.012
(16,1): 0.007
(19,7): 0.001
(5,7): 0.006
(9,10): 0.005
(10,14): 0.003
(13,6): 0.006
(11,6): 0.007
(18,14): 0.007
(4,6): 0.012
(12,4): 0.005
(10,0): 0.009
(13,12): 0.008
(13,3): 0.002
(8,14): 0.005
(17,3): 0.001
(12,2): 0.001
(12,11): 0.003
(4,4): 0.014
(11,4): 0.012
(11,5): 0.003
(12,3): 0.004
(9,1): 0.001
(11,11): 0.005
(8,12): 0.004
(4,3): 0.001
(9,9): 0.005
(6,2): 0.004
(7,1): 0.009
(9,3): 0.006
(10,3): 0.005
(9,13): 0.001
(7,9): 0.003
(12,9): 0.004
(7,6): 0.005
(11,7): 0.002
(10,7): 0.007
(13,8): 0.003
(9,18): 0.001
(10,13): 0.001
(18,12): 0.001
(4,7): 0.001
(13,7): 0.005
(12,19): 0.003
(14,6): 0.008
(8,9): 0.004
(18,4): 0.003
(14,3): 0.001
(15,6): 0.004
(2,5): 0.003
(6,1): 0.003
(9,11): 0.001
(9,14): 0.001
(3,2): 0.001
(12,10): 0.002
(13,0): 0.003
(14,2): 0.003
(17,4): 0.005
(1,5): 0.001
(8,2): 0.004
(9,0): 0.001
(16,7): 0.002
(18,9): 0.002
(12,5): 0.002
(8,4): 0.002
(11,14): 0.004
(3,6): 0.004
(8,1): 0.002
(5,5): 0.002
(17,11): 0.002
(17,15): 0.002
(9,12): 0.003
(3,4): 0.003
(12,15): 0.001
(18,16): 0.004
(9,2): 0.006
(8,8): 0.007
(3,8): 0.002
(14,9): 0.002
(10,15): 0.001
(17,9): 0.003
(13,1): 0.001
(5,6): 0.003
(16,6): 0.002
(5,2): 0.001
(2,6): 0.002
(14,17): 0.002
(9,19): 0.001
(5,1): 0.001
(9,17): 0.003
(14,5): 0.001
(13,4): 0.003
(10,17): 0.002
(7,12): 0.004
(8,5): 0.001
(10,2): 0.001
(6,3): 0.008
(10,4): 0.005
(13,15): 0.001
(19,14): 0.001
(11,2): 0.003
(15,14): 0.002
(11,15): 0.003
(13,5): 0.003
(10,16): 0.003
(17,14): 0.001
(12,13): 0.001
(12,12): 0.002
(3,7): 0.001
(15,8): 0.001
(19,10): 0.001
(8,10): 0.004
(18,7): 0.001
(8,11): 0.001
(7,0): 0.001
(7,2): 0.001
(6,4): 0.003
(12,1): 0.001
(14,4): 0.001
(8,19): 0.001
(16,16): 0.001
(16,5): 0.001
(16,14): 0.001
(14,18): 0.001
(18,6): 0.001
(2,3): 0.001
(15,7): 0.001
(8,3): 0.002
(18,8): 0.001
(11,0): 0.001
(13,11): 0.001
(11,12): 0.002
(14,7): 0.001
(6,9): 0.001
(4,9): 0.001
(10,12): 0.001
(2,4): 0.001
