(14,7): 0.006
(13,9): 0.063
(16,12): 0.017
(16,13): 0.1
(21,10): 0.009
(12,11): 0.024
(17,9): 0.008
(9,10): 0.002
(16,11): 0.027
(16,7): 0.008
(15,9): 0.101
(14,12): 0.031
(13,8): 0.005
(4,7): 0.006
(13,10): 0.008
(16,1): 0.015
(13,12): 0.024
(21,11): 0.001
(15,13): 0.012
(11,10): 0.006
(6,6): 0.005
(15,10): 0.004
(18,12): 0.008
(16,15): 0.007
(12,9): 0.013
(11,19): 0.011
(10,10): 0.019
(13,13): 0.012
(18,29): 0.003
(14,8): 0.003
(15,12): 0.013
(12,8): 0.004
(7,11): 0.005
(18,9): 0.026
(14,4): 0.006
(14,13): 0.009
(12,0): 0.011
(10,5): 0.002
(12,28): 0.002
(14,9): 0.009
(9,8): 0.003
(17,22): 0.002
(16,14): 0.003
(17,13): 0.023
(27,21): 0.003
(7,9): 0.003
(17,18): 0.002
(15,14): 0.005
(26,6): 0.004
(11,11): 0.045
(7,6): 0.004
(9,11): 0.003
(12,21): 0.004
(15,11): 0.011
(8,10): 0.002
(21,9): 0.001
(17,10): 0.008
(13,7): 0.002
(5,13): 0.001
(13,0): 0.004
(3,7): 0.002
(15,17): 0.001
(15,27): 0.011
(3,5): 0.001
(10,1): 0.002
(8,9): 0.001
(16,5): 0.005
(14,11): 0.007
(18,10): 0.011
(18,11): 0.004
(6,10): 0.004
(8,2): 0.001
(11,9): 0.003
(19,15): 0.015
(16,3): 0.003
(20,9): 0.006
(21,13): 0.006
(21,15): 0.002
(4,8): 0.008
(14,15): 0.001
(11,13): 0.003
(7,5): 0.001
(13,11): 0.002
(5,14): 0.002
(16,17): 0.004
(14,10): 0.008
(15,21): 0.002
(20,7): 0.002
(19,11): 0.003
(11,5): 0.001
(24,2): 0.001
(18,13): 0.003
(15,28): 0.001
(18,14): 0.003
(17,4): 0.002
(15,8): 0.007
(16,25): 0.005
(17,12): 0.003
(11,4): 0.002
(8,5): 0.001
(18,16): 0.002
(17,8): 0.003
(4,9): 0.001
(18,19): 0.001
(10,13): 0.001
(7,2): 0.001
(19,10): 0.001
(7,7): 0.003
(12,3): 0.001
(15,6): 0.001
(25,14): 0.001
(11,14): 0.001
(4,5): 0.002
(6,9): 0.002
(21,14): 0.001
(10,11): 0.004
(16,4): 0.003
(16,23): 0.001
(13,2): 0.001
(13,6): 0.001
(9,4): 0.002
(9,7): 0.003
(14,27): 0.002
(22,10): 0.002
(18,1): 0.001
(14,6): 0.001
(16,2): 0.002
(15,15): 0.004
(14,20): 0.001
(24,21): 0.001
(21,20): 0.001
(8,8): 0.001
(19,2): 0.002
(19,3): 0.001
(16,9): 0.001
(16,6): 0.001
(24,14): 0.001
(8,11): 0.001
(16,8): 0.001
(17,11): 0.001
(22,22): 0.001
(12,7): 0.002
(11,8): 0.001
(11,6): 0.001
(17,14): 0.001
(27,24): 0.001
(12,12): 0.001
(20,10): 0.001
(3,10): 0.001
