(14,8): 0.006
(13,9): 0.057
(18,20): 0.003
(18,9): 0.021
(21,10): 0.014
(15,12): 0.006
(16,2): 0.005
(13,12): 0.033
(16,13): 0.125
(6,6): 0.01
(15,9): 0.094
(14,12): 0.055
(4,7): 0.005
(13,10): 0.005
(16,1): 0.015
(18,12): 0.003
(12,0): 0.006
(14,7): 0.005
(12,11): 0.021
(11,19): 0.007
(26,6): 0.003
(16,23): 0.004
(15,13): 0.018
(4,8): 0.008
(11,10): 0.01
(14,13): 0.02
(10,5): 0.002
(11,11): 0.041
(17,15): 0.001
(9,8): 0.004
(10,10): 0.013
(19,15): 0.007
(7,6): 0.012
(13,7): 0.004
(16,11): 0.019
(18,10): 0.016
(17,13): 0.031
(9,11): 0.009
(5,7): 0.001
(12,21): 0.004
(4,9): 0.001
(12,28): 0.007
(25,22): 0.001
(15,8): 0.009
(16,12): 0.017
(17,18): 0.002
(20,5): 0.001
(13,0): 0.005
(9,7): 0.005
(15,17): 0.001
(15,27): 0.01
(12,12): 0.001
(16,6): 0.002
(8,9): 0.002
(14,11): 0.013
(18,11): 0.006
(27,6): 0.001
(15,28): 0.002
(16,10): 0.004
(20,9): 0.003
(21,13): 0.005
(7,11): 0.004
(21,15): 0.002
(11,6): 0.002
(5,14): 0.006
(16,7): 0.007
(7,5): 0.001
(13,14): 0.003
(16,15): 0.007
(15,14): 0.006
(22,4): 0.002
(12,8): 0.001
(20,18): 0.001
(20,7): 0.002
(17,9): 0.009
(15,11): 0.005
(8,10): 0.003
(16,8): 0.003
(13,13): 0.005
(6,10): 0.002
(17,4): 0.002
(10,2): 0.001
(19,11): 0.002
(25,20): 0.001
(11,12): 0.002
(12,16): 0.001
(18,7): 0.001
(25,11): 0.001
(18,16): 0.001
(15,15): 0.006
(17,21): 0.002
(23,11): 0.001
(17,8): 0.002
(18,19): 0.002
(16,25): 0.002
(17,22): 0.001
(18,29): 0.001
(19,16): 0.001
(14,10): 0.006
(13,15): 0.002
(16,9): 0.002
(27,21): 0.002
(12,3): 0.002
(16,5): 0.003
(17,10): 0.002
(10,1): 0.004
(4,5): 0.003
(14,28): 0.001
(12,9): 0.003
(21,25): 0.001
(11,13): 0.002
(23,4): 0.001
(8,7): 0.003
(13,6): 0.002
(6,7): 0.002
(14,27): 0.002
(20,8): 0.001
(12,18): 0.001
(3,7): 0.002
(22,22): 0.001
(17,14): 0.002
(14,9): 0.003
(12,4): 0.003
(13,8): 0.002
(24,11): 0.001
(19,2): 0.003
(16,3): 0.001
(18,14): 0.001
(24,9): 0.001
(12,1): 0.001
(16,14): 0.001
(21,11): 0.001
(11,9): 0.001
(15,10): 0.001
(9,4): 0.002
(15,21): 0.001
(12,7): 0.001
(11,8): 0.001
(10,11): 0.001
(14,14): 0.001
(27,24): 0.001
