((11,14)(11,14)) 152
((11,14)(18,13)) 3
((18,13)(18,13)) 65
((18,13)(11,14)) 3
((18,13)(17,12)) 6
((17,12)(17,12)) 894
((17,12)(18,13)) 8
((11,14)(10,9)) 1
((10,9)(10,9)) 313
((10,9)(10,15)) 1
((10,15)(10,15)) 51
((10,15)(19,17)) 1
((19,17)(19,17)) 611
((19,17)(19,16)) 12
((19,16)(19,16)) 384
((19,16)(19,17)) 17
((17,12)(21,17)) 4
((21,17)(21,17)) 3339
((21,17)(16,9)) 2
((16,9)(16,9)) 69
((16,9)(21,17)) 3
((16,9)(17,12)) 5
((17,12)(17,16)) 2
((17,16)(17,16)) 232
((17,16)(21,17)) 7
((21,17)(22,17)) 61
((22,17)(22,17)) 508
((22,17)(17,12)) 6
((17,12)(16,9)) 8
((25,22)(25,22)) 18
((25,22)(20,18)) 1
((20,18)(20,18)) 49
((20,18)(25,22)) 3
((25,22)(25,23)) 3
((25,23)(25,23)) 22
((25,23)(20,18)) 3
((20,18)(17,12)) 1
((16,36)(16,36)) 6
((16,36)(16,26)) 1
((16,26)(16,26)) 6
((16,26)(16,28)) 1
((16,28)(16,28)) 50
((16,28)(17,25)) 1
((17,25)(17,25)) 7
((17,25)(16,26)) 3
((16,26)(17,25)) 1
((16,26)(18,26)) 1
((18,26)(18,26)) 33
((18,26)(17,25)) 2
((17,25)(17,26)) 1
((17,26)(17,26)) 3
((17,26)(17,25)) 1
((17,25)(18,26)) 1
((19,17)(28,13)) 1
((28,13)(28,13)) 129
((28,13)(34,8)) 3
((34,8)(34,8)) 52
((34,8)(19,17)) 6
((19,17)(20,12)) 12
((20,12)(20,12)) 1645
((20,12)(34,8)) 8
((19,17)(22,17)) 13
((22,17)(28,13)) 4
((19,17)(34,8)) 4
((21,21)(21,21)) 42
((21,21)(20,21)) 2
((20,21)(20,21)) 37
((20,21)(21,16)) 1
((21,16)(21,16)) 364
((21,16)(17,12)) 8
((17,12)(17,11)) 26
((17,11)(17,11)) 63
((17,11)(17,12)) 22
((17,12)(14,14)) 5
((14,14)(14,14)) 199
((14,14)(21,17)) 5
((21,17)(21,21)) 1
((20,21)(23,29)) 6
((23,29)(23,29)) 93
((23,29)(22,29)) 3
((22,29)(22,29)) 8
((22,29)(23,29)) 2
((23,29)(20,21)) 5
((23,29)(21,16)) 1
((21,16)(20,21)) 1
((20,21)(20,18)) 1
((20,18)(7,18)) 1
((7,18)(7,18)) 139
((23,28)(23,28)) 4
((23,28)(23,29)) 4
((23,29)(22,31)) 4
((22,31)(22,31)) 143
((22,31)(23,29)) 8
((23,29)(15,25)) 1
((15,25)(15,25)) 125
((15,25)(23,28)) 1
((22,31)(23,28)) 1
((23,29)(18,35)) 2
((18,35)(18,35)) 48
((18,35)(22,31)) 2
((23,29)(23,28)) 1
((18,35)(18,28)) 1
((18,28)(18,28)) 8
((18,28)(22,31)) 3
((24,17)(24,17)) 306
((24,17)(19,17)) 3
((19,17)(23,16)) 1
((23,16)(23,16)) 46
((23,16)(24,17)) 1
((24,17)(23,16)) 1
((23,16)(19,17)) 1
((19,17)(24,17)) 3
((24,17)(22,18)) 4
((22,18)(22,18)) 55
((22,18)(17,19)) 1
((17,19)(17,19)) 57
((17,19)(15,19)) 2
((15,19)(15,19)) 178
((15,19)(18,16)) 8
((18,16)(18,16)) 459
((18,16)(19,17)) 14
((24,12)(24,12)) 175
((24,12)(16,12)) 5
((16,12)(16,12)) 214
((16,12)(24,12)) 6
((20,12)(17,12)) 39
((17,12)(13,9)) 12
((13,9)(13,9)) 53
((13,9)(6,11)) 1
((6,11)(6,11)) 297
((6,11)(6,12)) 19
((6,12)(6,12)) 142
((6,12)(6,11)) 15
((6,11)(12,5)) 8
((12,5)(12,5)) 164
((12,5)(18,13)) 1
((18,13)(19,16)) 2
((19,16)(14,12)) 1
((14,12)(14,12)) 50
((16,15)(16,15)) 325
((16,15)(7,18)) 1
((7,18)(7,17)) 3
((7,17)(7,17)) 9
((7,17)(17,16)) 2
((21,17)(26,12)) 3
((26,12)(26,12)) 38
((26,12)(25,13)) 1
((25,13)(25,13)) 83
((25,13)(14,15)) 1
((14,15)(14,15)) 430
((14,15)(7,18)) 4
((7,18)(26,12)) 1
((26,12)(36,24)) 1
((36,24)(36,24)) 30
((36,24)(26,12)) 1
((15,15)(15,15)) 228
((15,15)(19,17)) 8
((22,17)(16,21)) 1
((16,21)(16,21)) 81
((16,21)(15,26)) 1
((15,26)(15,26)) 10
((15,26)(14,26)) 1
((14,26)(14,26)) 12
((14,26)(22,18)) 1
((22,18)(21,17)) 3
((21,17)(19,12)) 1
((19,12)(19,12)) 23
((19,12)(22,9)) 1
((22,9)(22,9)) 98
((13,6)(13,6)) 88
((13,6)(13,14)) 2
((13,14)(13,14)) 100
((13,14)(13,6)) 5
((13,6)(13,7)) 1
((13,7)(13,7)) 8
((13,7)(13,6)) 1
((13,6)(17,12)) 5
((17,12)(13,6)) 5
((18,17)(18,17)) 77
((18,17)(17,13)) 1
((17,13)(17,13)) 38
((17,13)(18,17)) 1
((18,17)(19,16)) 3
((19,16)(18,17)) 7
((14,13)(14,13)) 137
((14,13)(24,15)) 2
((24,15)(24,15)) 85
((24,15)(17,17)) 1
((17,17)(17,17)) 5
((17,17)(15,14)) 1
((15,14)(15,14)) 26
((15,14)(17,16)) 1
((17,16)(10,15)) 6
((10,15)(14,13)) 1
((20,11)(20,11)) 130
((20,11)(20,12)) 47
((20,12)(20,11)) 47
((20,11)(14,15)) 1
((14,15)(23,16)) 1
((23,16)(22,16)) 3
((22,16)(22,16)) 113
((22,16)(21,17)) 4
((21,17)(21,18)) 17
((21,18)(21,18)) 62
((21,18)(21,17)) 13
((7,7)(7,7)) 22
((7,7)(18,14)) 7
((18,14)(18,14)) 181
((18,14)(7,7)) 5
((10,9)(10,8)) 5
((10,8)(10,8)) 45
((10,8)(10,9)) 6
((10,9)(15,13)) 2
((15,13)(15,13)) 50
((15,13)(17,11)) 1
((17,11)(11,6)) 1
((11,6)(11,6)) 16
((21,6)(21,6)) 40
((21,6)(20,11)) 1
((20,12)(21,12)) 20
((21,12)(21,12)) 124
((21,12)(20,12)) 17
((20,11)(21,12)) 5
((21,12)(18,15)) 1
((18,15)(18,15)) 30
((18,15)(20,12)) 3
((20,12)(16,15)) 2
((16,15)(17,15)) 7
((17,15)(17,15)) 34
((17,15)(19,16)) 1
((19,16)(21,12)) 2
((21,12)(20,11)) 2
((20,12)(21,1)) 4
((21,1)(21,1)) 125
((14,15)(12,14)) 2
((12,14)(12,14)) 61
((12,14)(13,15)) 1
((13,15)(13,15)) 25
((13,15)(12,14)) 2
((12,14)(16,21)) 1
((16,21)(19,16)) 3
((19,16)(18,16)) 12
((18,16)(12,14)) 1
((21,15)(21,15)) 198
((21,15)(17,12)) 3
((17,12)(21,15)) 5
((21,15)(22,16)) 3
((22,16)(21,15)) 4
((21,15)(24,19)) 1
((24,19)(24,19)) 49
((13,14)(17,12)) 1
((17,12)(14,13)) 2
((14,13)(20,12)) 2
((20,12)(14,14)) 8
((18,16)(19,18)) 8
((19,18)(19,18)) 177
((19,18)(18,16)) 3
((19,18)(21,17)) 8
((21,17)(18,16)) 12
((18,16)(8,13)) 5
((8,13)(8,13)) 258
((21,17)(22,9)) 13
((22,9)(21,17)) 6
((21,17)(6,14)) 1
((6,14)(6,14)) 17
((6,14)(6,11)) 1
((6,11)(21,17)) 3
((8,8)(8,8)) 97
((8,8)(6,7)) 4
((6,7)(6,7)) 38
((6,7)(8,8)) 3
((8,8)(12,5)) 1
((12,5)(13,9)) 5
((13,9)(8,8)) 2
((33,29)(33,29)) 121
((33,29)(32,28)) 9
((32,28)(32,28)) 27
((32,28)(37,18)) 1
((37,18)(37,18)) 13
((37,18)(29,27)) 1
((29,27)(29,27)) 86
((29,27)(18,16)) 1
((18,16)(32,28)) 1
((32,28)(24,17)) 1
((24,17)(27,14)) 1
((27,14)(27,14)) 48
((27,14)(21,17)) 1
((22,17)(24,19)) 1
((24,19)(24,13)) 5
((24,13)(24,13)) 921
((24,13)(22,12)) 8
((22,12)(22,12)) 269
((22,12)(21,17)) 3
((21,17)(24,19)) 4
((24,19)(24,17)) 1
((24,17)(20,12)) 3
((20,12)(17,16)) 9
((17,16)(20,12)) 7
((19,17)(21,0)) 2
((21,0)(21,0)) 32
((21,0)(19,17)) 2
((21,0)(20,12)) 2
((20,12)(19,17)) 9
((19,17)(14,14)) 1
((14,14)(20,12)) 6
((20,12)(21,3)) 6
((21,3)(21,3)) 157
((21,3)(21,0)) 2
((19,17)(17,12)) 8
((28,2)(28,2)) 2
((28,2)(23,10)) 1
((23,10)(23,10)) 1
((23,10)(16,6)) 1
((16,6)(16,6)) 10
((16,6)(17,7)) 1
((17,7)(17,7)) 15
((17,7)(21,1)) 2
((21,1)(17,7)) 1
((14,15)(19,16)) 3
((19,16)(23,13)) 2
((23,13)(23,13)) 20
((23,13)(24,13)) 15
((24,13)(20,12)) 39
((20,12)(23,29)) 4
((23,29)(19,17)) 1
((19,17)(21,17)) 31
((14,15)(22,17)) 1
((22,17)(33,29)) 2
((33,29)(34,31)) 1
((34,31)(34,31)) 25
((34,31)(35,31)) 4
((35,31)(35,31)) 11
((35,31)(22,17)) 1
((22,17)(29,27)) 6
((29,27)(34,31)) 1
((34,31)(14,15)) 2
((14,15)(34,31)) 1
((34,31)(20,17)) 1
((20,17)(20,17)) 224
((20,17)(34,31)) 2
((34,31)(21,17)) 1
((21,17)(34,31)) 1
((17,8)(17,8)) 14
((17,8)(18,9)) 2
((18,9)(18,9)) 94
((18,9)(20,12)) 4
((20,12)(17,8)) 2
((17,8)(18,10)) 2
((18,10)(18,10)) 28
((18,10)(19,12)) 1
((19,12)(20,12)) 7
((20,12)(19,12)) 5
((20,12)(18,9)) 6
((18,9)(17,8)) 2
((22,12)(24,2)) 2
((24,2)(24,2)) 24
((24,2)(21,12)) 1
((21,12)(22,12)) 6
((22,12)(22,13)) 8
((22,13)(22,13)) 80
((22,13)(35,9)) 1
((35,9)(35,9)) 76
((35,9)(24,1)) 1
((24,1)(24,1)) 1
((25,5)(25,5)) 13
((25,5)(24,13)) 2
((24,13)(21,17)) 12
((21,17)(24,27)) 2
((24,27)(24,27)) 59
((24,27)(26,27)) 2
((26,27)(26,27)) 3
((26,27)(37,18)) 1
((37,18)(24,13)) 1
((24,13)(24,17)) 30
((24,17)(24,27)) 1
((26,27)(34,27)) 1
((34,27)(34,27)) 26
((34,27)(24,27)) 1
((24,27)(19,17)) 3
((21,17)(24,13)) 21
((10,2)(10,2)) 45
((10,2)(12,5)) 7
((13,9)(10,2)) 1
((12,5)(13,6)) 4
((13,6)(12,5)) 6
((13,9)(12,5)) 1
((13,9)(13,6)) 2
((18,25)(18,25)) 13
((18,25)(18,14)) 6
((18,14)(18,25)) 5
((18,14)(17,25)) 2
((20,12)(24,13)) 28
((24,13)(21,4)) 1
((21,4)(21,4)) 19
((21,4)(21,17)) 2
((21,17)(20,12)) 44
((24,13)(14,14)) 1
((14,14)(24,12)) 1
((24,12)(20,17)) 3
((20,17)(13,14)) 1
((13,14)(16,15)) 1
((16,15)(27,14)) 1
((27,14)(27,13)) 1
((27,13)(27,13)) 5
((27,13)(25,13)) 1
((25,13)(24,13)) 13
((20,12)(25,12)) 2
((25,12)(25,12)) 13
((25,12)(18,12)) 1
((18,12)(18,12)) 169
((18,12)(14,15)) 1
((14,15)(24,12)) 1
((12,6)(12,6)) 8
((12,6)(18,13)) 1
((18,13)(13,7)) 1
((13,7)(18,25)) 1
((18,25)(19,15)) 1
((19,15)(19,15)) 44
((19,15)(20,16)) 1
((20,16)(20,16)) 133
((20,16)(18,13)) 1
((17,12)(17,9)) 2
((17,9)(17,9)) 27
((17,9)(24,13)) 1
((23,23)(23,23)) 6
((23,23)(19,17)) 1
((20,12)(21,17)) 47
((21,17)(21,16)) 45
((21,16)(6,11)) 1
((6,11)(5,11)) 6
((5,11)(5,11)) 36
((5,11)(15,15)) 1
((15,15)(21,11)) 1
((21,11)(21,11)) 42
((21,11)(20,12)) 8
((20,12)(21,15)) 2
((22,16)(21,16)) 13
((21,16)(21,11)) 2
((21,11)(21,17)) 1
((22,17)(14,15)) 1
((14,15)(18,12)) 1
((18,12)(17,12)) 26
((17,12)(24,13)) 17
((6,7)(10,9)) 3
((10,9)(17,12)) 7
((17,11)(15,11)) 1
((15,11)(15,11)) 22
((15,11)(9,8)) 1
((9,8)(9,8)) 25
((9,8)(8,8)) 1
((20,36)(20,36)) 342
((20,36)(19,17)) 10
((19,17)(20,36)) 10
((20,36)(20,35)) 5
((20,35)(20,35)) 5
((20,35)(20,36)) 5
((20,36)(18,16)) 2
((18,16)(19,16)) 11
((19,16)(17,12)) 4
((17,12)(18,12)) 29
((18,12)(20,12)) 15
((20,12)(20,36)) 3
((20,36)(18,24)) 1
((18,24)(18,24)) 2
((10,2)(18,13)) 1
((18,13)(18,14)) 1
((18,14)(16,12)) 4
((16,12)(16,13)) 9
((16,13)(16,13)) 32
((16,13)(9,3)) 1
((9,3)(9,3)) 5
((9,3)(8,4)) 2
((8,4)(8,4)) 4
((8,4)(6,9)) 1
((6,9)(6,9)) 8
((6,9)(8,4)) 1
((8,4)(9,3)) 1
((9,3)(10,2)) 1
((10,2)(9,3)) 1
((8,4)(6,8)) 1
((6,8)(6,8)) 3
((6,8)(6,10)) 1
((6,10)(6,10)) 10
((6,10)(6,9)) 2
((6,9)(6,8)) 1
((6,8)(6,9)) 1
((6,9)(10,2)) 1
((12,5)(14,2)) 13
((14,2)(14,2)) 130
((14,2)(12,5)) 11
((12,5)(10,2)) 7
((17,12)(20,12)) 35
((20,12)(10,2)) 1
((10,2)(20,12)) 2
((21,17)(17,12)) 9
((17,12)(10,2)) 1
((20,12)(40,18)) 1
((40,18)(40,18)) 7
((40,18)(28,18)) 1
((28,18)(28,18)) 23
((28,18)(10,2)) 1
((24,32)(24,32)) 45
((24,32)(15,25)) 3
((15,25)(16,24)) 4
((16,24)(16,24)) 31
((16,24)(18,28)) 2
((18,28)(24,32)) 2
((16,24)(24,32)) 2
((24,32)(24,31)) 3
((24,31)(24,31)) 9
((24,31)(24,32)) 4
((24,32)(22,31)) 1
((22,31)(18,26)) 1
((18,26)(16,28)) 3
((16,28)(20,33)) 1
((20,33)(20,33)) 3
((20,33)(19,34)) 1
((19,34)(19,34)) 14
((19,34)(24,32)) 1
((24,32)(16,24)) 3
((22,19)(22,19)) 140
((22,19)(21,19)) 2
((21,19)(21,19)) 87
((21,19)(22,17)) 3
((22,17)(22,19)) 4
((22,19)(20,18)) 1
((20,18)(21,16)) 1
((21,16)(20,14)) 2
((20,14)(20,14)) 129
((20,14)(20,12)) 9
((20,12)(19,11)) 4
((19,11)(19,11)) 48
((19,11)(22,17)) 1
((4,10)(4,10)) 87
((4,10)(19,17)) 4
((19,17)(6,11)) 5
((6,11)(4,10)) 14
((19,17)(4,10)) 2
((19,17)(18,12)) 1
((18,12)(17,16)) 1
((17,16)(6,11)) 2
((4,10)(6,11)) 8
((6,11)(8,13)) 7
((8,13)(6,11)) 9
((8,13)(11,14)) 6
((11,14)(8,13)) 4
((37,29)(37,29)) 108
((37,29)(35,31)) 1
((35,31)(37,29)) 1
((37,29)(17,19)) 1
((17,19)(14,17)) 1
((14,17)(14,17)) 54
((14,17)(16,19)) 1
((16,19)(16,19)) 16
((16,19)(17,19)) 2
((17,19)(21,17)) 3
((21,17)(37,29)) 16
((37,29)(36,32)) 3
((36,32)(36,32)) 131
((36,32)(37,29)) 3
((21,17)(14,15)) 23
((14,15)(15,14)) 7
((15,14)(14,15)) 4
((14,15)(21,17)) 21
((21,17)(15,14)) 1
((16,13)(36,32)) 1
((36,32)(20,16)) 1
((20,16)(36,32)) 1
((36,32)(20,12)) 3
((20,12)(22,9)) 8
((22,9)(22,10)) 2
((22,10)(22,10)) 4
((22,10)(22,12)) 1
((25,4)(25,4)) 2
((25,4)(17,2)) 1
((17,2)(17,2)) 26
((17,2)(21,16)) 1
((21,16)(17,2)) 1
((17,2)(14,4)) 1
((14,4)(14,4)) 1
((14,4)(17,2)) 1
((17,2)(19,7)) 1
((19,7)(19,7)) 11
((19,7)(17,2)) 1
((22,13)(22,12)) 8
((22,12)(20,12)) 20
((21,17)(22,13)) 1
((7,10)(7,10)) 39
((7,10)(8,9)) 4
((8,9)(8,9)) 19
((8,9)(6,11)) 2
((6,11)(7,11)) 1
((7,11)(7,11)) 9
((7,11)(7,10)) 1
((8,13)(17,16)) 2
((17,16)(30,13)) 1
((30,13)(30,13)) 92
((30,13)(35,9)) 1
((35,9)(37,21)) 1
((37,21)(37,21)) 6
((37,21)(36,24)) 1
((36,24)(37,15)) 1
((37,15)(37,15)) 10
((37,15)(36,12)) 1
((36,12)(36,12)) 2
((36,12)(35,9)) 1
((35,9)(20,17)) 1
((20,17)(19,17)) 21
((19,17)(8,13)) 8
((8,13)(9,13)) 27
((9,13)(9,13)) 59
((9,13)(8,13)) 17
((8,13)(19,16)) 6
((19,16)(17,16)) 3
((17,16)(8,13)) 1
((9,13)(19,34)) 1
((19,34)(20,31)) 1
((20,31)(20,31)) 1
((20,31)(18,28)) 1
((18,28)(16,28)) 1
((16,28)(15,25)) 1
((16,24)(16,21)) 2
((16,21)(17,20)) 1
((17,20)(17,20)) 4
((17,20)(18,16)) 1
((18,16)(17,16)) 10
((17,16)(16,15)) 2
((16,15)(15,15)) 9
((15,15)(13,14)) 1
((13,14)(8,13)) 2
((20,14)(21,15)) 5
((21,15)(20,14)) 2
((20,14)(18,4)) 6
((18,4)(18,4)) 31
((18,4)(20,14)) 5
((20,14)(19,9)) 1
((19,9)(19,9)) 59
((19,9)(18,4)) 1
((20,14)(18,5)) 1
((18,5)(18,5)) 5
((18,5)(18,4)) 2
((18,4)(19,9)) 3
((19,9)(20,14)) 4
((18,4)(20,12)) 2
((22,17)(21,17)) 58
((24,13)(24,12)) 49
((24,12)(24,13)) 42
((18,9)(17,12)) 2
((16,9)(17,8)) 2
((18,10)(20,12)) 6
((20,12)(24,12)) 7
((20,36)(23,18)) 2
((23,18)(23,18)) 17
((23,18)(24,18)) 2
((24,18)(24,18)) 22
((24,18)(30,10)) 2
((30,10)(30,10)) 5
((30,10)(20,36)) 5
((20,36)(25,17)) 1
((25,17)(25,17)) 7
((25,17)(24,18)) 1
((24,18)(29,17)) 1
((29,17)(29,17)) 1
((29,17)(30,10)) 1
((20,36)(24,18)) 2
((24,18)(20,19)) 2
((20,19)(20,19)) 23
((20,19)(30,10)) 1
((20,36)(19,18)) 1
((19,18)(24,18)) 1
((20,19)(20,36)) 1
((20,36)(18,38)) 2
((18,38)(18,38)) 2
((28,13)(21,17)) 2
((17,11)(18,9)) 1
((18,9)(21,14)) 1
((21,14)(21,14)) 4
((21,14)(21,17)) 1
((21,17)(22,16)) 4
((22,16)(22,15)) 1
((22,15)(22,15)) 21
((16,15)(17,14)) 1
((17,14)(17,14)) 59
((17,14)(18,14)) 11
((18,14)(18,17)) 1
((18,17)(18,16)) 11
((18,16)(16,15)) 10
((16,15)(18,16)) 10
((19,17)(16,15)) 2
((28,6)(28,6)) 4
((28,6)(27,9)) 1
((27,9)(27,9)) 38
((27,9)(29,5)) 1
((29,5)(29,5)) 42
((29,5)(28,6)) 1
((18,13)(19,13)) 10
((19,13)(19,13)) 143
((19,13)(24,8)) 2
((24,8)(24,8)) 41
((24,8)(26,6)) 3
((26,6)(26,6)) 29
((26,6)(19,13)) 2
((19,13)(20,12)) 9
((20,12)(24,8)) 3
((24,8)(18,13)) 1
((24,8)(19,13)) 1
((17,0)(17,0)) 395
((20,12)(18,16)) 4
((18,16)(19,14)) 5
((19,14)(19,14)) 64
((19,14)(20,14)) 2
((20,14)(22,9)) 1
((22,9)(21,3)) 4
((21,3)(21,1)) 9
((21,1)(19,15)) 1
((19,15)(20,14)) 3
((20,14)(21,1)) 2
((21,1)(18,16)) 2
((18,16)(20,14)) 2
((21,1)(20,14)) 1
((20,12)(16,10)) 2
((16,10)(16,10)) 10
((16,10)(17,12)) 1
((17,12)(18,8)) 10
((18,8)(18,8)) 50
((18,8)(20,12)) 6
((5,6)(5,6)) 23
((5,6)(21,16)) 1
((21,16)(16,12)) 1
((16,12)(5,6)) 1
((5,6)(6,8)) 1
((6,8)(5,6)) 1
((5,6)(18,16)) 1
((19,16)(17,37)) 1
((17,37)(17,37)) 17
((17,37)(19,17)) 1
((16,37)(16,37)) 131
((16,37)(19,18)) 4
((19,18)(15,25)) 1
((15,25)(16,37)) 1
((19,18)(16,37)) 6
((16,37)(16,38)) 6
((16,38)(16,38)) 8
((16,38)(19,18)) 1
((19,18)(22,12)) 1
((22,12)(19,18)) 1
((16,37)(16,21)) 5
((16,21)(20,14)) 3
((20,14)(16,21)) 1
((16,21)(16,37)) 7
((20,36)(24,27)) 3
((24,27)(21,17)) 1
((20,12)(14,2)) 6
((14,2)(13,2)) 11
((13,2)(13,2)) 163
((13,2)(13,1)) 4
((13,1)(13,1)) 14
((13,1)(14,2)) 1
((14,2)(18,10)) 1
((20,12)(21,16)) 12
((21,16)(21,17)) 32
((20,12)(18,10)) 2
((18,10)(18,9)) 3
((18,9)(13,2)) 2
((13,1)(13,2)) 4
((13,2)(20,12)) 2
((23,29)(21,33)) 1
((21,33)(21,33)) 250
((21,33)(20,36)) 8
((20,36)(21,20)) 4
((21,20)(21,20)) 157
((21,20)(20,12)) 1
((20,12)(16,4)) 4
((16,4)(16,4)) 30
((16,4)(13,1)) 1
((13,1)(21,17)) 1
((23,29)(20,12)) 2
((14,2)(13,1)) 1
((13,2)(16,4)) 1
((16,4)(20,12)) 8
((13,14)(24,8)) 1
((24,8)(25,8)) 2
((25,8)(25,8)) 22
((25,8)(13,14)) 1
((13,14)(10,9)) 2
((10,9)(13,14)) 1
((13,14)(28,2)) 1
((21,17)(10,2)) 5
((10,2)(21,17)) 5
((25,10)(25,10)) 17
((25,10)(24,13)) 2
((24,13)(25,10)) 6
((25,10)(23,13)) 1
((25,10)(12,5)) 1
((12,5)(15,13)) 1
((15,13)(15,15)) 2
((15,15)(24,13)) 6
((25,10)(15,15)) 1
((17,39)(17,39)) 9
((17,39)(18,16)) 3
((18,16)(17,39)) 3
((18,16)(21,17)) 17
((21,17)(16,37)) 2
((16,37)(18,16)) 2
((18,16)(17,12)) 6
((17,12)(16,37)) 1
((21,17)(19,17)) 33
((19,17)(15,15)) 8
((15,15)(16,15)) 8
((19,13)(17,14)) 1
((17,14)(18,16)) 1
((18,16)(17,14)) 1
((17,14)(17,12)) 1
((17,12)(29,5)) 1
((29,5)(7,18)) 1
((7,18)(15,15)) 1
((15,15)(18,16)) 2
((18,16)(18,14)) 2
((18,14)(17,13)) 2
((21,17)(24,17)) 2
((8,13)(24,13)) 1
((24,13)(25,13)) 12
((25,13)(28,13)) 1
((28,13)(22,17)) 3
((22,17)(19,17)) 7
((19,17)(14,15)) 6
((14,15)(10,14)) 3
((10,14)(10,14)) 30
((10,14)(8,13)) 1
((21,17)(21,19)) 7
((21,19)(20,19)) 2
((20,19)(20,18)) 1
((20,18)(22,17)) 1
((22,17)(19,16)) 3
((26,29)(26,29)) 5
((26,29)(24,27)) 4
((24,27)(26,29)) 4
((14,15)(14,14)) 16
((14,14)(14,15)) 20
((14,15)(6,12)) 2
((6,12)(14,15)) 1
((21,16)(18,16)) 1
((19,16)(20,12)) 2
((14,12)(15,13)) 8
((15,13)(16,12)) 3
((16,12)(17,13)) 4
((17,13)(12,10)) 1
((12,10)(12,10)) 19
((12,10)(16,12)) 1
((26,35)(26,35)) 4
((26,35)(20,36)) 2
((20,36)(21,17)) 10
((29,27)(26,35)) 1
((19,17)(20,16)) 1
((20,16)(20,15)) 9
((20,15)(20,15)) 47
((11,9)(11,9)) 22
((11,9)(17,12)) 2
((17,12)(10,10)) 1
((10,10)(10,10)) 3
((10,10)(17,12)) 1
((10,9)(19,17)) 7
((21,17)(10,9)) 1
((19,17)(10,9)) 2
((8,13)(6,7)) 1
((6,7)(11,9)) 1
((11,9)(8,13)) 2
((9,13)(10,13)) 1
((10,13)(10,13)) 5
((29,27)(22,17)) 2
((21,10)(21,10)) 73
((21,10)(22,9)) 3
((22,9)(22,12)) 6
((20,12)(21,10)) 3
((21,10)(21,9)) 2
((21,9)(21,9)) 9
((21,9)(22,12)) 1
((22,12)(22,9)) 2
((22,9)(21,9)) 4
((21,9)(21,10)) 2
((21,10)(21,11)) 2
((21,11)(22,12)) 2
((22,12)(21,11)) 1
((21,11)(21,10)) 2
((22,12)(21,12)) 11
((20,12)(35,9)) 1
((35,9)(36,24)) 1
((36,24)(35,24)) 2
((35,24)(35,24)) 2
((35,24)(22,9)) 1
((22,12)(21,10)) 1
((22,9)(36,24)) 1
((35,24)(21,10)) 1
((21,17)(26,20)) 14
((26,20)(26,20)) 151
((26,20)(33,19)) 3
((33,19)(33,19)) 32
((33,19)(21,17)) 1
((21,17)(40,18)) 3
((40,18)(21,17)) 3
((8,13)(10,12)) 1
((10,12)(10,12)) 11
((10,12)(12,13)) 1
((12,13)(12,13)) 20
((12,13)(14,13)) 1
((14,13)(20,11)) 1
((20,11)(21,11)) 6
((20,12)(14,13)) 8
((14,13)(10,12)) 4
((10,12)(14,13)) 3
((14,13)(21,11)) 1
((21,11)(20,11)) 6
((14,13)(11,10)) 1
((11,10)(11,10)) 2
((11,10)(9,12)) 1
((9,12)(9,12)) 17
((9,12)(10,12)) 1
((14,13)(15,13)) 3
((15,13)(21,11)) 1
((10,12)(20,13)) 1
((20,13)(20,13)) 9
((20,13)(20,12)) 5
((22,9)(18,16)) 6
((18,16)(22,9)) 2
((22,9)(20,12)) 9
((18,12)(22,9)) 1
((32,12)(32,12)) 70
((32,12)(35,9)) 5
((35,9)(19,34)) 2
((19,34)(18,35)) 4
((22,31)(21,17)) 1
((21,17)(20,17)) 19
((20,17)(32,12)) 1
((35,9)(18,35)) 3
((18,35)(35,9)) 6
((35,9)(32,12)) 6
((32,12)(19,34)) 1
((18,8)(21,3)) 3
((21,3)(21,2)) 5
((21,2)(21,2)) 9
((21,2)(18,9)) 1
((18,9)(17,11)) 2
((17,11)(16,9)) 1
((16,9)(16,10)) 2
((18,11)(18,11)) 30
((18,11)(19,11)) 4
((19,11)(18,11)) 3
((19,11)(20,12)) 4
((26,0)(26,0)) 67
((26,0)(25,5)) 2
((25,5)(24,8)) 3
((24,8)(17,12)) 3
((17,12)(15,8)) 4
((15,8)(15,8)) 14
((15,8)(15,7)) 3
((15,7)(15,7)) 34
((15,7)(14,7)) 7
((14,7)(14,7)) 37
((14,7)(17,12)) 3
((17,12)(26,0)) 4
((14,7)(24,13)) 1
((24,13)(17,12)) 17
((17,12)(15,7)) 2
((14,7)(15,8)) 3
((15,8)(17,12)) 4
((17,12)(16,12)) 23
((16,13)(17,12)) 2
((26,0)(24,8)) 2
((14,7)(15,7)) 2
((15,7)(17,12)) 1
((17,12)(16,15)) 5
((16,15)(17,12)) 1
((17,12)(24,8)) 1
((24,8)(26,0)) 1
((26,0)(21,17)) 2
((21,17)(26,0)) 1
((26,0)(29,3)) 4
((29,3)(29,3)) 7
((29,3)(26,0)) 4
((26,0)(24,7)) 2
((24,7)(24,7)) 31
((24,7)(25,8)) 1
((25,8)(17,12)) 1
((24,13)(26,0)) 7
((20,12)(28,13)) 12
((28,13)(20,12)) 11
((24,13)(28,13)) 12
((28,13)(24,13)) 7
((24,13)(13,2)) 1
((24,12)(22,14)) 1
((22,14)(22,14)) 30
((22,14)(19,16)) 2
((19,16)(22,17)) 5
((22,17)(22,14)) 1
((22,14)(24,13)) 2
((10,9)(8,10)) 5
((8,10)(8,10)) 66
((8,10)(9,10)) 5
((9,10)(9,10)) 22
((9,10)(8,10)) 5
((8,10)(6,10)) 1
((6,10)(6,11)) 2
((6,11)(10,9)) 2
((10,9)(9,9)) 16
((9,9)(9,9)) 62
((9,9)(8,10)) 4
((8,10)(9,9)) 3
((9,9)(10,8)) 2
((10,8)(10,7)) 1
((10,7)(10,7)) 15
((10,7)(11,8)) 1
((11,8)(11,8)) 20
((11,8)(10,8)) 3
((8,10)(11,6)) 1
((11,6)(12,5)) 1
((12,5)(9,9)) 1
((9,9)(6,10)) 1
((6,10)(10,9)) 1
((8,10)(10,9)) 4
((10,9)(6,12)) 1
((6,12)(10,9)) 2
((18,13)(18,12)) 3
((18,12)(17,11)) 2
((17,11)(13,14)) 1
((13,14)(13,15)) 1
((16,15)(16,16)) 3
((16,16)(16,16)) 8
((16,16)(16,15)) 4
((16,15)(16,12)) 1
((16,12)(24,14)) 1
((24,14)(24,14)) 28
((24,14)(16,15)) 1
((16,16)(24,14)) 1
((24,14)(16,16)) 1
((18,11)(21,20)) 1
((21,20)(19,11)) 1
((18,11)(21,21)) 3
((21,21)(18,11)) 2
((22,19)(18,18)) 2
((18,18)(18,18)) 15
((18,18)(14,17)) 1
((14,17)(19,16)) 1
((19,16)(21,17)) 17
((21,17)(18,18)) 1
((18,18)(22,19)) 1
((22,19)(16,23)) 1
((16,23)(16,23)) 2
((16,23)(20,34)) 1
((20,34)(20,34)) 11
((20,34)(22,23)) 1
((22,23)(22,23)) 6
((22,23)(22,19)) 1
((24,27)(21,21)) 5
((21,21)(24,27)) 2
((21,21)(19,16)) 2
((19,16)(21,21)) 1
((21,21)(19,11)) 1
((19,11)(21,17)) 1
((21,21)(24,13)) 1
((24,13)(24,27)) 1
((24,27)(21,18)) 1
((6,11)(18,16)) 10
((18,16)(6,11)) 11
((5,11)(18,16)) 1
((20,16)(19,16)) 11
((19,16)(20,15)) 7
((20,15)(20,16)) 13
((19,16)(20,16)) 1
((19,16)(5,11)) 1
((5,11)(5,12)) 3
((5,12)(5,12)) 27
((5,12)(6,11)) 4
((6,12)(20,16)) 3
((19,16)(5,12)) 1
((5,12)(5,11)) 2
((5,12)(6,12)) 2
((20,15)(19,9)) 1
((19,9)(18,7)) 1
((18,7)(18,7)) 88
((18,7)(18,16)) 3
((19,17)(17,19)) 4
((17,19)(19,17)) 5
((19,17)(18,20)) 2
((18,20)(18,20)) 28
((18,20)(19,17)) 1
((19,17)(16,19)) 1
((16,19)(19,17)) 1
((19,17)(17,18)) 1
((17,18)(17,18)) 16
((17,18)(25,19)) 1
((25,19)(25,19)) 4
((25,19)(21,18)) 1
((21,18)(19,18)) 2
((16,15)(5,11)) 1
((5,11)(20,12)) 1
((6,11)(16,15)) 3
((16,15)(6,11)) 5
((6,12)(5,11)) 1
((5,11)(17,12)) 1
((17,12)(6,11)) 1
((21,17)(6,11)) 3
((6,12)(5,12)) 3
((21,17)(15,15)) 2
((15,15)(21,17)) 7
((26,20)(24,17)) 8
((21,16)(21,15)) 5
((21,15)(21,16)) 11
((21,16)(20,12)) 19
((19,11)(20,11)) 1
((20,11)(19,11)) 1
((14,13)(14,14)) 8
((14,14)(14,13)) 8
((14,13)(24,14)) 1
((24,14)(24,13)) 3
((24,13)(22,16)) 3
((22,16)(19,17)) 2
((16,11)(16,11)) 5
((16,11)(16,12)) 3
((16,12)(17,14)) 2
((17,14)(16,12)) 2
((17,14)(16,11)) 1
((16,11)(15,11)) 1
((15,11)(16,11)) 2
((16,12)(15,11)) 3
((15,11)(14,11)) 1
((14,11)(14,11)) 4
((16,37)(18,35)) 1
((18,35)(16,37)) 1
((16,38)(16,37)) 6
((19,17)(18,26)) 7
((18,26)(20,13)) 1
((20,13)(18,16)) 1
((18,26)(19,17)) 4
((19,17)(20,13)) 1
((20,12)(20,13)) 2
((20,12)(19,14)) 3
((19,14)(19,17)) 5
((18,26)(19,14)) 1
((10,3)(10,3)) 9
((10,3)(12,5)) 3
((12,5)(13,14)) 3
((13,14)(17,16)) 5
((17,16)(10,3)) 3
((10,3)(11,2)) 1
((11,2)(11,2)) 3
((11,2)(10,3)) 1
((22,17)(20,14)) 1
((20,14)(22,19)) 1
((22,19)(17,12)) 2
((17,16)(22,19)) 1
((22,19)(19,16)) 1
((19,17)(22,19)) 2
((22,19)(22,20)) 9
((22,20)(22,20)) 318
((22,20)(36,12)) 1
((36,12)(37,15)) 1
((37,15)(16,24)) 1
((16,24)(13,15)) 1
((13,15)(22,17)) 1
((16,10)(19,5)) 1
((19,5)(19,5)) 15
((19,5)(21,3)) 2
((17,12)(19,15)) 4
((19,15)(18,16)) 3
((18,16)(18,17)) 7
((19,16)(14,15)) 2
((14,15)(22,15)) 3
((22,15)(21,17)) 2
((14,15)(20,12)) 13
((16,37)(20,17)) 6
((20,17)(16,37)) 2
((20,17)(20,16)) 3
((20,16)(18,14)) 1
((18,14)(20,17)) 1
((19,17)(16,38)) 1
((20,17)(16,38)) 1
((20,17)(20,14)) 2
((20,14)(16,37)) 1
((16,37)(19,17)) 4
((22,16)(13,11)) 1
((13,11)(13,11)) 65
((13,11)(13,8)) 3
((13,8)(13,8)) 8
((13,8)(14,12)) 2
((14,12)(13,11)) 2
((13,8)(13,11)) 3
((14,12)(18,16)) 1
((15,3)(15,3)) 22
((15,3)(16,4)) 5
((16,4)(18,9)) 1
((18,9)(17,9)) 8
((17,9)(18,10)) 2
((17,12)(18,9)) 6
((18,9)(16,4)) 1
((16,4)(15,3)) 3
((17,8)(15,3)) 1
((15,3)(20,12)) 2
((17,16)(16,4)) 1
((15,3)(17,7)) 1
((17,7)(18,10)) 1
((19,17)(19,37)) 1
((19,37)(19,37)) 30
((19,37)(20,36)) 5
((20,36)(19,37)) 5
((19,37)(21,17)) 1
((21,17)(23,17)) 1
((23,17)(23,17)) 20
((23,17)(20,12)) 1
((13,14)(13,13)) 2
((13,13)(13,13)) 10
((13,13)(13,14)) 2
((13,14)(12,14)) 7
((26,11)(26,11)) 9
((26,11)(25,12)) 1
((25,12)(25,13)) 10
((25,13)(24,12)) 16
((24,12)(23,12)) 2
((23,12)(23,12)) 39
((23,12)(22,12)) 1
((24,12)(25,13)) 15
((25,13)(25,12)) 9
((25,12)(26,11)) 2
((34,19)(34,19)) 28
((34,19)(26,20)) 1
((26,20)(22,17)) 10
((21,17)(35,20)) 2
((35,20)(35,20)) 10
((35,20)(34,22)) 6
((34,22)(34,22)) 13
((34,22)(34,23)) 6
((34,23)(34,23)) 8
((34,23)(34,22)) 6
((34,22)(33,19)) 2
((33,19)(34,19)) 3
((34,19)(34,23)) 1
((34,22)(35,20)) 1
((34,22)(36,20)) 4
((36,20)(36,20)) 4
((36,20)(35,20)) 3
((24,7)(24,8)) 3
((24,8)(17,16)) 2
((17,16)(18,16)) 10
((18,16)(20,17)) 4
((20,17)(22,8)) 2
((22,8)(22,8)) 46
((22,8)(21,7)) 2
((21,7)(21,7)) 15
((21,7)(22,7)) 2
((22,7)(22,7)) 6
((22,7)(24,7)) 1
((18,16)(24,13)) 5
((24,13)(24,7)) 5
((24,7)(24,13)) 5
((24,13)(23,11)) 2
((23,11)(23,11)) 20
((23,11)(24,7)) 1
((10,16)(10,16)) 10
((10,16)(15,11)) 2
((15,11)(17,12)) 3
((17,12)(15,11)) 3
((13,2)(18,9)) 1
((18,9)(19,6)) 1
((19,6)(19,6)) 1
((19,6)(19,5)) 1
((19,5)(19,7)) 1
((19,7)(17,9)) 1
((29,11)(29,11)) 18
((29,11)(20,12)) 6
((20,12)(29,11)) 6
((22,16)(23,17)) 2
((23,17)(19,11)) 1
((20,12)(22,16)) 2
((23,17)(17,8)) 1
((20,12)(18,8)) 4
((18,8)(17,12)) 6
((17,12)(14,18)) 1
((14,18)(14,18)) 32
((14,18)(14,17)) 4
((14,17)(14,18)) 7
((14,18)(14,14)) 2
((20,12)(19,7)) 1
((19,7)(18,8)) 2
((24,14)(26,13)) 3
((26,13)(26,13)) 5
((26,13)(24,14)) 2
((26,13)(24,15)) 1
((24,15)(22,19)) 1
((21,15)(13,12)) 1
((13,12)(13,12)) 1
((13,12)(21,15)) 1
((21,16)(19,13)) 1
((19,13)(18,13)) 4
((18,13)(21,15)) 1
((21,15)(19,13)) 1
((19,13)(7,7)) 1
((7,7)(17,14)) 1
((17,14)(16,14)) 1
((16,14)(16,14)) 11
((16,14)(15,13)) 1
((15,13)(8,8)) 2
((8,8)(7,6)) 1
((7,6)(7,6)) 11
((27,8)(27,8)) 11
((27,8)(24,13)) 4
((24,13)(21,16)) 4
((21,17)(27,8)) 1
((27,8)(18,12)) 3
((18,12)(13,2)) 1
((13,2)(27,8)) 1
((27,8)(14,2)) 1
((13,2)(18,10)) 1
((18,10)(25,10)) 1
((25,10)(27,8)) 1
((24,13)(23,13)) 5
((24,13)(27,8)) 3
((8,13)(15,15)) 12
((15,15)(22,17)) 2
((22,17)(36,32)) 10
((36,32)(32,28)) 1
((32,28)(36,24)) 1
((36,24)(29,27)) 1
((22,17)(15,15)) 1
((15,15)(14,15)) 49
((14,15)(6,11)) 2
((14,15)(12,15)) 3
((12,15)(12,15)) 34
((12,15)(14,14)) 4
((12,15)(14,15)) 2
((14,14)(12,15)) 2
((12,15)(22,19)) 1
((22,19)(22,17)) 4
((22,17)(23,17)) 10
((23,17)(21,17)) 3
((21,17)(12,15)) 1
((7,18)(16,15)) 3
((15,15)(10,9)) 6
((10,9)(21,15)) 3
((21,15)(10,9)) 3
((9,9)(10,9)) 6
((20,20)(20,20)) 19
((20,20)(20,25)) 6
((20,25)(20,25)) 19
((20,25)(21,17)) 8
((21,17)(31,19)) 5
((31,19)(31,19)) 14
((31,19)(20,20)) 2
((31,19)(28,18)) 3
((28,18)(20,20)) 3
((21,17)(28,18)) 1
((28,18)(21,17)) 1
((21,17)(20,25)) 1
((20,25)(31,19)) 1
((31,19)(25,20)) 2
((25,20)(25,20)) 74
((25,20)(26,20)) 12
((26,20)(21,17)) 7
((21,17)(23,16)) 1
((23,16)(26,20)) 1
((26,20)(25,20)) 18
((25,20)(31,19)) 1
((23,12)(18,12)) 1
((18,12)(19,13)) 2
((19,13)(19,16)) 2
((18,16)(18,13)) 5
((19,13)(21,16)) 1
((17,12)(12,5)) 2
((12,5)(21,16)) 1
((21,16)(13,6)) 2
((13,6)(11,4)) 1
((11,4)(11,4)) 2
((11,4)(21,16)) 1
((12,5)(20,16)) 1
((20,16)(22,16)) 2
((21,16)(22,23)) 1
((16,29)(16,29)) 18
((16,29)(18,16)) 4
((18,16)(16,29)) 3
((16,29)(17,27)) 1
((17,27)(17,27)) 5
((16,13)(16,12)) 6
((16,13)(17,13)) 1
((17,13)(19,18)) 1
((21,17)(16,13)) 1
((9,11)(9,11)) 41
((9,11)(16,8)) 1
((16,8)(16,8)) 2
((16,8)(9,11)) 1
((9,11)(9,9)) 1
((8,10)(6,11)) 5
((6,11)(22,17)) 1
((23,17)(6,11)) 1
((6,11)(9,9)) 3
((10,9)(16,12)) 2
((16,12)(19,12)) 1
((20,12)(10,9)) 6
((9,9)(20,12)) 2
((17,12)(10,9)) 7
((9,9)(14,14)) 2
((10,9)(20,17)) 1
((20,17)(6,11)) 2
((9,9)(9,8)) 4
((9,8)(9,9)) 2
((7,10)(15,15)) 5
((15,15)(27,14)) 6
((27,14)(6,11)) 1
((6,11)(7,10)) 2
((7,10)(27,14)) 1
((27,14)(15,15)) 5
((15,15)(7,10)) 4
((7,10)(7,9)) 4
((7,9)(7,9)) 5
((7,9)(7,10)) 5
((7,10)(28,13)) 1
((28,13)(27,14)) 2
((27,14)(6,10)) 1
((6,10)(7,10)) 1
((7,10)(6,9)) 1
((20,12)(24,17)) 5
((24,17)(27,23)) 1
((27,23)(27,23)) 5
((27,23)(20,12)) 1
((21,17)(33,25)) 1
((33,25)(33,25)) 1
((33,25)(32,25)) 1
((32,25)(32,25)) 3
((32,25)(21,17)) 1
((20,12)(17,0)) 8
((17,0)(20,12)) 13
((22,17)(22,16)) 2
((13,2)(14,2)) 6
((14,2)(13,3)) 2
((13,3)(13,3)) 80
((13,3)(13,2)) 7
((13,2)(13,3)) 9
((13,3)(10,9)) 6
((10,9)(17,16)) 6
((6,11)(14,2)) 8
((19,16)(18,14)) 4
((18,14)(18,12)) 2
((18,12)(18,10)) 2
((18,10)(14,2)) 1
((17,16)(10,9)) 1
((10,9)(13,3)) 3
((13,2)(13,6)) 1
((13,6)(13,2)) 2
((32,25)(16,12)) 1
((16,12)(26,20)) 3
((26,20)(31,23)) 4
((31,23)(31,23)) 10
((31,23)(17,11)) 1
((17,11)(16,11)) 1
((31,23)(26,20)) 4
((26,20)(16,12)) 1
((26,20)(17,12)) 1
((18,13)(27,21)) 1
((27,21)(27,21)) 7
((24,14)(18,17)) 1
((18,17)(22,17)) 2
((22,17)(36,8)) 3
((36,8)(36,8)) 49
((36,8)(15,15)) 1
((18,3)(18,3)) 9
((18,3)(17,2)) 4
((17,2)(18,3)) 2
((17,2)(17,0)) 3
((17,0)(18,3)) 1
((27,25)(27,25)) 3
((27,25)(24,17)) 1
((24,17)(18,16)) 3
((18,16)(27,25)) 1
((27,25)(18,16)) 1
((18,16)(19,13)) 2
((19,13)(17,12)) 1
((19,13)(17,16)) 1
((7,18)(14,15)) 4
((14,15)(13,14)) 1
((13,14)(21,17)) 3
((17,12)(13,14)) 2
((21,17)(22,19)) 9
((22,19)(37,29)) 1
((37,29)(21,17)) 10
((22,19)(21,18)) 3
((21,18)(20,16)) 1
((18,12)(21,15)) 1
((21,15)(21,17)) 13
((14,15)(7,15)) 2
((7,15)(7,15)) 9
((7,15)(13,15)) 1
((13,15)(8,13)) 1
((15,15)(23,24)) 1
((23,24)(23,24)) 47
((23,24)(14,15)) 1
((14,15)(8,13)) 12
((15,15)(22,30)) 1
((22,30)(22,30)) 31
((22,30)(21,33)) 2
((21,33)(21,34)) 1
((21,34)(21,34)) 4
((21,34)(13,15)) 1
((13,15)(7,15)) 1
((7,15)(8,13)) 2
((15,15)(21,20)) 3
((21,20)(23,24)) 3
((23,24)(24,27)) 2
((24,27)(22,30)) 3
((22,30)(15,15)) 2
((19,17)(23,24)) 3
((23,24)(21,34)) 1
((21,34)(28,34)) 1
((28,34)(28,34)) 25
((16,15)(20,18)) 1
((20,18)(16,15)) 1
((16,15)(19,17)) 1
((2,11)(2,11)) 11
((2,11)(4,10)) 4
((6,11)(8,11)) 6
((8,11)(8,11)) 19
((8,11)(6,11)) 5
((4,10)(2,11)) 6
((8,11)(2,11)) 1
((2,11)(6,11)) 2
((8,5)(8,5)) 18
((8,5)(7,6)) 5
((7,6)(5,6)) 1
((5,6)(8,5)) 1
((7,6)(8,8)) 2
((6,7)(8,5)) 2
((8,8)(8,5)) 1
((7,6)(6,7)) 2
((6,7)(7,6)) 1
((21,17)(19,13)) 4
((19,13)(21,17)) 6
((20,17)(21,17)) 18
((22,17)(24,14)) 5
((24,14)(22,18)) 3
((22,18)(22,17)) 12
((22,17)(22,18)) 9
((24,15)(19,17)) 2
((19,17)(24,15)) 1
((24,15)(24,13)) 5
((34,8)(24,15)) 1
((24,15)(21,17)) 3
((21,17)(28,13)) 1
((22,20)(17,16)) 2
((17,16)(15,15)) 2
((14,15)(17,16)) 4
((17,16)(22,20)) 2
((22,20)(21,17)) 2
((17,16)(21,19)) 1
((21,19)(22,20)) 2
((22,20)(26,19)) 1
((26,19)(26,19)) 7
((26,19)(22,20)) 1
((16,9)(18,7)) 7
((18,7)(17,0)) 5
((17,0)(18,7)) 5
((18,7)(16,9)) 7
((17,0)(16,0)) 10
((16,0)(16,0)) 75
((16,0)(17,0)) 11
((20,10)(20,10)) 11
((20,10)(19,13)) 1
((20,12)(20,10)) 3
((20,10)(20,12)) 4
((20,12)(19,13)) 6
((26,0)(24,13)) 6
((17,12)(25,10)) 1
((25,10)(26,0)) 1
((26,0)(21,1)) 1
((21,1)(20,12)) 3
((24,8)(24,13)) 5
((20,12)(26,0)) 2
((26,0)(16,12)) 1
((16,12)(24,13)) 4
((20,17)(11,6)) 1
((11,6)(20,17)) 1
((20,17)(12,9)) 1
((12,9)(12,9)) 6
((12,9)(18,16)) 1
((18,16)(11,9)) 1
((11,9)(11,6)) 1
((11,6)(10,3)) 1
((10,3)(11,3)) 1
((11,3)(11,3)) 2
((11,3)(10,3)) 1
((10,3)(12,9)) 1
((24,18)(16,15)) 1
((15,15)(8,13)) 5
((21,17)(24,18)) 2
((24,18)(24,17)) 5
((24,17)(8,13)) 2
((9,13)(11,14)) 1
((11,14)(21,17)) 8
((22,17)(24,17)) 5
((24,17)(24,18)) 2
((24,17)(22,17)) 5
((21,17)(11,14)) 3
((22,18)(24,18)) 2
((20,12)(15,25)) 1
((15,25)(19,11)) 1
((20,36)(23,37)) 7
((23,37)(23,37)) 20
((23,37)(20,36)) 6
((17,0)(17,2)) 2
((23,17)(17,12)) 1
((18,9)(17,0)) 1
((18,8)(21,17)) 2
((21,17)(17,0)) 3
((19,17)(6,12)) 5
((6,12)(18,15)) 1
((18,15)(21,17)) 2
((16,12)(19,16)) 5
((21,12)(16,12)) 4
((20,12)(31,10)) 6
((31,10)(31,10)) 10
((31,10)(20,12)) 5
((31,10)(20,11)) 1
((31,10)(17,12)) 2
((17,12)(22,3)) 1
((22,3)(22,3)) 4
((22,3)(20,12)) 1
((20,12)(33,12)) 2
((33,12)(33,12)) 12
((20,12)(18,14)) 4
((17,13)(21,1)) 1
((21,1)(19,0)) 1
((19,0)(19,0)) 1
((22,18)(20,19)) 6
((20,19)(22,18)) 6
((6,12)(8,13)) 6
((8,13)(10,2)) 1
((10,2)(11,9)) 1
((19,5)(20,14)) 1
((20,14)(20,15)) 3
((20,15)(19,5)) 1
((19,5)(35,14)) 1
((35,14)(35,14)) 1
((35,14)(39,13)) 1
((39,13)(39,13)) 1
((24,13)(19,13)) 1
((18,14)(19,15)) 1
((19,15)(19,2)) 1
((19,2)(19,2)) 7
((19,2)(17,12)) 1
((17,12)(11,8)) 1
((11,8)(10,9)) 4
((17,12)(19,2)) 1
((19,2)(21,17)) 1
((21,17)(16,12)) 3
((16,12)(17,12)) 21
((24,13)(29,13)) 1
((29,13)(29,13)) 19
((22,27)(22,27)) 10
((22,27)(21,17)) 4
((21,17)(14,14)) 6
((21,17)(22,27)) 3
((22,27)(23,29)) 2
((23,29)(20,18)) 1
((20,18)(22,27)) 1
((14,14)(19,16)) 3
((35,9)(17,16)) 6
((10,15)(34,9)) 1
((34,9)(34,9)) 38
((34,9)(35,9)) 14
((10,15)(35,9)) 1
((35,9)(34,9)) 7
((10,15)(17,16)) 5
((21,17)(35,9)) 8
((35,9)(34,10)) 4
((34,10)(34,10)) 4
((34,10)(34,9)) 4
((35,9)(10,15)) 1
((17,16)(35,9)) 3
((35,9)(21,17)) 4
((23,9)(23,9)) 31
((23,9)(22,11)) 6
((22,11)(22,11)) 44
((22,11)(22,12)) 5
((20,12)(22,12)) 14
((22,12)(23,9)) 6
((23,9)(22,12)) 3
((15,25)(15,26)) 2
((15,26)(15,25)) 3
((15,25)(14,18)) 1
((17,19)(19,16)) 4
((19,16)(25,13)) 1
((25,13)(19,16)) 1
((21,16)(25,13)) 2
((25,13)(19,17)) 1
((28,13)(26,15)) 4
((26,15)(26,15)) 45
((26,15)(25,18)) 2
((25,18)(25,18)) 5
((25,18)(24,19)) 2
((24,19)(26,16)) 1
((26,16)(26,16)) 3
((26,16)(26,15)) 1
((26,15)(28,13)) 4
((21,18)(14,18)) 1
((14,18)(21,17)) 1
((21,17)(17,14)) 2
((17,14)(21,17)) 3
((21,17)(20,11)) 5
((23,8)(23,8)) 15
((23,8)(22,12)) 4
((22,13)(21,13)) 3
((21,13)(21,13)) 6
((21,13)(23,8)) 1
((22,12)(24,13)) 8
((24,13)(24,16)) 4
((24,16)(24,16)) 28
((24,16)(36,8)) 1
((36,8)(24,13)) 1
((24,13)(22,9)) 1
((22,9)(23,8)) 1
((22,20)(20,39)) 3
((20,39)(20,39)) 19
((20,39)(20,37)) 1
((20,37)(20,37)) 4
((20,37)(20,39)) 1
((20,39)(20,36)) 2
((20,36)(22,20)) 4
((22,20)(17,12)) 4
((17,12)(22,20)) 3
((22,20)(20,38)) 2
((20,38)(20,38)) 32
((20,38)(20,37)) 2
((20,37)(20,38)) 2
((20,38)(20,36)) 3
((20,36)(25,23)) 1
((25,23)(22,20)) 1
((20,39)(26,24)) 1
((26,24)(26,24)) 39
((26,24)(22,20)) 4
((22,20)(20,37)) 1
((20,36)(20,18)) 1
((20,18)(20,12)) 1
((23,29)(31,28)) 3
((31,28)(31,28)) 45
((31,28)(22,31)) 2
((22,31)(31,28)) 1
((31,28)(21,17)) 2
((22,8)(8,13)) 2
((8,13)(17,12)) 1
((20,12)(22,8)) 10
((22,8)(21,8)) 13
((21,8)(21,8)) 86
((21,8)(22,8)) 11
((8,13)(20,12)) 2
((22,8)(20,12)) 3
((20,12)(15,15)) 7
((15,15)(8,15)) 1
((8,15)(8,15)) 7
((8,15)(20,12)) 2
((14,15)(14,13)) 3
((14,13)(19,17)) 1
((24,13)(20,17)) 4
((20,17)(19,18)) 5
((19,18)(20,17)) 5
((20,17)(24,13)) 10
((24,12)(29,5)) 4
((29,5)(28,7)) 3
((28,7)(28,7)) 11
((28,7)(24,12)) 2
((19,18)(21,16)) 1
((21,16)(34,8)) 1
((34,8)(34,6)) 3
((34,6)(34,6)) 23
((34,6)(32,3)) 1
((32,3)(32,3)) 52
((32,3)(24,12)) 2
((24,13)(19,18)) 1
((29,5)(19,16)) 3
((19,16)(17,15)) 1
((17,15)(18,16)) 2
((10,9)(20,14)) 1
((20,14)(21,17)) 10
((14,13)(22,12)) 2
((22,12)(15,13)) 3
((15,13)(17,16)) 1
((17,16)(15,14)) 1
((15,14)(15,15)) 6
((15,15)(14,13)) 1
((14,13)(18,12)) 1
((17,12)(19,12)) 4
((20,12)(21,18)) 1
((21,18)(17,12)) 1
((24,13)(21,3)) 1
((21,3)(17,12)) 5
((17,12)(21,16)) 9
((35,8)(35,8)) 18
((35,8)(36,8)) 4
((36,8)(35,8)) 4
((35,8)(34,8)) 1
((34,8)(32,3)) 1
((32,3)(34,8)) 1
((13,14)(15,19)) 7
((15,19)(12,14)) 3
((12,14)(14,17)) 1
((14,17)(13,14)) 1
((15,19)(14,17)) 3
((14,17)(15,19)) 5
((15,19)(17,19)) 3
((17,19)(16,19)) 2
((16,19)(14,17)) 1
((15,19)(20,12)) 1
((20,12)(15,19)) 1
((36,29)(36,29)) 3
((36,29)(37,29)) 1
((21,17)(17,16)) 4
((17,16)(7,18)) 10
((7,18)(17,16)) 7
((37,29)(26,20)) 1
((23,17)(22,17)) 2
((19,16)(26,20)) 2
((26,20)(37,29)) 3
((18,12)(18,13)) 3
((30,18)(30,18)) 4
((30,18)(26,20)) 1
((25,20)(18,13)) 1
((18,13)(30,18)) 1
((30,18)(28,18)) 2
((28,18)(25,20)) 2
((25,20)(30,18)) 1
((25,20)(28,18)) 1
((28,18)(26,20)) 1
((17,16)(19,13)) 1
((19,13)(20,15)) 2
((20,15)(19,15)) 1
((19,15)(19,16)) 2
((16,15)(21,16)) 2
((21,16)(20,16)) 3
((20,16)(21,16)) 1
((21,16)(24,15)) 1
((24,15)(23,12)) 1
((23,12)(7,18)) 1
((26,20)(18,11)) 2
((18,11)(31,23)) 1
((18,11)(17,12)) 2
((24,17)(26,20)) 9
((18,16)(18,20)) 1
((18,20)(21,16)) 3
((21,16)(18,20)) 2
((18,20)(17,12)) 2
((17,11)(19,18)) 1
((19,18)(18,14)) 1
((18,14)(18,20)) 1
((18,20)(19,18)) 1
((19,18)(20,18)) 1
((20,18)(18,20)) 1
((21,3)(21,16)) 3
((21,16)(19,16)) 3
((19,16)(21,16)) 1
((21,16)(22,8)) 1
((22,8)(21,16)) 1
((22,17)(22,31)) 1
((22,31)(22,13)) 1
((22,12)(18,12)) 1
((14,13)(21,33)) 1
((32,28)(24,13)) 1
((19,17)(21,18)) 2
((14,15)(16,15)) 14
((16,15)(14,15)) 12
((14,15)(15,15)) 39
((16,15)(21,17)) 9
((20,36)(18,35)) 2
((18,35)(16,36)) 1
((16,36)(20,36)) 1
((22,20)(20,36)) 1
((21,16)(20,36)) 2
((22,20)(21,20)) 6
((21,20)(20,36)) 5
((21,17)(20,36)) 5
((20,12)(13,2)) 1
((38,28)(38,28)) 22
((38,28)(26,20)) 2
((26,20)(20,16)) 4
((20,16)(21,17)) 5
((26,20)(36,32)) 5
((36,32)(38,28)) 4
((38,28)(36,32)) 4
((36,32)(26,20)) 3
((37,29)(38,28)) 3
((21,17)(20,18)) 4
((20,18)(21,17)) 6
((21,17)(15,16)) 2
((15,16)(15,16)) 3
((15,16)(12,13)) 2
((12,13)(11,13)) 7
((11,13)(11,13)) 7
((11,13)(8,11)) 7
((8,11)(7,11)) 8
((7,11)(21,17)) 6
((21,17)(12,13)) 5
((12,13)(8,11)) 1
((7,11)(12,13)) 1
((24,13)(19,17)) 9
((19,17)(21,15)) 3
((21,15)(24,13)) 3
((24,13)(20,15)) 1
((20,15)(22,12)) 1
((22,12)(23,11)) 1
((23,11)(16,24)) 1
((16,24)(15,17)) 1
((15,17)(15,17)) 6
((15,17)(18,18)) 1
((18,18)(19,18)) 1
((24,27)(22,31)) 3
((22,31)(24,27)) 3
((30,28)(30,28)) 12
((30,28)(21,17)) 2
((21,17)(30,28)) 4
((19,17)(20,17)) 13
((30,28)(20,17)) 2
((30,28)(27,23)) 1
((27,23)(30,28)) 1
((24,13)(18,12)) 2
((23,6)(23,6)) 9
((23,6)(21,12)) 2
((21,12)(22,7)) 1
((22,7)(23,6)) 1
((21,12)(21,11)) 2
((21,11)(22,9)) 1
((22,9)(21,12)) 1
((16,15)(19,14)) 1
((19,14)(17,12)) 4
((18,9)(18,16)) 1
((10,9)(14,14)) 2
((14,14)(14,18)) 2
((15,19)(14,14)) 4
((22,13)(21,16)) 3
((21,16)(22,13)) 3
((22,13)(23,13)) 2
((17,12)(22,13)) 1
((22,20)(19,11)) 2
((19,11)(22,20)) 2
((22,20)(20,11)) 1
((20,11)(22,20)) 1
((17,12)(22,31)) 2
((22,31)(22,9)) 1
((21,9)(17,12)) 1
((17,12)(22,9)) 1
((20,12)(33,9)) 1
((33,9)(33,9)) 1
((33,9)(20,12)) 1
((22,31)(15,15)) 5
((15,15)(22,31)) 4
((22,31)(22,33)) 1
((22,33)(22,33)) 1
((22,33)(22,31)) 1
((16,12)(37,18)) 1
((17,16)(25,8)) 3
((25,8)(17,16)) 2
((25,8)(20,12)) 1
((20,12)(25,8)) 1
((17,12)(19,16)) 2
((18,13)(22,13)) 1
((22,13)(20,12)) 1
((8,10)(12,4)) 5
((12,4)(12,4)) 15
((12,4)(8,10)) 5
((12,4)(14,2)) 1
((14,2)(8,10)) 1
((19,14)(21,11)) 1
((21,11)(18,16)) 1
((18,16)(21,11)) 1
((21,11)(6,11)) 1
((6,11)(19,14)) 2
((19,14)(18,16)) 3
((6,11)(14,15)) 2
((14,15)(18,16)) 4
((12,10)(13,11)) 6
((13,11)(12,11)) 2
((12,11)(12,11)) 6
((12,11)(12,10)) 1
((13,11)(13,14)) 4
((13,14)(22,17)) 3
((22,11)(21,15)) 4
((21,15)(22,11)) 5
((22,11)(23,16)) 1
((22,16)(22,11)) 1
((22,17)(20,17)) 9
((20,17)(22,17)) 4
((20,36)(21,33)) 3
((21,33)(36,32)) 2
((36,32)(21,33)) 5
((21,33)(20,38)) 4
((20,38)(36,32)) 2
((19,18)(20,16)) 3
((20,16)(19,19)) 1
((19,19)(19,19)) 19
((19,19)(24,13)) 1
((24,13)(16,21)) 4
((16,21)(15,25)) 2
((15,25)(19,18)) 1
((20,16)(24,13)) 2
((24,13)(21,15)) 5
((21,15)(19,18)) 3
((19,18)(22,16)) 1
((22,16)(18,14)) 1
((18,14)(17,14)) 7
((17,14)(19,16)) 2
((16,1)(16,1)) 16
((16,1)(17,12)) 2
((18,12)(21,17)) 5
((21,17)(17,1)) 1
((17,1)(17,1)) 9
((17,1)(17,11)) 1
((17,11)(21,17)) 1
((17,12)(17,2)) 1
((17,2)(17,1)) 1
((11,14)(14,15)) 8
((14,15)(11,14)) 10
((11,14)(10,14)) 1
((10,14)(11,14)) 3
((11,14)(14,13)) 1
((14,13)(11,14)) 1
((11,14)(15,15)) 1
((15,15)(10,14)) 2
((11,14)(13,14)) 2
((13,6)(11,14)) 1
((20,12)(14,15)) 15
((15,15)(20,12)) 5
((20,11)(18,14)) 1
((17,0)(16,1)) 6
((16,1)(17,0)) 2
((22,19)(21,15)) 2
((21,15)(18,15)) 1
((18,15)(22,19)) 1
((21,15)(22,18)) 1
((22,18)(22,19)) 2
((22,19)(24,19)) 1
((24,19)(19,12)) 1
((22,30)(20,14)) 2
((20,14)(22,30)) 2
((22,30)(18,15)) 1
((18,15)(22,17)) 1
((22,17)(22,30)) 1
((20,14)(19,16)) 3
((19,17)(20,14)) 1
((14,15)(17,12)) 7
((17,12)(20,11)) 1
((20,12)(17,11)) 2
((17,11)(18,11)) 5
((18,11)(17,11)) 1
((17,11)(11,8)) 1
((11,8)(36,9)) 1
((36,9)(36,9)) 21
((36,9)(17,11)) 1
((17,11)(18,12)) 3
((18,12)(36,9)) 1
((13,14)(14,18)) 2
((14,18)(13,14)) 2
((13,14)(6,11)) 1
((6,11)(18,13)) 1
((19,13)(19,17)) 2
((19,17)(18,13)) 3
((19,13)(14,15)) 1
((38,18)(38,18)) 15
((38,18)(37,18)) 1
((37,18)(38,18)) 1
((38,18)(28,18)) 1
((28,18)(29,20)) 1
((29,20)(29,20)) 2
((29,20)(28,18)) 1
((28,18)(38,18)) 1
((18,13)(20,12)) 1
((20,12)(18,12)) 11
((19,15)(7,18)) 1
((7,18)(10,16)) 2
((10,16)(21,18)) 1
((21,18)(26,18)) 1
((26,18)(26,18)) 4
((26,18)(25,21)) 1
((25,21)(25,21)) 18
((25,21)(21,19)) 1
((21,19)(21,18)) 2
((19,18)(16,15)) 1
((16,15)(19,15)) 1
((18,16)(21,21)) 1
((21,21)(21,17)) 3
((18,16)(7,17)) 1
((7,17)(7,18)) 1
((10,16)(15,15)) 2
((18,16)(24,19)) 1
((24,19)(21,21)) 1
((21,21)(26,15)) 1
((26,15)(24,19)) 1
((24,19)(16,15)) 1
((18,16)(10,16)) 1
((17,15)(21,18)) 1
((21,18)(24,19)) 1
((24,19)(25,17)) 1
((21,17)(24,15)) 2
((24,15)(21,16)) 1
((17,12)(14,15)) 1
((21,16)(12,9)) 1
((12,9)(17,12)) 1
((18,14)(17,12)) 1
((17,12)(18,17)) 1
((18,17)(14,15)) 1
((18,16)(18,15)) 1
((18,15)(18,16)) 4
((18,14)(8,14)) 1
((8,14)(8,14)) 107
((8,14)(14,15)) 1
((14,15)(19,17)) 1
((37,29)(19,16)) 6
((19,16)(37,29)) 1
((20,16)(11,8)) 1
((17,12)(16,21)) 2
((16,21)(13,17)) 1
((13,17)(13,17)) 1
((13,17)(16,21)) 1
((27,10)(27,10)) 23
((27,10)(24,13)) 8
((21,17)(26,15)) 4
((26,15)(27,10)) 2
((26,20)(26,15)) 1
((20,12)(21,8)) 6
((22,8)(21,17)) 1
((21,17)(21,8)) 1
((21,8)(20,12)) 8
((20,12)(21,9)) 3
((21,9)(21,8)) 3
((17,12)(22,8)) 1
((7,16)(7,16)) 9
((7,16)(14,15)) 1
((17,16)(7,16)) 2
((7,16)(17,16)) 2
((21,33)(23,29)) 4
((23,29)(21,17)) 4
((22,17)(26,20)) 9
((21,17)(21,33)) 7
((23,29)(22,17)) 3
((25,20)(22,17)) 4
((21,33)(21,17)) 1
((21,17)(23,29)) 3
((21,33)(25,20)) 1
((19,17)(21,33)) 3
((8,8)(10,9)) 3
((19,17)(19,18)) 4
((19,18)(8,8)) 3
((8,8)(16,12)) 2
((16,12)(19,18)) 2
((19,18)(16,12)) 1
((16,12)(8,8)) 2
((33,29)(36,24)) 1
((36,24)(17,16)) 1
((17,16)(22,17)) 2
((33,29)(34,29)) 4
((34,29)(34,29)) 6
((34,29)(34,28)) 3
((34,28)(34,28)) 32
((13,9)(19,14)) 1
((16,12)(11,9)) 2
((11,9)(13,9)) 2
((13,9)(21,17)) 3
((21,17)(8,13)) 7
((8,13)(10,10)) 1
((10,10)(11,9)) 1
((11,9)(13,11)) 1
((13,11)(11,9)) 1
((9,13)(10,10)) 1
((10,10)(19,14)) 1
((19,14)(19,15)) 3
((19,15)(23,14)) 1
((23,14)(23,14)) 7
((23,14)(23,13)) 2
((24,12)(17,12)) 6
((22,12)(15,25)) 1
((15,25)(22,12)) 1
((28,13)(30,13)) 6
((30,13)(24,13)) 1
((24,13)(32,3)) 1
((32,3)(35,9)) 2
((35,9)(30,14)) 1
((30,14)(30,14)) 10
((30,14)(30,13)) 1
((30,13)(28,13)) 6
((21,17)(21,15)) 6
((20,12)(26,15)) 2
((8,8)(19,19)) 2
((19,19)(19,18)) 1
((19,18)(13,9)) 1
((19,19)(19,17)) 1
((19,17)(16,12)) 2
((16,12)(13,9)) 2
((13,9)(19,18)) 1
((8,8)(19,18)) 1
((19,18)(19,19)) 2
((19,19)(8,8)) 1
((21,16)(22,16)) 11
((22,16)(19,13)) 1
((24,12)(21,16)) 2
((21,10)(28,13)) 1
((28,13)(26,20)) 1
((24,17)(21,17)) 6
((18,16)(14,15)) 2
((19,17)(18,16)) 5
((18,16)(15,15)) 4
((23,24)(20,14)) 6
((20,14)(23,24)) 7
((23,24)(23,23)) 4
((14,14)(22,17)) 1
((22,17)(14,14)) 2
((14,13)(18,17)) 1
((19,17)(25,20)) 3
((25,20)(22,19)) 2
((22,19)(21,17)) 10
((19,17)(16,37)) 3
((16,37)(17,37)) 3
((17,37)(16,37)) 3
((18,8)(21,16)) 1
((21,17)(16,15)) 3
((16,15)(15,17)) 1
((15,17)(14,17)) 2
((15,19)(16,19)) 4
((16,19)(16,23)) 1
((16,23)(16,24)) 1
((16,21)(17,19)) 1
((17,12)(24,12)) 8
((21,16)(29,5)) 1
((19,16)(18,15)) 1
((18,15)(21,16)) 1
((19,16)(29,5)) 1
((29,27)(31,28)) 2
((31,28)(36,32)) 7
((36,32)(31,28)) 6
((31,28)(32,28)) 2
((32,28)(30,28)) 1
((30,28)(31,28)) 1
((36,32)(29,27)) 1
((17,12)(25,2)) 2
((25,2)(25,2)) 14
((25,2)(19,15)) 1
((19,15)(21,17)) 1
((21,17)(17,11)) 1
((19,15)(19,14)) 1
((19,15)(19,12)) 1
((19,12)(6,7)) 1
((6,7)(19,14)) 1
((19,15)(6,7)) 1
((6,7)(19,11)) 1
((19,11)(6,7)) 1
((24,25)(24,25)) 35
((24,25)(19,13)) 6
((19,13)(19,14)) 8
((19,14)(19,13)) 3
((19,13)(24,25)) 1
((24,25)(20,17)) 1
((20,17)(19,13)) 1
((19,14)(18,13)) 4
((19,17)(24,25)) 1
((21,17)(24,25)) 5
((18,13)(19,14)) 2
((19,14)(21,17)) 1
((19,14)(24,25)) 2
((6,12)(18,16)) 1
((14,15)(21,16)) 3
((21,16)(20,17)) 1
((20,17)(14,15)) 3
((21,16)(19,17)) 3
((24,12)(20,12)) 3
((20,15)(19,16)) 2
((20,15)(11,14)) 2
((11,14)(20,15)) 2
((15,15)(14,14)) 8
((14,14)(21,20)) 1
((21,20)(20,21)) 2
((20,21)(14,14)) 1
((14,14)(15,15)) 9
((13,11)(14,12)) 3
((15,13)(24,13)) 2
((24,13)(15,13)) 1
((15,13)(13,11)) 1
((25,20)(27,21)) 2
((27,21)(24,17)) 1
((19,17)(13,14)) 3
((26,20)(27,21)) 1
((27,21)(25,20)) 2
((30,13)(22,17)) 1
((22,17)(30,13)) 1
((30,13)(23,13)) 1
((30,13)(21,17)) 3
((30,13)(31,13)) 2
((31,13)(31,13)) 9
((24,17)(25,23)) 2
((25,23)(24,17)) 2
((24,17)(27,30)) 4
((27,30)(27,30)) 5
((27,30)(24,17)) 4
((21,8)(19,13)) 2
((19,13)(22,8)) 2
((22,8)(19,13)) 4
((19,13)(21,8)) 2
((20,17)(23,18)) 1
((23,18)(21,17)) 1
((22,17)(23,18)) 7
((23,18)(22,17)) 5
((22,20)(18,16)) 5
((18,16)(16,16)) 2
((16,15)(22,20)) 1
((22,20)(16,15)) 1
((22,16)(22,20)) 1
((17,12)(18,16)) 2
((18,16)(22,20)) 3
((18,16)(22,19)) 3
((17,12)(18,19)) 3
((18,19)(18,19)) 26
((18,19)(22,19)) 1
((22,19)(26,16)) 1
((26,16)(22,13)) 1
((22,13)(17,12)) 1
((16,15)(17,16)) 4
((17,16)(15,17)) 1
((15,17)(22,20)) 2
((22,16)(21,18)) 1
((21,18)(18,16)) 1
((18,16)(14,17)) 2
((13,14)(19,16)) 1
((19,16)(21,15)) 2
((21,15)(23,16)) 1
((20,12)(17,2)) 1
((21,20)(7,10)) 1
((7,10)(10,7)) 1
((10,7)(7,10)) 4
((7,10)(21,20)) 4
((21,20)(10,7)) 3
((10,7)(10,9)) 3
((10,9)(10,7)) 1
((21,20)(22,12)) 1
((22,12)(19,17)) 2
((9,11)(14,15)) 5
((8,13)(9,11)) 13
((9,11)(8,13)) 7
((17,16)(12,15)) 1
((12,15)(8,13)) 1
((21,17)(27,14)) 2
((27,14)(19,16)) 1
((21,17)(19,16)) 7
((19,16)(27,14)) 1
((27,14)(22,17)) 1
((22,17)(26,15)) 1
((8,14)(6,12)) 8
((14,2)(6,11)) 6
((8,13)(8,14)) 2
((8,14)(7,14)) 8
((7,14)(7,14)) 40
((7,14)(8,14)) 7
((6,12)(8,14)) 5
((8,14)(13,2)) 1
((13,2)(8,14)) 1
((14,2)(8,14)) 1
((22,20)(24,17)) 1
((24,17)(23,12)) 1
((23,12)(22,11)) 1
((22,11)(21,12)) 2
((21,12)(18,14)) 1
((18,14)(6,14)) 1
((6,14)(17,17)) 1
((17,17)(20,14)) 1
((20,12)(22,20)) 1
((22,20)(26,25)) 2
((26,25)(26,25)) 2
((26,25)(22,20)) 1
((24,12)(23,13)) 1
((24,12)(17,19)) 2
((17,19)(24,13)) 1
((17,19)(24,12)) 1
((17,16)(14,15)) 5
((18,17)(17,27)) 1
((20,12)(17,14)) 1
((17,14)(34,11)) 1
((34,11)(34,11)) 1
((34,11)(6,11)) 1
((6,11)(27,9)) 2
((27,9)(28,14)) 1
((28,14)(28,14)) 6
((28,14)(21,16)) 1
((21,16)(28,13)) 1
((14,13)(15,15)) 2
((21,17)(20,14)) 8
((21,18)(22,30)) 1
((21,33)(17,20)) 1
((17,20)(16,21)) 1
((16,37)(21,17)) 1
((21,17)(17,20)) 1
((17,20)(17,13)) 1
((17,13)(20,14)) 1
((22,12)(24,0)) 1
((24,0)(24,0)) 2
((24,0)(22,12)) 2
((22,8)(21,1)) 1
((18,11)(18,12)) 1
((34,8)(20,12)) 6
((20,11)(24,8)) 2
((24,8)(20,12)) 2
((20,11)(25,8)) 1
((25,8)(20,11)) 1
((25,8)(14,2)) 1
((14,2)(25,8)) 1
((18,16)(24,17)) 2
((23,17)(24,17)) 1
((22,17)(18,16)) 1
((18,16)(22,18)) 1
((24,17)(22,19)) 2
((22,19)(24,17)) 1
((21,18)(21,16)) 3
((21,16)(21,18)) 3
((21,17)(18,8)) 1
((21,17)(21,11)) 1
((29,27)(28,34)) 3
((28,34)(29,27)) 4
((29,27)(19,14)) 1
((19,14)(18,14)) 1
((18,14)(29,27)) 1
((10,13)(22,19)) 1
((22,19)(11,12)) 1
((11,12)(11,12)) 26
((11,12)(22,19)) 3
((22,19)(10,13)) 2
((10,13)(11,12)) 3
((11,12)(10,13)) 1
((16,12)(19,11)) 1
((19,11)(17,12)) 2
((17,12)(17,14)) 4
((17,14)(18,12)) 1
((16,37)(17,38)) 1
((17,38)(17,38)) 2
((17,38)(20,36)) 1
((14,2)(10,7)) 1
((10,9)(7,10)) 3
((7,10)(10,9)) 2
((10,9)(14,2)) 6
((14,2)(11,6)) 2
((11,6)(10,9)) 3
((13,3)(11,6)) 1
((10,9)(12,5)) 2
((14,2)(10,9)) 1
((32,9)(32,9)) 30
((32,9)(28,13)) 2
((28,13)(32,9)) 3
((32,9)(22,17)) 1
((22,17)(32,9)) 1
((21,17)(32,9)) 1
((36,8)(22,17)) 2
((22,17)(18,17)) 4
((18,17)(17,12)) 1
((10,8)(11,8)) 2
((21,18)(16,15)) 1
((21,33)(21,20)) 8
((21,20)(24,27)) 2
((24,27)(21,33)) 1
((21,20)(21,33)) 9
((20,12)(21,19)) 1
((21,19)(21,17)) 6
((12,13)(21,17)) 2
((21,17)(12,14)) 1
((12,14)(12,13)) 1
((19,16)(12,14)) 1
((12,14)(14,11)) 1
((14,11)(16,15)) 1
((16,15)(14,11)) 1
((18,35)(36,15)) 3
((36,15)(36,15)) 7
((36,15)(39,14)) 1
((39,14)(39,14)) 2
((39,14)(36,15)) 1
((36,15)(37,15)) 1
((37,15)(18,35)) 3
((18,35)(17,35)) 4
((17,35)(17,35)) 4
((17,35)(18,35)) 3
((18,35)(37,15)) 2
((17,35)(37,15)) 1
((24,13)(19,16)) 9
((19,16)(19,15)) 1
((19,17)(19,19)) 1
((19,19)(21,17)) 2
((17,22)(17,22)) 3
((17,22)(18,22)) 1
((18,22)(18,22)) 46
((18,22)(18,21)) 5
((18,21)(18,21)) 15
((18,21)(18,20)) 1
((21,16)(15,9)) 3
((15,9)(15,9)) 73
((15,9)(15,8)) 1
((15,8)(15,9)) 2
((15,9)(21,16)) 4
((20,16)(18,22)) 1
((18,22)(15,9)) 3
((20,17)(18,22)) 1
((18,21)(15,9)) 1
((15,9)(18,16)) 1
((21,16)(18,21)) 1
((18,21)(18,22)) 2
((18,21)(21,16)) 1
((15,9)(21,17)) 2
((18,20)(18,21)) 1
((18,21)(21,17)) 1
((21,17)(15,9)) 1
((21,17)(18,22)) 2
((21,16)(22,15)) 4
((22,15)(14,15)) 3
((22,15)(21,16)) 1
((17,12)(19,17)) 4
((17,12)(23,13)) 1
((23,13)(22,13)) 2
((22,13)(26,15)) 1
((25,18)(25,17)) 1
((25,17)(24,17)) 1
((24,15)(17,16)) 4
((17,16)(24,15)) 4
((24,15)(24,17)) 6
((12,5)(17,0)) 2
((17,0)(12,5)) 1
((17,0)(17,7)) 1
((17,7)(17,0)) 1
((15,13)(16,15)) 3
((6,11)(14,12)) 1
((16,15)(14,12)) 2
((14,12)(14,13)) 2
((19,16)(22,16)) 1
((22,16)(24,13)) 3
((20,36)(23,29)) 1
((20,12)(21,33)) 1
((11,12)(14,13)) 8
((14,13)(11,12)) 9
((11,12)(10,12)) 2
((10,12)(8,13)) 1
((8,13)(19,17)) 3
((19,17)(22,16)) 2
((22,16)(23,16)) 2
((23,16)(21,15)) 1
((12,8)(12,8)) 4
((12,8)(13,8)) 1
((12,11)(13,14)) 1
((13,6)(12,12)) 1
((12,12)(12,12)) 1
((12,12)(13,6)) 1
((13,6)(12,8)) 1
((12,8)(17,12)) 1
((16,15)(16,14)) 2
((16,14)(23,16)) 1
((23,16)(33,14)) 6
((33,14)(33,14)) 29
((33,14)(23,16)) 3
((28,13)(28,14)) 2
((28,14)(22,17)) 1
((22,17)(28,14)) 1
((28,14)(28,13)) 1
((23,17)(22,16)) 1
((22,16)(22,17)) 2
((27,9)(24,13)) 5
((24,13)(16,12)) 5
((24,13)(27,9)) 2
((20,22)(20,22)) 16
((20,22)(19,18)) 4
((19,18)(20,20)) 1
((20,20)(20,22)) 1
((19,18)(17,12)) 1
((17,12)(19,18)) 1
((21,17)(20,22)) 1
((19,18)(21,15)) 2
((21,15)(21,19)) 1
((20,19)(20,20)) 1
((20,20)(19,18)) 1
((19,18)(20,22)) 4
((20,22)(20,20)) 1
((20,20)(17,12)) 1
((21,15)(18,12)) 3
((18,12)(24,13)) 3
((18,9)(24,13)) 1
((26,12)(28,13)) 6
((28,13)(30,14)) 2
((30,14)(31,15)) 6
((31,15)(31,15)) 7
((31,15)(35,19)) 1
((35,19)(35,19)) 5
((35,19)(34,19)) 2
((34,19)(33,19)) 2
((33,19)(26,20)) 1
((24,17)(24,13)) 18
((26,20)(34,19)) 1
((34,19)(26,12)) 2
((31,15)(26,12)) 2
((26,12)(30,14)) 1
((31,15)(29,13)) 1
((29,13)(30,14)) 4
((30,14)(35,19)) 1
((35,19)(29,13)) 1
((29,13)(26,12)) 1
((28,13)(29,13)) 6
((13,9)(17,12)) 5
((17,13)(13,9)) 1
((13,9)(16,12)) 4
((17,12)(18,11)) 2
((16,12)(6,7)) 2
((20,12)(14,17)) 1
((14,17)(28,13)) 1
((28,13)(16,12)) 4
((28,7)(24,13)) 1
((28,7)(25,5)) 1
((25,5)(21,3)) 1
((21,3)(22,9)) 3
((24,13)(28,7)) 2
((28,7)(29,5)) 1
((29,5)(20,12)) 2
((24,13)(29,5)) 4
((15,15)(7,18)) 2
((7,18)(17,14)) 1
((17,14)(16,15)) 2
((21,17)(14,17)) 1
((14,17)(17,14)) 1
((18,14)(21,17)) 3
((21,18)(22,20)) 2
((21,15)(23,13)) 1
((20,8)(20,8)) 37
((20,8)(18,9)) 5
((21,8)(20,10)) 1
((20,10)(20,8)) 1
((20,8)(21,8)) 1
((19,14)(20,17)) 1
((20,14)(21,11)) 1
((21,11)(20,8)) 1
((17,9)(13,2)) 1
((13,2)(17,9)) 1
((17,9)(18,9)) 3
((18,9)(20,8)) 3
((17,9)(20,8)) 2
((17,9)(16,4)) 2
((16,4)(17,9)) 1
((13,11)(15,13)) 3
((15,13)(21,17)) 2
((20,12)(13,11)) 1
((13,11)(21,17)) 3
((21,16)(13,11)) 2
((13,11)(21,16)) 1
((13,11)(23,16)) 1
((24,13)(26,15)) 2
((26,15)(24,13)) 2
((24,13)(18,16)) 2
((21,17)(13,9)) 1
((13,9)(20,15)) 1
((20,15)(21,17)) 3
((21,17)(15,0)) 1
((15,0)(15,0)) 1
((13,6)(17,15)) 1
((17,15)(17,14)) 1
((18,14)(13,9)) 1
((13,9)(14,2)) 1
((15,5)(15,5)) 24
((15,5)(16,4)) 4
((16,4)(15,5)) 5
((16,4)(16,6)) 1
((16,6)(15,5)) 1
((15,5)(14,17)) 1
((20,12)(20,16)) 2
((21,16)(16,1)) 1
((16,1)(18,12)) 1
((13,9)(20,12)) 2
((20,12)(13,9)) 1
((13,9)(13,14)) 1
((13,14)(16,21)) 3
((16,21)(18,35)) 1
((18,35)(20,12)) 1
((29,27)(29,30)) 1
((29,30)(29,30)) 9
((29,30)(22,17)) 1
((20,17)(24,17)) 1
((24,17)(29,27)) 1
((29,27)(27,23)) 1
((27,23)(29,27)) 1
((29,27)(20,36)) 2
((20,36)(22,37)) 9
((22,37)(22,37)) 33
((27,12)(27,12)) 20
((27,12)(29,10)) 2
((29,10)(29,10)) 13
((29,10)(28,12)) 2
((28,12)(28,12)) 2
((28,12)(29,10)) 2
((29,10)(24,13)) 1
((20,12)(29,10)) 1
((29,10)(26,11)) 1
((26,11)(27,12)) 1
((27,12)(21,16)) 1
((17,12)(20,14)) 1
((20,12)(21,13)) 2
((21,13)(17,12)) 2
((17,12)(11,4)) 1
((11,4)(12,6)) 1
((12,6)(13,6)) 1
((29,29)(29,29)) 7
((29,29)(29,30)) 3
((29,30)(29,29)) 4
((29,29)(20,16)) 1
((24,13)(22,31)) 1
((22,31)(29,30)) 1
((21,8)(22,9)) 1
((16,1)(6,12)) 1
((6,12)(16,21)) 1
((16,21)(13,21)) 1
((13,21)(13,21)) 3
((13,21)(21,8)) 1
((21,8)(21,17)) 1
((12,5)(6,11)) 5
((6,11)(11,14)) 8
((11,14)(10,15)) 4
((10,15)(6,11)) 1
((10,15)(11,14)) 5
((11,14)(6,11)) 8
((6,11)(10,15)) 1
((11,14)(12,5)) 4
((12,5)(12,6)) 2
((12,6)(10,2)) 1
((24,2)(22,12)) 2
((22,12)(24,3)) 12
((24,3)(24,3)) 30
((24,3)(24,2)) 9
((24,2)(24,3)) 9
((24,3)(22,12)) 7
((24,3)(24,13)) 1
((21,17)(21,20)) 10
((21,20)(20,14)) 1
((20,14)(21,20)) 1
((21,20)(24,17)) 1
((19,17)(20,18)) 1
((20,18)(20,24)) 1
((20,24)(20,24)) 2
((20,24)(21,17)) 1
((21,17)(20,24)) 1
((20,24)(20,18)) 1
((20,18)(15,15)) 2
((15,15)(15,14)) 7
((15,14)(14,14)) 5
((14,14)(15,14)) 2
((21,10)(18,16)) 6
((18,16)(21,10)) 6
((19,14)(20,12)) 2
((21,10)(20,12)) 4
((18,16)(20,12)) 4
((20,11)(21,10)) 2
((6,12)(19,17)) 4
((19,17)(11,9)) 1
((11,9)(10,9)) 1
((10,9)(6,7)) 2
((6,7)(6,12)) 2
((6,12)(17,16)) 2
((17,16)(19,17)) 5
((6,12)(6,7)) 2
((10,9)(11,9)) 2
((11,9)(19,17)) 1
((6,12)(20,17)) 1
((20,17)(6,12)) 1
((29,5)(24,12)) 1
((24,12)(22,12)) 1
((22,12)(17,12)) 2
((17,11)(24,12)) 2
((22,12)(23,12)) 1
((23,12)(24,13)) 2
((23,12)(21,12)) 1
((21,12)(17,11)) 1
((17,11)(20,12)) 1
((24,17)(24,12)) 1
((24,12)(24,17)) 1
((36,32)(32,33)) 8
((32,33)(32,33)) 29
((32,33)(36,32)) 4
((36,32)(22,17)) 5
((32,33)(22,17)) 3
((18,2)(18,2)) 1
((18,2)(20,17)) 1
((6,12)(6,14)) 1
((6,14)(6,12)) 1
((6,12)(3,10)) 1
((3,10)(3,10)) 7
((3,10)(6,12)) 1
((6,12)(24,16)) 1
((24,16)(20,12)) 1
((11,14)(7,16)) 1
((7,16)(9,14)) 1
((9,14)(9,14)) 27
((9,14)(14,15)) 2
((36,30)(36,30)) 12
((36,30)(34,19)) 3
((34,19)(36,32)) 3
((36,32)(36,30)) 4
((36,30)(37,29)) 1
((37,29)(36,30)) 1
((20,12)(22,11)) 1
((22,11)(22,17)) 1
((36,30)(36,32)) 2
((36,32)(40,18)) 1
((40,18)(35,19)) 1
((35,19)(26,20)) 1
((21,3)(20,12)) 9
((24,17)(36,32)) 4
((33,11)(33,11)) 11
((33,11)(30,13)) 1
((7,10)(33,12)) 1
((33,12)(32,12)) 1
((32,12)(31,13)) 1
((31,13)(22,17)) 1
((22,17)(24,16)) 2
((24,16)(25,15)) 1
((25,15)(25,15)) 6
((25,15)(30,13)) 1
((30,13)(32,12)) 1
((32,12)(33,12)) 1
((19,13)(24,13)) 2
((19,13)(26,3)) 1
((26,3)(26,3)) 6
((26,3)(24,13)) 2
((21,33)(19,17)) 3
((22,37)(23,37)) 1
((23,37)(22,37)) 2
((22,37)(20,36)) 6
((21,20)(21,15)) 3
((21,15)(20,36)) 1
((24,27)(20,36)) 3
((19,16)(24,13)) 10
((19,18)(19,16)) 2
((15,25)(14,26)) 3
((14,26)(20,11)) 1
((8,8)(21,15)) 3
((21,15)(22,14)) 3
((22,14)(22,15)) 5
((22,15)(22,14)) 2
((22,14)(18,16)) 2
((18,16)(8,8)) 2
((8,8)(22,14)) 2
((22,15)(21,15)) 2
((22,15)(18,18)) 1
((18,18)(18,16)) 1
((18,16)(18,18)) 1
((18,18)(21,15)) 1
((21,15)(8,8)) 2
((19,14)(24,39)) 6
((24,39)(24,39)) 37
((24,39)(19,14)) 6
((20,12)(24,39)) 1
((18,14)(18,15)) 3
((16,15)(18,15)) 1
((18,15)(16,14)) 1
((16,14)(16,15)) 1
((16,15)(15,14)) 1
((15,14)(14,13)) 1
((32,28)(22,31)) 8
((22,31)(32,28)) 5
((32,28)(33,29)) 7
((33,29)(33,30)) 2
((33,30)(33,30)) 6
((33,30)(33,29)) 3
((33,29)(34,28)) 1
((34,28)(33,29)) 3
((34,27)(15,25)) 3
((15,25)(34,27)) 5
((22,29)(20,34)) 5
((20,34)(21,35)) 6
((21,35)(21,35)) 12
((21,35)(20,34)) 5
((20,34)(22,28)) 3
((22,28)(22,28)) 3
((22,28)(22,29)) 2
((21,35)(19,34)) 1
((19,34)(22,29)) 1
((14,6)(14,6)) 5
((14,6)(13,6)) 1
((13,6)(15,4)) 3
((15,4)(15,4)) 21
((15,4)(13,6)) 3
((13,6)(15,8)) 1
((15,8)(14,7)) 2
((14,7)(15,4)) 3
((15,4)(14,7)) 2
((15,4)(15,9)) 1
((15,9)(14,6)) 1
((14,6)(15,4)) 2
((15,4)(15,8)) 1
((15,9)(15,4)) 2
((15,4)(18,3)) 1
((18,3)(15,4)) 1
((20,17)(21,33)) 1
((20,36)(20,38)) 2
((20,38)(19,17)) 1
((24,13)(23,18)) 1
((23,18)(24,13)) 1
((24,13)(10,9)) 1
((12,5)(11,8)) 2
((10,9)(28,13)) 1
((32,9)(24,13)) 1
((24,13)(32,9)) 1
((16,28)(17,16)) 2
((17,16)(16,28)) 1
((16,28)(14,17)) 1
((14,17)(16,28)) 1
((17,16)(19,16)) 2
((19,16)(16,27)) 1
((16,27)(16,27)) 3
((16,27)(17,16)) 1
((17,16)(15,26)) 1
((15,26)(17,26)) 1
((17,26)(16,27)) 1
((24,15)(17,12)) 2
((17,12)(24,15)) 2
((24,15)(14,13)) 1
((24,13)(24,15)) 2
((19,17)(24,13)) 4
((24,17)(6,11)) 1
((6,11)(6,10)) 1
((18,4)(18,7)) 2
((18,7)(20,12)) 3
((20,12)(17,5)) 1
((17,5)(17,5)) 3
((17,5)(18,4)) 1
((18,7)(18,8)) 3
((18,8)(19,9)) 2
((19,9)(20,12)) 10
((24,17)(22,12)) 1
((19,16)(28,13)) 1
((10,9)(15,15)) 6
((10,14)(6,12)) 1
((15,15)(5,11)) 1
((5,11)(6,11)) 1
((6,11)(15,15)) 1
((24,13)(25,5)) 3
((24,13)(24,8)) 6
((24,8)(25,5)) 1
((20,22)(20,19)) 1
((20,19)(17,17)) 1
((17,17)(17,16)) 1
((18,16)(22,14)) 1
((22,14)(23,14)) 1
((23,13)(20,22)) 1
((20,22)(20,21)) 2
((20,21)(20,20)) 1
((20,20)(20,19)) 1
((20,19)(19,19)) 1
((19,19)(18,19)) 3
((18,19)(18,18)) 1
((18,18)(17,17)) 1
((17,17)(18,17)) 2
((20,36)(22,17)) 2
((24,17)(25,19)) 1
((25,19)(25,23)) 1
((25,23)(26,24)) 4
((33,29)(36,32)) 2
((36,32)(33,30)) 1
((33,29)(29,27)) 2
((29,27)(33,29)) 3
((16,21)(24,25)) 1
((24,25)(22,31)) 1
((22,31)(16,37)) 2
((20,14)(19,13)) 2
((19,13)(19,12)) 1
((19,12)(17,16)) 1
((17,16)(18,18)) 1
((18,18)(16,21)) 1
((16,21)(20,15)) 1
((20,15)(20,14)) 1
((20,15)(16,37)) 1
((24,39)(21,15)) 6
((21,15)(24,39)) 6
((24,39)(17,38)) 1
((26,20)(19,18)) 2
((19,18)(19,17)) 2
((19,17)(18,10)) 1
((18,10)(26,20)) 1
((24,17)(28,13)) 2
((28,13)(24,17)) 1
((24,17)(24,15)) 6
((24,15)(26,15)) 1
((26,15)(26,14)) 2
((26,14)(26,14)) 21
((26,14)(24,15)) 1
((15,13)(16,13)) 4
((16,13)(29,20)) 1
((29,20)(31,20)) 1
((31,20)(31,20)) 2
((31,20)(26,20)) 1
((26,20)(14,12)) 1
((16,13)(15,13)) 3
((15,13)(14,12)) 2
((16,13)(14,12)) 1
((19,17)(21,16)) 5
((21,16)(24,12)) 1
((24,13)(20,16)) 2
((20,16)(20,17)) 4
((20,17)(22,20)) 1
((29,12)(29,12)) 10
((29,12)(28,13)) 4
((26,15)(26,17)) 4
((26,17)(26,17)) 5
((26,17)(28,13)) 1
((28,13)(29,12)) 5
((29,12)(26,15)) 1
((26,17)(26,15)) 4
((28,13)(26,17)) 1
((36,8)(36,9)) 7
((36,9)(36,8)) 6
((17,0)(17,1)) 3
((17,1)(17,0)) 2
((10,14)(9,14)) 5
((9,14)(10,14)) 3
((9,14)(21,17)) 2
((21,17)(10,14)) 1
((10,14)(14,15)) 1
((21,16)(24,13)) 4
((21,16)(21,3)) 6
((24,13)(15,25)) 1
((15,25)(21,17)) 1
((7,17)(7,15)) 1
((7,15)(8,14)) 2
((8,14)(8,13)) 1
((8,13)(10,14)) 1
((10,14)(12,15)) 1
((12,15)(13,15)) 1
((13,15)(14,15)) 1
((29,36)(29,36)) 10
((29,36)(21,18)) 1
((21,18)(29,36)) 3
((29,36)(22,18)) 1
((22,18)(21,19)) 1
((29,36)(19,17)) 1
((29,36)(27,34)) 1
((27,34)(27,34)) 1
((21,16)(20,11)) 1
((20,11)(18,8)) 1
((18,8)(17,0)) 4
((21,12)(17,0)) 1
((17,0)(21,16)) 1
((21,16)(18,8)) 1
((11,14)(12,14)) 7
((12,14)(11,14)) 6
((12,14)(13,14)) 4
((26,20)(20,36)) 1
((20,36)(26,20)) 1
((26,20)(30,18)) 1
((30,18)(22,16)) 1
((22,16)(22,19)) 1
((22,19)(25,20)) 1
((35,9)(36,9)) 2
((36,9)(35,9)) 2
((35,9)(36,8)) 1
((22,20)(28,18)) 3
((28,18)(22,20)) 2
((22,20)(26,20)) 5
((26,20)(22,20)) 1
((21,15)(19,16)) 1
((19,16)(14,14)) 1
((14,14)(17,11)) 1
((18,11)(20,12)) 2
((12,15)(21,17)) 1
((21,33)(19,34)) 1
((19,34)(21,33)) 1
((14,13)(13,14)) 1
((13,14)(13,9)) 1
((16,12)(13,14)) 1
((21,17)(14,13)) 1
((14,13)(13,9)) 1
((18,13)(20,11)) 1
((20,11)(19,13)) 1
((19,13)(20,11)) 2
((12,5)(17,12)) 2
((21,20)(21,19)) 4
((21,19)(21,20)) 4
((21,19)(21,33)) 1
((10,2)(21,15)) 2
((21,16)(10,2)) 3
((10,2)(21,16)) 2
((21,16)(12,5)) 1
((14,13)(26,20)) 1
((26,20)(14,13)) 1
((17,12)(5,6)) 5
((5,6)(17,12)) 2
((20,12)(23,12)) 2
((23,12)(20,12)) 3
((5,6)(4,7)) 2
((4,7)(4,7)) 5
((4,7)(17,12)) 1
((5,6)(20,12)) 1
((20,11)(17,12)) 1
((37,29)(34,27)) 2
((34,27)(29,21)) 1
((29,21)(29,21)) 1
((29,21)(26,20)) 1
((26,20)(24,19)) 1
((24,19)(22,19)) 1
((22,19)(22,18)) 3
((24,19)(26,20)) 2
((14,26)(14,25)) 1
((14,25)(14,25)) 4
((14,25)(14,26)) 2
((14,26)(15,25)) 2
((16,24)(15,25)) 2
((34,27)(22,18)) 1
((22,18)(15,15)) 1
((15,15)(13,15)) 2
((13,15)(15,15)) 1
((19,17)(17,20)) 1
((17,20)(16,24)) 1
((16,24)(18,25)) 1
((18,25)(21,17)) 1
((21,18)(21,20)) 1
((21,20)(18,25)) 1
((18,25)(16,24)) 1
((26,24)(16,15)) 5
((14,15)(25,23)) 1
((16,15)(26,24)) 4
((26,24)(26,27)) 1
((26,27)(26,24)) 1
((25,20)(25,23)) 2
((26,24)(26,20)) 2
((26,24)(28,34)) 1
((28,34)(27,30)) 1
((27,30)(26,24)) 1
((26,24)(25,23)) 2
((25,23)(26,20)) 1
((26,20)(26,24)) 2
((22,11)(23,8)) 1
((23,8)(23,9)) 1
((23,9)(21,15)) 1
((21,15)(22,10)) 1
((22,10)(23,8)) 1
((23,8)(21,15)) 1
((25,20)(31,20)) 1
((31,20)(25,20)) 1
((25,20)(14,26)) 1
((14,26)(19,17)) 1
((21,15)(20,15)) 1
((20,15)(15,14)) 1
((15,14)(33,19)) 1
((33,19)(25,20)) 1
((20,17)(23,12)) 1
((23,12)(20,17)) 1
((16,12)(28,13)) 4
((7,7)(6,12)) 3
((6,12)(7,7)) 3
((7,7)(10,9)) 1
((15,15)(7,7)) 1
((7,7)(8,8)) 1
((8,8)(6,12)) 1
((21,1)(21,17)) 3
((21,1)(21,2)) 1
((21,2)(21,3)) 4
((21,1)(20,2)) 1
((20,2)(20,2)) 9
((20,2)(20,12)) 1
((14,15)(16,12)) 1
((16,12)(21,1)) 1
((21,1)(21,3)) 8
((21,2)(22,3)) 1
((22,3)(21,3)) 1
((21,3)(20,2)) 5
((20,2)(21,3)) 3
((14,15)(21,3)) 1
((21,3)(21,4)) 2
((21,4)(21,3)) 3
((21,4)(21,5)) 5
((21,5)(21,5)) 6
((21,5)(21,4)) 3
((21,4)(21,6)) 2
((21,6)(22,6)) 3
((22,6)(22,6)) 5
((22,6)(21,4)) 1
((22,6)(21,5)) 1
((21,5)(21,1)) 1
((21,1)(21,4)) 3
((21,5)(21,6)) 1
((21,6)(21,1)) 2
((21,17)(21,4)) 1
((24,6)(24,6)) 8
((24,6)(23,11)) 1
((23,11)(24,10)) 2
((24,10)(24,10)) 17
((24,10)(24,13)) 3
((24,13)(25,8)) 1
((25,8)(22,11)) 1
((22,11)(21,20)) 1
((26,6)(21,19)) 1
((21,17)(26,6)) 1
((26,6)(20,12)) 4
((20,12)(26,6)) 4
((19,12)(26,6)) 1
((24,13)(22,17)) 1
((24,13)(24,14)) 1
((24,14)(22,17)) 2
((19,18)(18,25)) 1
((18,25)(20,16)) 1
((20,16)(24,17)) 2
((24,17)(24,16)) 4
((24,16)(36,9)) 1
((36,9)(32,7)) 1
((32,7)(32,7)) 1
((32,7)(14,12)) 1
((14,12)(30,8)) 1
((30,8)(30,8)) 3
((30,8)(36,32)) 1
((36,32)(32,3)) 1
((35,9)(28,11)) 1
((28,11)(28,11)) 6
((28,11)(20,12)) 1
((20,12)(20,8)) 1
((20,8)(30,8)) 1
((24,12)(19,17)) 4
((19,13)(20,14)) 1
((20,14)(22,8)) 1
((21,8)(24,14)) 1
((24,14)(20,12)) 1
((21,8)(19,17)) 1
((19,17)(22,8)) 1
((5,11)(2,9)) 1
((2,9)(2,9)) 1
((2,9)(3,10)) 1
((3,10)(4,11)) 1
((4,11)(4,11)) 1
((4,11)(5,11)) 1
((19,18)(29,5)) 1
((29,5)(21,15)) 1
((19,18)(19,7)) 1
((19,7)(19,12)) 1
((19,12)(29,5)) 1
((29,5)(19,18)) 1
((19,17)(20,15)) 1
((20,15)(19,17)) 1
((28,13)(19,17)) 1
((17,1)(16,1)) 1
((36,32)(21,17)) 2
((20,11)(22,17)) 1
((29,27)(32,28)) 2
((22,1)(22,1)) 9
((22,1)(21,1)) 5
((21,1)(22,1)) 4
((21,1)(21,0)) 4
((21,0)(22,12)) 1
((17,12)(22,12)) 2
((22,12)(23,7)) 1
((23,7)(23,7)) 2
((23,7)(23,4)) 1
((23,4)(23,4)) 2
((22,12)(23,5)) 1
((23,5)(23,5)) 1
((23,5)(22,13)) 1
((21,13)(22,13)) 2
((22,13)(20,17)) 1
((21,3)(20,8)) 2
((20,8)(19,9)) 1
((24,17)(24,19)) 1
((26,20)(29,27)) 1
((29,27)(26,20)) 1
((20,12)(19,9)) 10
((25,20)(38,18)) 2
((38,18)(25,20)) 1
((20,12)(26,20)) 1
((26,20)(19,9)) 1
((19,9)(26,20)) 1
((24,17)(25,20)) 1
((38,18)(21,3)) 1
((8,13)(20,16)) 1
((20,16)(19,17)) 3
((8,13)(9,12)) 4
((9,12)(19,14)) 1
((9,12)(8,13)) 4
((20,16)(29,27)) 1
((29,27)(14,13)) 1
((14,13)(9,11)) 2
((8,13)(20,11)) 1
((20,11)(18,16)) 1
((9,11)(9,12)) 2
((9,12)(12,14)) 1
((12,14)(8,13)) 1
((21,6)(22,5)) 7
((22,5)(22,5)) 30
((22,5)(21,6)) 5
((21,6)(20,12)) 4
((20,12)(22,30)) 1
((22,30)(21,17)) 1
((20,11)(21,6)) 1
((22,5)(22,6)) 2
((22,6)(21,6)) 2
((22,5)(11,14)) 1
((12,14)(20,12)) 1
((20,12)(22,5)) 1
((14,14)(17,12)) 2
((17,12)(22,5)) 1
((21,6)(21,8)) 2
((21,8)(21,6)) 3
((22,5)(17,2)) 1
((17,2)(20,11)) 1
((20,12)(21,11)) 5
((21,11)(28,10)) 1
((28,10)(28,10)) 1
((28,10)(27,9)) 1
((27,9)(21,6)) 1
((18,9)(18,8)) 1
((18,8)(18,7)) 2
((18,7)(18,9)) 1
((18,9)(18,7)) 2
((18,7)(17,7)) 2
((17,7)(18,9)) 1
((20,12)(18,7)) 6
((24,17)(25,22)) 2
((25,22)(25,21)) 4
((25,21)(24,17)) 4
((24,17)(25,21)) 4
((25,21)(25,22)) 4
((24,16)(24,13)) 2
((17,26)(15,28)) 1
((15,28)(15,28)) 15
((15,28)(16,21)) 1
((16,21)(13,14)) 1
((12,14)(14,15)) 2
((16,21)(16,28)) 1
((16,28)(15,28)) 1
((15,28)(15,25)) 1
((15,25)(16,21)) 1
((16,21)(14,15)) 1
((14,15)(16,21)) 1
((15,25)(16,28)) 1
((16,28)(16,27)) 1
((16,27)(15,28)) 1
((15,28)(16,28)) 1
((20,17)(20,12)) 2
((20,12)(24,16)) 3
((24,16)(18,14)) 1
((18,14)(20,11)) 1
((24,16)(25,16)) 2
((25,16)(25,16)) 21
((25,16)(28,13)) 1
((28,13)(35,9)) 1
((35,9)(28,13)) 2
((28,13)(25,16)) 2
((21,16)(20,18)) 1
((15,15)(29,9)) 1
((29,9)(29,9)) 1
((29,9)(14,15)) 1
((14,14)(24,13)) 2
((25,13)(17,12)) 3
((16,12)(15,12)) 1
((15,12)(15,12)) 2
((22,17)(18,14)) 2
((18,14)(22,17)) 3
((18,14)(17,16)) 1
((7,18)(20,36)) 1
((21,20)(22,20)) 5
((21,20)(18,19)) 2
((18,19)(18,20)) 5
((18,20)(21,20)) 1
((18,19)(21,20)) 1
((7,18)(18,10)) 1
((18,10)(19,15)) 1
((18,13)(18,10)) 5
((6,9)(10,9)) 1
((15,5)(14,10)) 1
((14,10)(14,10)) 2
((14,10)(9,8)) 1
((18,14)(19,17)) 1
((19,17)(21,20)) 3
((21,20)(14,7)) 1
((14,7)(15,5)) 1
((16,1)(20,12)) 3
((20,12)(16,1)) 1
((17,12)(16,1)) 1
((16,1)(17,1)) 1
((18,17)(20,12)) 1
((16,15)(20,12)) 2
((21,17)(6,12)) 2
((6,12)(21,17)) 2
((10,7)(6,11)) 1
((6,11)(10,7)) 2
((10,7)(6,12)) 1
((6,12)(17,12)) 1
((24,12)(24,15)) 1
((24,15)(22,12)) 1
((16,12)(15,13)) 5
((15,13)(15,14)) 1
((15,14)(16,14)) 1
((16,14)(18,15)) 2
((18,16)(22,17)) 1
((22,17)(16,12)) 1
((14,14)(10,9)) 1
((10,9)(19,14)) 1
((19,16)(14,2)) 1
((14,2)(17,12)) 1
((13,15)(21,18)) 1
((21,18)(21,21)) 1
((21,21)(16,21)) 1
((16,21)(19,34)) 1
((19,34)(21,21)) 1
((18,14)(19,16)) 3
((19,17)(18,14)) 1
((19,17)(17,36)) 1
((17,36)(17,36)) 1
((17,36)(15,17)) 1
((15,17)(13,21)) 1
((21,17)(22,18)) 4
((22,18)(20,12)) 4
((20,12)(20,17)) 4
((11,7)(11,7)) 1
((11,7)(10,9)) 1
((10,9)(16,15)) 2
((16,15)(10,9)) 2
((10,9)(11,6)) 1
((17,15)(21,16)) 2
((21,16)(23,16)) 5
((23,16)(21,16)) 3
((23,16)(21,17)) 1
((21,16)(21,21)) 2
((21,21)(21,20)) 2
((21,20)(21,16)) 1
((21,21)(21,22)) 1
((21,22)(21,22)) 1
((21,22)(21,21)) 1
((21,21)(21,16)) 1
((13,9)(13,10)) 3
((13,10)(13,10)) 6
((13,10)(12,10)) 1
((12,10)(13,10)) 1
((13,10)(13,9)) 1
((13,9)(18,12)) 1
((18,10)(16,5)) 1
((16,5)(16,5)) 41
((16,5)(15,5)) 1
((15,5)(14,7)) 2
((14,7)(13,6)) 2
((13,6)(13,9)) 2
((21,33)(20,39)) 4
((20,39)(21,33)) 3
((21,33)(22,31)) 6
((22,31)(18,28)) 2
((22,31)(21,33)) 4
((22,31)(19,18)) 1
((19,17)(22,31)) 1
((20,12)(13,14)) 2
((13,14)(19,17)) 1
((16,6)(16,10)) 2
((16,10)(16,6)) 1
((16,10)(17,14)) 1
((17,14)(18,17)) 1
((18,17)(16,6)) 1
((24,13)(20,8)) 1
((20,8)(29,27)) 1
((29,27)(20,9)) 1
((20,9)(20,9)) 7
((20,9)(19,9)) 1
((36,32)(24,17)) 2
((20,17)(13,6)) 1
((13,6)(18,13)) 1
((27,23)(25,23)) 1
((25,23)(21,17)) 2
((21,17)(25,23)) 1
((21,17)(26,24)) 1
((26,24)(18,16)) 1
((18,16)(21,18)) 2
((22,11)(21,17)) 1
((21,17)(22,12)) 4
((22,12)(15,19)) 1
((15,19)(22,12)) 1
((18,16)(12,13)) 1
((12,13)(20,36)) 1
((22,7)(21,8)) 1
((22,18)(34,27)) 2
((34,27)(33,27)) 4
((33,27)(33,27)) 8
((33,27)(34,27)) 2
((34,27)(26,20)) 2
((26,20)(22,18)) 2
((33,27)(26,20)) 1
((21,17)(34,27)) 3
((26,20)(19,16)) 2
((21,17)(15,19)) 5
((10,14)(16,15)) 1
((16,15)(22,19)) 1
((8,13)(13,14)) 1
((15,19)(16,15)) 1
((24,13)(16,13)) 1
((17,12)(9,12)) 1
((9,12)(17,12)) 1
((17,12)(22,11)) 1
((22,11)(15,13)) 1
((15,13)(15,11)) 1
((15,11)(15,19)) 1
((22,20)(19,18)) 1
((19,18)(15,15)) 1
((21,20)(15,15)) 1
((21,20)(21,17)) 4
((16,12)(19,17)) 1
((21,17)(13,14)) 5
((13,14)(13,11)) 5
((19,18)(10,9)) 1
((14,14)(19,18)) 2
((19,17)(24,16)) 1
((24,16)(6,11)) 1
((5,11)(14,2)) 1
((14,15)(20,17)) 3
((8,13)(10,7)) 1
((10,7)(14,2)) 1
((14,2)(15,5)) 1
((15,5)(16,5)) 2
((16,5)(20,12)) 2
((22,20)(19,19)) 3
((18,19)(19,16)) 1
((20,17)(19,16)) 3
((14,13)(16,15)) 1
((16,15)(19,16)) 1
((19,16)(16,15)) 2
((16,14)(15,19)) 1
((16,12)(18,14)) 2
((16,12)(10,9)) 1
((10,9)(8,8)) 2
((25,14)(25,14)) 2
((25,14)(17,12)) 1
((20,14)(26,15)) 1
((26,15)(25,13)) 1
((17,12)(26,15)) 1
((26,15)(19,17)) 1
((19,17)(16,28)) 1
((16,28)(18,35)) 1
((18,35)(19,17)) 1
((19,17)(26,15)) 1
((21,0)(32,3)) 3
((32,3)(21,0)) 3
((21,0)(29,5)) 1
((29,5)(25,10)) 1
((25,10)(20,12)) 1
((20,12)(17,9)) 1
((21,17)(18,14)) 2
((17,14)(21,3)) 1
((17,12)(21,3)) 1
((21,20)(19,21)) 1
((19,21)(19,21)) 5
((19,21)(18,20)) 1
((18,20)(22,9)) 1
((21,3)(18,8)) 2
((19,9)(20,18)) 1
((20,18)(22,20)) 2
((19,19)(19,22)) 1
((19,22)(19,22)) 1
((19,22)(20,22)) 1
((20,22)(20,12)) 1
((15,5)(19,15)) 1
((19,16)(19,18)) 2
((19,18)(20,29)) 1
((20,29)(20,29)) 30
((20,29)(20,28)) 2
((20,28)(20,28)) 3
((20,28)(18,16)) 1
((19,18)(18,26)) 1
((18,26)(20,28)) 1
((20,28)(20,29)) 2
((20,29)(20,33)) 1
((20,33)(20,29)) 1
((34,6)(21,3)) 1
((15,15)(14,16)) 1
((14,16)(14,16)) 5
((14,16)(15,15)) 1
((15,15)(22,20)) 2
((22,20)(21,18)) 1
((21,18)(21,3)) 1
((13,11)(16,14)) 1
((16,14)(27,12)) 1
((27,12)(12,5)) 1
((12,5)(10,9)) 1
((10,9)(9,8)) 1
((9,8)(7,10)) 1
((7,10)(15,13)) 1
((15,13)(27,12)) 1
((27,12)(28,11)) 1
((28,11)(24,13)) 1
((24,13)(25,14)) 1
((25,14)(21,16)) 1
((22,8)(22,9)) 1
((21,16)(27,12)) 2
((27,12)(10,9)) 1
((19,17)(18,17)) 3
((18,17)(16,12)) 1
((16,12)(22,17)) 1
((22,17)(21,3)) 1
((17,0)(21,17)) 2
((27,14)(37,29)) 2
((37,29)(27,14)) 1
((37,29)(36,24)) 1
((36,24)(38,30)) 1
((38,30)(38,30)) 2
((38,30)(36,30)) 1
((36,30)(38,30)) 1
((19,16)(6,11)) 1
((6,11)(9,12)) 1
((9,12)(19,16)) 1
((19,16)(17,19)) 1
((17,19)(9,12)) 1
((19,16)(8,13)) 5
((8,13)(21,17)) 2
((18,9)(18,13)) 1
((18,13)(18,16)) 4
((18,9)(18,10)) 2
((18,10)(18,13)) 2
((18,10)(18,16)) 1
((18,10)(20,18)) 1
((21,16)(19,15)) 1
((19,15)(18,15)) 1
((18,15)(24,12)) 1
((23,20)(23,20)) 3
((23,20)(22,20)) 2
((22,20)(22,19)) 7
((21,17)(37,21)) 1
((37,21)(38,21)) 2
((38,21)(38,21)) 2
((38,21)(37,21)) 1
((33,11)(21,16)) 1
((21,17)(33,11)) 3
((33,11)(19,17)) 1
((21,16)(17,19)) 1
((33,11)(21,17)) 1
((22,20)(16,4)) 1
((15,5)(17,0)) 1
((17,0)(22,20)) 1
((21,16)(21,20)) 1
((21,20)(16,9)) 1
((16,9)(14,7)) 1
((21,18)(20,18)) 2
((18,14)(18,16)) 1
((17,12)(17,13)) 6
((17,13)(10,9)) 1
((14,13)(18,16)) 2
((10,9)(14,13)) 1
((15,15)(20,11)) 2
((20,11)(18,15)) 1
((18,12)(21,6)) 1
((21,17)(18,19)) 1
((18,20)(21,17)) 1
((21,17)(18,15)) 1
((19,16)(22,18)) 1
((21,17)(27,24)) 1
((27,24)(27,24)) 9
((27,24)(30,6)) 1
((30,6)(30,6)) 1
((30,6)(27,24)) 1
((27,24)(36,24)) 1
((36,24)(27,25)) 1
((27,25)(27,24)) 1
((22,16)(20,17)) 1
((20,17)(17,12)) 2
((17,12)(22,16)) 1
((22,16)(19,15)) 2
((19,15)(17,12)) 2
((17,13)(16,12)) 2
((16,12)(22,16)) 1
((22,16)(17,12)) 1
((17,12)(14,6)) 1
((16,28)(20,14)) 2
((17,12)(16,28)) 1
((24,25)(21,17)) 1
((18,16)(15,19)) 4
((15,19)(16,21)) 4
((15,19)(15,18)) 2
((15,18)(15,18)) 7
((15,18)(16,21)) 1
((20,12)(25,15)) 1
((25,15)(26,15)) 1
((26,15)(24,16)) 2
((24,16)(28,13)) 1
((14,14)(16,15)) 5
((16,15)(24,13)) 1
((17,11)(24,13)) 2
((24,13)(17,14)) 1
((17,14)(24,13)) 1
((18,12)(18,14)) 2
((18,14)(20,12)) 5
((24,13)(34,8)) 1
((34,6)(17,12)) 1
((29,13)(35,9)) 1
((35,9)(34,6)) 2
((34,6)(34,7)) 2
((34,7)(34,7)) 4
((34,7)(34,6)) 2
((34,6)(14,14)) 1
((14,14)(18,16)) 2
((18,16)(34,6)) 1
((34,6)(34,8)) 3
((34,8)(35,9)) 1
((35,9)(33,11)) 2
((33,11)(35,9)) 1
((34,8)(28,13)) 2
((21,12)(24,13)) 2
((20,12)(25,10)) 1
((25,10)(24,10)) 1
((27,12)(22,16)) 3
((22,16)(27,12)) 1
((21,15)(27,13)) 1
((27,13)(27,12)) 1
((27,12)(21,15)) 1
((21,15)(27,12)) 1
((21,15)(20,12)) 3
((20,12)(27,13)) 1
((18,12)(21,19)) 3
((21,19)(18,12)) 3
((24,13)(15,15)) 2
((19,16)(16,21)) 1
((16,21)(24,8)) 1
((19,17)(17,16)) 3
((18,16)(20,13)) 1
((20,13)(21,17)) 1
((20,11)(19,17)) 1
((21,19)(24,27)) 1
((24,27)(21,19)) 1
((16,15)(14,14)) 4
((14,14)(13,14)) 1
((13,14)(14,14)) 1
((14,14)(15,19)) 3
((22,19)(25,23)) 1
((25,23)(22,19)) 2
((22,20)(25,23)) 1
((17,12)(24,17)) 2
((25,22)(27,23)) 1
((18,17)(19,17)) 4
((24,13)(27,10)) 4
((17,12)(11,9)) 2
((11,9)(16,15)) 1
((17,12)(27,10)) 1
((8,8)(7,8)) 1
((7,8)(7,8)) 1
((7,8)(8,8)) 1
((22,19)(23,19)) 1
((23,19)(23,19)) 1
((23,19)(22,19)) 1
((22,18)(21,18)) 1
((20,18)(15,19)) 1
((15,19)(16,18)) 1
((16,18)(16,18)) 1
((16,18)(19,16)) 1
((16,15)(12,14)) 1
((12,14)(16,15)) 1
((16,15)(24,19)) 1
((15,15)(24,27)) 2
((22,30)(24,27)) 2
((24,27)(20,17)) 1
((20,17)(15,15)) 1
((15,15)(21,33)) 3
((22,31)(23,14)) 1
((23,14)(18,20)) 1
((18,20)(22,5)) 1
((21,10)(21,17)) 1
((21,17)(15,5)) 1
((15,5)(21,17)) 1
((21,17)(21,6)) 1
((21,6)(25,5)) 1
((25,5)(26,3)) 1
((26,3)(26,4)) 1
((26,4)(26,4)) 1
((26,4)(24,13)) 1
((20,12)(22,17)) 4
((38,18)(26,20)) 1
((22,17)(38,18)) 1
((38,18)(19,16)) 1
((22,17)(25,20)) 1
((18,17)(21,16)) 1
((21,16)(22,20)) 1
((14,15)(16,19)) 1
((16,19)(14,15)) 2
((19,15)(17,19)) 1
((17,15)(10,9)) 2
((10,9)(17,15)) 2
((17,15)(22,16)) 1
((22,16)(10,9)) 2
((17,15)(16,14)) 1
((18,15)(17,15)) 1
((15,13)(20,12)) 3
((18,13)(19,17)) 1
((17,37)(19,37)) 4
((19,37)(23,24)) 3
((23,23)(23,24)) 2
((23,24)(20,36)) 2
((19,37)(17,37)) 3
((23,24)(19,37)) 2
((19,37)(16,37)) 3
((8,13)(10,9)) 1
((10,9)(21,6)) 1
((20,12)(23,14)) 1
((23,14)(22,15)) 1
((22,15)(20,17)) 1
((20,17)(21,4)) 1
((25,20)(19,17)) 1
((8,13)(7,18)) 2
((7,18)(10,14)) 1
((10,14)(22,12)) 1
((21,12)(19,13)) 2
((18,7)(19,7)) 1
((19,7)(17,12)) 2
((16,12)(19,7)) 1
((19,7)(18,7)) 1
((18,7)(17,12)) 1
((17,12)(19,7)) 2
((24,8)(15,15)) 1
((14,15)(24,8)) 1
((24,8)(17,19)) 1
((17,19)(14,15)) 1
((14,15)(24,10)) 1
((12,5)(11,5)) 1
((11,5)(11,5)) 3
((11,5)(12,5)) 2
((11,8)(10,7)) 2
((10,7)(11,5)) 1
((17,15)(21,10)) 3
((21,10)(21,8)) 2
((21,8)(17,15)) 1
((21,8)(21,10)) 1
((21,10)(17,15)) 1
((20,12)(20,7)) 1
((20,7)(20,7)) 1
((20,7)(22,8)) 1
((21,8)(22,16)) 1
((18,13)(19,12)) 1
((19,12)(17,12)) 2
((19,12)(18,12)) 1
((18,12)(19,12)) 1
((19,12)(18,14)) 1
((18,14)(19,12)) 1
((17,0)(22,9)) 1
((22,9)(21,11)) 1
((19,36)(19,36)) 4
((19,36)(20,36)) 2
((20,36)(19,36)) 1
((20,36)(21,16)) 2
((24,13)(29,7)) 1
((29,7)(29,7)) 1
((29,7)(29,5)) 1
((19,37)(22,31)) 1
((22,31)(18,19)) 1
((18,19)(19,37)) 1
((16,37)(17,12)) 1
((18,19)(16,13)) 1
((16,13)(18,12)) 1
((18,16)(19,19)) 1
((19,19)(19,16)) 1
((22,19)(20,17)) 2
((20,17)(18,13)) 1
((17,9)(20,12)) 1
((4,10)(14,15)) 2
((14,14)(28,7)) 1
((22,19)(17,14)) 1
((17,14)(24,19)) 1
((24,19)(19,17)) 1
((19,17)(22,18)) 1
((22,18)(26,20)) 1
((26,20)(25,18)) 1
((19,17)(37,29)) 1
((17,12)(37,29)) 1
((12,14)(19,17)) 1
((12,14)(10,9)) 1
((26,20)(22,14)) 2
((22,14)(23,20)) 1
((19,19)(26,20)) 1
((24,17)(21,15)) 1
((21,15)(24,17)) 1
((12,5)(14,18)) 1
((14,18)(15,18)) 2
((15,18)(13,6)) 1
((13,6)(10,3)) 1
((10,3)(13,14)) 2
((15,18)(13,14)) 1
((19,9)(21,17)) 2
((14,13)(8,8)) 2
((8,8)(7,18)) 1
((7,18)(15,13)) 1
((15,13)(14,13)) 4
((8,8)(17,13)) 1
((17,13)(22,16)) 1
((26,20)(18,16)) 1
((24,16)(22,17)) 4
((26,20)(8,13)) 1
((8,13)(21,20)) 1
((21,20)(26,20)) 1
((21,17)(25,16)) 1
((25,16)(26,16)) 1
((26,16)(25,16)) 1
((25,16)(21,18)) 2
((22,17)(25,16)) 2
((25,16)(22,17)) 1
((22,17)(21,18)) 1
((24,13)(21,18)) 1
((21,18)(16,20)) 1
((16,20)(16,20)) 3
((16,20)(15,19)) 1
((15,19)(21,17)) 5
((18,12)(19,17)) 1
((19,17)(7,10)) 1
((7,10)(14,2)) 1
((6,11)(16,5)) 1
((16,5)(18,11)) 1
((18,11)(18,14)) 1
((21,3)(19,2)) 1
((19,2)(20,1)) 1
((20,1)(20,1)) 2
((20,1)(21,1)) 1
((21,1)(21,16)) 1
((20,14)(21,3)) 2
((20,2)(21,16)) 1
((21,6)(21,0)) 1
((21,0)(21,6)) 1
((21,6)(21,3)) 2
((21,0)(21,17)) 1
((20,12)(21,6)) 1
((21,0)(20,16)) 1
((20,17)(18,12)) 1
((18,12)(20,1)) 1
((20,1)(21,0)) 1
((21,0)(21,3)) 2
((18,7)(18,5)) 1
((18,5)(19,5)) 1
((22,31)(20,17)) 1
((14,14)(7,18)) 1
((7,18)(21,17)) 1
((21,17)(18,7)) 1
((34,32)(34,32)) 5
((34,32)(36,32)) 3
((36,32)(34,31)) 1
((34,31)(32,28)) 1
((32,28)(28,31)) 1
((28,31)(28,31)) 1
((28,31)(28,34)) 1
((28,34)(34,32)) 1
((36,32)(34,32)) 1
((11,14)(12,15)) 1
((15,15)(8,11)) 1
((8,11)(9,10)) 1
((9,10)(7,15)) 1
((7,15)(9,15)) 1
((9,15)(9,15)) 3
((9,15)(10,14)) 1
((10,14)(7,18)) 1
((7,18)(12,15)) 1
((12,15)(11,15)) 1
((11,15)(11,15)) 6
((11,15)(11,14)) 1
((23,11)(22,11)) 2
((22,11)(22,10)) 1
((22,10)(22,9)) 1
((22,10)(23,11)) 1
((21,17)(20,15)) 1
((20,15)(18,12)) 1
((20,12)(18,13)) 1
((17,9)(17,12)) 1
((14,2)(17,7)) 2
((17,7)(16,7)) 3
((16,7)(16,7)) 3
((16,7)(17,7)) 2
((17,7)(10,9)) 1
((16,7)(15,7)) 1
((14,14)(21,8)) 1
((21,8)(14,15)) 1
((15,14)(20,17)) 1
((20,16)(21,8)) 1
((26,14)(27,14)) 2
((27,14)(26,14)) 2
((26,14)(27,15)) 1
((27,15)(27,15)) 1
((18,14)(16,15)) 1
((16,15)(21,8)) 1
((21,8)(16,15)) 1
((22,20)(15,9)) 1
((15,9)(22,20)) 1
((20,12)(18,6)) 3
((18,6)(18,6)) 10
((18,6)(20,12)) 2
((18,6)(18,7)) 1
((18,7)(18,6)) 1
((17,13)(17,12)) 3
((17,12)(15,15)) 1
((15,15)(8,5)) 1
((14,14)(28,13)) 2
((29,12)(14,14)) 1
((28,13)(14,14)) 1
((34,27)(37,29)) 2
((21,17)(19,11)) 1
((19,11)(20,14)) 1
((21,17)(38,28)) 1
((38,28)(21,17)) 1
((14,14)(11,9)) 1
((11,9)(9,11)) 1
((8,13)(22,17)) 2
((22,17)(10,9)) 1
((10,9)(6,11)) 2
((5,11)(8,13)) 1
((21,16)(20,2)) 1
((20,2)(17,0)) 1
((21,12)(19,19)) 1
((19,16)(19,19)) 1
((12,5)(14,7)) 1
((14,7)(6,11)) 1
((6,11)(14,7)) 1
((14,7)(18,12)) 1
((4,10)(1,12)) 1
((1,12)(1,12)) 4
((1,12)(3,11)) 1
((3,11)(3,11)) 4
((3,11)(6,11)) 1
((6,11)(8,10)) 1
((4,10)(3,11)) 1
((3,11)(1,12)) 1
((1,12)(8,10)) 1
((8,10)(8,9)) 1
((8,9)(8,10)) 1
((9,8)(6,11)) 1
((5,12)(9,9)) 1
((9,8)(10,9)) 2
((19,17)(22,20)) 3
((17,11)(18,8)) 1
((18,8)(18,10)) 1
((18,10)(17,11)) 2
((24,17)(7,18)) 1
((17,16)(24,16)) 1
((36,8)(20,12)) 1
((20,12)(36,8)) 1
((22,17)(17,16)) 2
((20,12)(21,7)) 1
((21,7)(20,12)) 2
((19,9)(16,12)) 1
((16,12)(19,9)) 1
((19,9)(18,8)) 1
((36,8)(25,10)) 1
((25,10)(22,12)) 1
((24,17)(16,12)) 2
((16,12)(20,12)) 5
((22,16)(20,12)) 1
((20,12)(27,12)) 1
((27,12)(25,13)) 1
((17,18)(18,16)) 3
((18,16)(17,18)) 3
((18,15)(21,12)) 1
((21,12)(20,9)) 2
((20,9)(21,12)) 1
((20,9)(22,9)) 1
((20,12)(20,9)) 2
((20,9)(20,12)) 1
((24,39)(22,31)) 3
((22,31)(35,9)) 2
((35,9)(30,13)) 2
((31,13)(30,13)) 1
((21,17)(22,31)) 2
((22,31)(24,39)) 2
((22,31)(19,37)) 1
((19,37)(16,36)) 1
((16,36)(16,37)) 2
((16,37)(16,36)) 2
((16,36)(22,31)) 1
((21,20)(22,22)) 1
((22,22)(22,22)) 4
((22,22)(22,23)) 2
((22,23)(22,22)) 2
((22,22)(19,11)) 1
((19,11)(19,10)) 2
((19,10)(19,10)) 4
((19,10)(20,12)) 1
((20,12)(22,23)) 1
((22,23)(19,10)) 1
((19,10)(22,22)) 1
((22,22)(21,17)) 1
((21,17)(22,23)) 1
((17,15)(17,16)) 5
((23,18)(20,17)) 1
((17,16)(17,15)) 2
((17,16)(23,17)) 1
((23,17)(20,17)) 1
((17,15)(16,15)) 1
((18,16)(17,15)) 2
((17,16)(20,17)) 1
((4,10)(20,36)) 1
((22,19)(4,10)) 1
((20,12)(19,16)) 1
((20,12)(16,12)) 5
((22,9)(22,11)) 1
((22,11)(20,12)) 1
((9,14)(16,15)) 2
((16,15)(9,14)) 1
((14,15)(9,14)) 2
((9,14)(11,14)) 1
((11,14)(9,14)) 1
((17,16)(12,14)) 2
((12,14)(17,16)) 2
((17,16)(11,15)) 1
((11,15)(12,14)) 1
((29,27)(21,17)) 2
((20,14)(24,25)) 2
((24,25)(20,14)) 2
((16,28)(17,27)) 1
((17,27)(18,26)) 1
((18,26)(15,26)) 1
((15,26)(18,26)) 1
((12,10)(12,11)) 1
((12,11)(13,11)) 1
((13,11)(12,10)) 2
((17,12)(14,10)) 1
((14,10)(13,11)) 1
((18,12)(20,16)) 1
((20,16)(19,27)) 1
((19,27)(19,27)) 1
((19,27)(21,15)) 1
((21,15)(22,31)) 2
((22,31)(21,15)) 1
((16,37)(16,28)) 1
((16,28)(16,36)) 1
((16,36)(19,37)) 1
((20,36)(18,27)) 1
((18,27)(18,27)) 1
((19,28)(19,28)) 9
((19,28)(19,17)) 1
((4,10)(5,9)) 1
((5,9)(5,9)) 1
((5,9)(4,10)) 1
((14,15)(24,13)) 2
((25,5)(25,4)) 1
((25,4)(24,13)) 1
((24,13)(19,28)) 1
((19,28)(22,9)) 1
((22,9)(19,28)) 1
((22,17)(13,14)) 2
((12,14)(20,17)) 2
((11,14)(12,13)) 2
((12,13)(18,17)) 1
((18,17)(11,14)) 1
((12,13)(22,19)) 1
((22,19)(21,14)) 1
((21,14)(14,15)) 1
((21,6)(16,9)) 1
((16,9)(22,9)) 1
((22,9)(21,7)) 1
((21,7)(22,8)) 1
((24,15)(23,13)) 2
((23,13)(22,15)) 1
((22,15)(24,15)) 1
((23,13)(24,15)) 1
((22,20)(25,20)) 1
((25,20)(25,21)) 3
((25,21)(22,17)) 1
((23,17)(25,21)) 1
((25,21)(21,17)) 1
((24,18)(24,19)) 1
((24,19)(25,20)) 2
((25,21)(21,33)) 1
((20,38)(23,18)) 1
((22,18)(24,19)) 1
((27,20)(27,20)) 5
((27,20)(26,20)) 2
((26,20)(18,14)) 2
((18,14)(26,20)) 2
((26,20)(27,20)) 2
((27,20)(18,14)) 1
((13,21)(21,17)) 1
((21,17)(9,8)) 1
((9,8)(21,17)) 1
((24,12)(21,20)) 1
((22,20)(15,15)) 1
((24,12)(21,17)) 1
((21,17)(22,14)) 1
((7,18)(20,11)) 1
((20,11)(17,19)) 1
((17,19)(17,16)) 1
((32,3)(24,13)) 1
((24,13)(14,15)) 3
((8,13)(29,5)) 1
((18,14)(21,33)) 1
((21,33)(18,14)) 1
((18,14)(7,18)) 2
((7,18)(21,33)) 1
((21,33)(19,16)) 1
((19,16)(21,33)) 1
((19,18)(25,13)) 2
((25,13)(19,18)) 2
((19,17)(25,13)) 1
((22,9)(21,0)) 1
((18,16)(17,19)) 1
((21,17)(34,23)) 1
((34,23)(31,21)) 1
((31,21)(31,21)) 1
((25,20)(37,21)) 1
((38,21)(39,14)) 1
((39,14)(25,20)) 1
((14,2)(20,12)) 2
((20,12)(13,15)) 1
((13,15)(21,17)) 1
((14,14)(16,4)) 1
((35,9)(27,14)) 2
((27,14)(24,16)) 1
((25,16)(24,16)) 2
((24,16)(27,14)) 1
((27,14)(35,9)) 2
((27,14)(25,16)) 1
((24,16)(35,9)) 1
((35,9)(24,16)) 1
((24,16)(21,17)) 3
((21,17)(34,9)) 1
((29,13)(28,13)) 1
((29,13)(24,17)) 1
((24,17)(29,13)) 1
((29,13)(36,8)) 1
((24,13)(28,18)) 1
((28,18)(34,20)) 1
((34,20)(34,20)) 1
((34,20)(34,19)) 1
((34,19)(28,18)) 1
((28,18)(34,19)) 1
((34,19)(21,17)) 1
((17,16)(15,19)) 1
((17,19)(21,16)) 1
((24,19)(21,17)) 2
((21,17)(23,24)) 4
((23,24)(21,17)) 2
((23,24)(21,20)) 1
((21,20)(23,20)) 1
((23,20)(23,21)) 1
((23,21)(23,21)) 3
((23,21)(20,14)) 1
((22,8)(14,13)) 1
((22,12)(23,8)) 4
((23,8)(13,6)) 1
((13,6)(6,10)) 1
((6,10)(21,16)) 1
((21,16)(23,8)) 1
((14,15)(21,12)) 2
((21,12)(18,16)) 1
((19,17)(21,7)) 1
((21,7)(18,14)) 1
((17,28)(17,28)) 5
((17,28)(16,28)) 2
((20,14)(14,15)) 1
((17,16)(17,28)) 1
((16,28)(17,28)) 1
((17,28)(15,26)) 1
((15,26)(16,28)) 2
((16,28)(15,29)) 1
((15,29)(15,29)) 2
((15,29)(17,27)) 1
((23,16)(30,13)) 3
((30,13)(31,12)) 1
((31,12)(31,12)) 1
((31,12)(31,13)) 1
((31,13)(23,16)) 1
((30,13)(23,16)) 1
((23,16)(30,14)) 1
((30,14)(23,16)) 1
((30,13)(33,12)) 2
((33,12)(31,13)) 1
((24,13)(22,14)) 1
((22,14)(25,10)) 1
((25,10)(24,8)) 1
((24,8)(22,14)) 1
((21,17)(18,17)) 1
((14,15)(3,10)) 3
((3,10)(22,12)) 2
((19,17)(17,0)) 1
((22,9)(24,13)) 1
((20,12)(16,13)) 1
((26,15)(22,17)) 1
((14,2)(16,5)) 2
((16,5)(17,12)) 1
((10,9)(16,5)) 1
((16,5)(14,2)) 1
((16,5)(19,16)) 1
((19,16)(15,5)) 1
((16,5)(15,3)) 1
((15,3)(14,2)) 1
((24,3)(16,15)) 1
((16,15)(22,12)) 2
((22,12)(16,15)) 1
((20,12)(32,15)) 2
((32,15)(32,15)) 3
((32,15)(20,13)) 1
((20,12)(20,14)) 4
((32,15)(32,16)) 1
((32,16)(32,16)) 5
((32,16)(32,15)) 1
((17,13)(17,14)) 1
((18,15)(16,12)) 2
((18,15)(17,12)) 2
((17,12)(16,13)) 1
((16,21)(24,12)) 1
((24,13)(18,22)) 1
((18,21)(24,13)) 1
((24,13)(14,17)) 1
((14,18)(16,21)) 1
((16,21)(24,13)) 1
((14,9)(14,9)) 17
((14,9)(16,9)) 2
((16,9)(14,9)) 2
((14,9)(16,12)) 1
((14,15)(15,19)) 3
((24,10)(26,20)) 1
((25,20)(24,10)) 1
((21,17)(25,20)) 2
((25,20)(21,17)) 3
((24,13)(24,10)) 1
((16,19)(18,19)) 1
((18,20)(18,22)) 1
((17,2)(18,7)) 2
((18,7)(17,2)) 2
((17,2)(21,2)) 1
((19,17)(16,21)) 1
((16,21)(15,19)) 3
((16,21)(22,31)) 1
((22,31)(20,36)) 1
((6,14)(15,15)) 1
((22,20)(6,14)) 1
((22,9)(21,18)) 1
((15,18)(15,19)) 1
((15,19)(22,9)) 1
((20,17)(16,9)) 1
((19,17)(35,9)) 1
((35,9)(34,8)) 1
((28,13)(27,12)) 1
((7,18)(20,21)) 1
((24,12)(16,13)) 1
((16,13)(24,12)) 1
((19,18)(17,19)) 1
((17,19)(18,17)) 1
((18,17)(21,17)) 3
((21,17)(17,19)) 1
((26,12)(24,15)) 1
((26,12)(21,17)) 2
((24,15)(26,12)) 1
((26,12)(19,17)) 1
((19,17)(26,13)) 1
((26,13)(26,12)) 1
((18,20)(16,12)) 1
((16,12)(4,7)) 1
((8,8)(7,7)) 1
((18,14)(6,7)) 1
((8,8)(21,17)) 2
((21,17)(30,13)) 2
((30,13)(30,14)) 1
((30,14)(7,7)) 1
((21,12)(21,1)) 1
((21,1)(21,11)) 1
((21,11)(21,3)) 1
((21,1)(23,2)) 1
((23,2)(23,2)) 3
((17,16)(18,17)) 1
((18,17)(18,18)) 2
((18,18)(19,19)) 1
((19,19)(15,15)) 1
((15,14)(13,15)) 1
((13,15)(12,15)) 1
((22,19)(18,16)) 2
((14,17)(18,16)) 2
((18,16)(21,19)) 1
((21,19)(22,19)) 2
((20,11)(21,17)) 1
((8,8)(17,12)) 1
((17,12)(26,20)) 1
((33,5)(33,5)) 2
((33,5)(34,6)) 1
((34,8)(33,5)) 1
((33,5)(13,15)) 1
((13,15)(14,14)) 1
((19,17)(27,21)) 1
((27,21)(22,17)) 1
((22,17)(27,21)) 1
((27,21)(19,17)) 1
((22,17)(26,18)) 1
((26,18)(21,17)) 1
((18,12)(13,18)) 1
((13,18)(13,18)) 2
((13,18)(12,5)) 1
((12,5)(19,15)) 1
((19,15)(21,15)) 2
((21,15)(19,15)) 1
((19,15)(13,6)) 1
((22,17)(34,31)) 1
((35,31)(34,31)) 1
((35,31)(35,32)) 1
((35,32)(35,32)) 1
((35,32)(36,30)) 1
((36,30)(35,31)) 1
((18,10)(17,8)) 1
((17,8)(20,12)) 1
((19,12)(18,9)) 1
((18,9)(18,12)) 1
((18,12)(18,11)) 3
((18,11)(20,11)) 1
((18,7)(16,8)) 1
((15,25)(21,33)) 1
((22,20)(17,15)) 1
((17,15)(18,14)) 1
((22,17)(22,20)) 2
((13,9)(11,5)) 1
((11,5)(9,8)) 1
((11,9)(12,9)) 1
((12,9)(13,9)) 1
((17,25)(18,25)) 1
((8,13)(16,15)) 1
((16,15)(24,15)) 1
((14,15)(25,15)) 1
((25,15)(28,13)) 1
((28,13)(25,13)) 1
((25,13)(20,12)) 1
((26,11)(27,8)) 1
((27,8)(29,5)) 1
((29,5)(30,4)) 2
((30,4)(30,4)) 3
((19,17)(23,23)) 1
((28,19)(28,19)) 1
((28,19)(26,19)) 1
((26,19)(25,19)) 1
((25,19)(21,17)) 1
((11,14)(9,13)) 1
((8,13)(11,9)) 1
((22,17)(21,16)) 2
((21,11)(24,13)) 1
((22,19)(18,12)) 1
((20,36)(15,25)) 1
((15,25)(19,17)) 1
((18,35)(16,24)) 1
((16,24)(18,35)) 1
((18,35)(20,36)) 1
((16,24)(24,31)) 1
((16,24)(23,29)) 1
((22,29)(22,30)) 1
((22,30)(24,31)) 1
((18,12)(22,19)) 1
((22,19)(31,10)) 1
((22,9)(21,6)) 1
((4,10)(12,14)) 1
((13,14)(20,12)) 1
((11,9)(6,7)) 1
((6,7)(13,14)) 1
((12,14)(4,10)) 1
((4,10)(22,20)) 1
((19,17)(15,25)) 1
((15,25)(14,25)) 1
((14,26)(15,26)) 1
((15,25)(22,17)) 1
((37,29)(38,29)) 1
((38,29)(38,29)) 1
((38,29)(37,29)) 1
((37,29)(22,30)) 1
((22,30)(37,29)) 1
((8,9)(7,10)) 1
((7,10)(6,11)) 1
((9,13)(9,12)) 1
((8,13)(28,13)) 1
((28,13)(8,13)) 1
((13,14)(15,15)) 2
((20,14)(18,8)) 2
((18,8)(18,4)) 1
((17,0)(18,4)) 1
((20,14)(22,16)) 1
((19,13)(20,16)) 1
((22,16)(25,15)) 1
((25,15)(21,17)) 1
((22,12)(20,16)) 1
((20,16)(22,9)) 1
((21,3)(20,16)) 1
((20,16)(21,6)) 1
((21,2)(21,1)) 1
((21,17)(28,34)) 1
((22,17)(21,12)) 1
((23,18)(24,17)) 2
((24,17)(20,19)) 1
((20,19)(24,18)) 1
((24,18)(15,22)) 1
((15,22)(15,22)) 1
((15,22)(30,10)) 1
((18,38)(15,19)) 1
((24,13)(19,15)) 1
((19,15)(22,20)) 1
((21,16)(19,18)) 1
((24,13)(21,1)) 1
((17,0)(18,8)) 1
((18,16)(19,15)) 1
((17,12)(15,9)) 2
((15,9)(14,9)) 2
((14,9)(20,12)) 1
((21,4)(17,12)) 1
((10,2)(15,15)) 1
((15,15)(25,10)) 1
((25,10)(13,6)) 1
((13,6)(21,15)) 1
((18,16)(18,8)) 1
((18,8)(18,3)) 1
((18,3)(17,0)) 1
((17,0)(20,17)) 1
((17,39)(20,14)) 1
((19,13)(11,3)) 1
((20,17)(8,13)) 1
((8,13)(14,15)) 3
((15,15)(17,16)) 2
((17,16)(20,14)) 1
((24,21)(24,21)) 1
((24,21)(25,21)) 1
((25,21)(25,20)) 1
((26,20)(26,19)) 1
((26,19)(26,20)) 2
((22,20)(19,17)) 2
((9,13)(17,12)) 1
((9,13)(22,17)) 1
((21,17)(23,18)) 1
((23,18)(21,20)) 1
((21,20)(18,16)) 1
((9,9)(6,11)) 1
((6,11)(4,13)) 2
((4,13)(4,13)) 3
((4,13)(4,10)) 1
((4,10)(8,13)) 1
((22,12)(21,3)) 1
((22,9)(21,10)) 2
((21,9)(22,9)) 1
((21,10)(26,6)) 1
((14,13)(17,12)) 2
((9,12)(10,11)) 1
((10,11)(10,11)) 1
((10,11)(14,13)) 1
((21,11)(16,15)) 1
((16,15)(8,13)) 1
((22,9)(18,9)) 1
((32,12)(28,13)) 3
((28,13)(32,12)) 1
((24,6)(24,13)) 1
((13,9)(24,13)) 1
((24,13)(24,6)) 1
((24,6)(24,8)) 1
((19,11)(17,11)) 1
((17,12)(19,13)) 1
((19,13)(17,17)) 1
((18,17)(17,11)) 1
((29,3)(17,12)) 1
((16,9)(15,7)) 1
((14,7)(26,0)) 1
((26,0)(17,12)) 2
((17,12)(14,7)) 1
((15,7)(15,8)) 1
((16,13)(26,0)) 1
((21,17)(29,3)) 1
((26,0)(20,12)) 1
((20,11)(26,0)) 1
((28,13)(20,11)) 1
((22,12)(28,13)) 1
((22,14)(17,12)) 1
((20,11)(24,13)) 1
((10,9)(18,12)) 2
((10,8)(6,11)) 1
((6,12)(10,8)) 1
((10,8)(9,9)) 1
((10,8)(6,10)) 1
((6,11)(5,12)) 5
((5,12)(10,8)) 1
((10,9)(11,8)) 2
((20,36)(26,24)) 2
((22,20)(15,25)) 1
((15,25)(22,31)) 1
((22,31)(17,39)) 1
((17,39)(20,36)) 1
((18,14)(21,19)) 1
((18,18)(21,20)) 1
((21,20)(22,19)) 1
((18,18)(21,1)) 1
((21,1)(17,0)) 1
((17,0)(20,14)) 1
((20,14)(17,19)) 1
((19,16)(24,27)) 1
((6,11)(19,17)) 2
((20,16)(6,12)) 1
((5,12)(20,16)) 1
((20,16)(18,16)) 1
((19,17)(12,4)) 1
((12,4)(10,9)) 1
((5,11)(6,13)) 1
((6,13)(6,13)) 2
((6,13)(15,19)) 1
((15,15)(6,12)) 1
((17,14)(15,11)) 1
((15,11)(17,14)) 1
((17,14)(20,12)) 1
((18,12)(16,12)) 1
((16,11)(17,14)) 1
((19,16)(16,12)) 1
((16,12)(12,11)) 1
((12,11)(15,11)) 1
((24,13)(18,11)) 1
((18,11)(19,12)) 1
((19,12)(24,6)) 1
((19,17)(19,14)) 1
((19,14)(20,13)) 1
((20,13)(19,14)) 1
((18,26)(20,12)) 1
((20,17)(18,26)) 1
((16,28)(16,21)) 1
((17,16)(17,12)) 2
((17,12)(10,3)) 1
((17,16)(13,14)) 1
((13,14)(11,2)) 1
((20,17)(21,15)) 1
((18,9)(15,3)) 1
((16,4)(18,10)) 1
((20,12)(15,3)) 3
((20,12)(10,15)) 1
((22,9)(19,37)) 1
((20,12)(17,19)) 1
((17,19)(18,18)) 1
((18,18)(18,19)) 1
((18,20)(18,17)) 1
((18,17)(17,14)) 1
((16,12)(23,14)) 1
((23,14)(21,15)) 1
((22,11)(21,1)) 1
((21,1)(24,17)) 1
((25,5)(25,2)) 2
((25,2)(25,5)) 1
((25,2)(21,0)) 1
((23,17)(22,20)) 2
((22,20)(19,12)) 1
((19,12)(18,11)) 1
((18,11)(18,16)) 1
((34,23)(21,17)) 1
((21,17)(25,19)) 1
((25,19)(26,19)) 1
((26,19)(33,19)) 1
((33,19)(35,20)) 1
((35,20)(21,17)) 1
((36,20)(34,22)) 1
((35,20)(33,19)) 1
((24,8)(24,7)) 2
((24,7)(21,15)) 1
((21,15)(24,7)) 1
((24,12)(21,15)) 1
((18,11)(21,15)) 1
((21,15)(21,14)) 1
((21,14)(24,13)) 1
((15,11)(13,9)) 1
((13,10)(20,12)) 1
((20,12)(10,16)) 1
((15,11)(16,12)) 1
((16,12)(18,16)) 1
((18,16)(16,12)) 1
((17,12)(18,15)) 1
((21,17)(15,13)) 1
((21,15)(18,24)) 1
((18,24)(16,29)) 1
((16,29)(16,28)) 3
((16,28)(8,4)) 1
((8,4)(8,12)) 1
((8,12)(8,12)) 2
((8,12)(9,13)) 1
((9,13)(9,11)) 1
((9,11)(8,8)) 1
((18,12)(14,2)) 2
((14,2)(27,8)) 1
((13,2)(24,13)) 1
((27,8)(21,17)) 1
((21,17)(25,10)) 1
((25,10)(21,17)) 1
((17,0)(12,15)) 1
((12,15)(10,14)) 1
((9,9)(21,15)) 1
((9,9)(14,2)) 1
((14,2)(12,11)) 1
((12,11)(9,9)) 1
((26,20)(31,19)) 1
((31,19)(20,25)) 1
((20,17)(18,16)) 2
((22,17)(31,19)) 1
((26,20)(18,12)) 2
((20,12)(31,19)) 1
((31,19)(22,17)) 1
((21,16)(17,11)) 1
((17,11)(13,6)) 1
((13,6)(19,15)) 1
((19,15)(12,5)) 1
((12,5)(32,25)) 1
((32,25)(24,8)) 1
((24,8)(21,17)) 1
((19,16)(16,28)) 1
((16,28)(16,29)) 4
((19,17)(16,29)) 1
((16,29)(15,26)) 1
((9,9)(11,9)) 1
((11,9)(13,6)) 1
((13,6)(13,5)) 1
((13,5)(13,5)) 1
((13,5)(10,9)) 1
((9,9)(9,10)) 1
((9,10)(10,12)) 1
((10,12)(11,10)) 1
((11,10)(11,9)) 1
((27,14)(7,9)) 1
((27,14)(6,9)) 1
((6,9)(5,8)) 1
((5,8)(5,8)) 1
((22,17)(20,12)) 1
((20,12)(16,6)) 1
((16,6)(16,4)) 1
((16,4)(21,17)) 1
((24,14)(21,17)) 1
((21,17)(24,14)) 1
((21,16)(22,17)) 2
((22,17)(24,12)) 1
((24,13)(23,12)) 1
((23,12)(15,19)) 1
((15,19)(23,12)) 1
((17,16)(9,15)) 2
((9,15)(8,16)) 1
((8,16)(8,16)) 2
((8,16)(6,12)) 1
((6,11)(13,3)) 1
((9,15)(7,18)) 1
((17,16)(8,8)) 1
((13,3)(12,5)) 2
((12,5)(15,9)) 1
((14,9)(15,7)) 1
((15,7)(15,6)) 1
((15,6)(15,6)) 1
((15,6)(13,6)) 1
((12,5)(13,3)) 1
((17,0)(13,18)) 1
((13,18)(16,21)) 1
((16,21)(20,12)) 1
((15,15)(17,19)) 1
((17,19)(16,20)) 1
((16,20)(16,21)) 1
((32,10)(32,10)) 1
((32,10)(32,12)) 1
((28,13)(17,12)) 2
((17,12)(28,13)) 2
((20,12)(18,3)) 1
((18,3)(21,12)) 1
((21,12)(23,9)) 1
((23,9)(22,9)) 1
((22,9)(20,11)) 1
((8,13)(11,15)) 1
((11,15)(12,15)) 2
((12,15)(20,12)) 1
((24,13)(26,3)) 2
((26,3)(21,16)) 1
((4,13)(6,11)) 1
((4,13)(19,17)) 1
((19,17)(25,11)) 1
((25,11)(25,11)) 1
((25,11)(18,16)) 1
((15,19)(19,17)) 2
((22,19)(15,16)) 1
((15,16)(21,17)) 1
((21,17)(37,27)) 1
((37,27)(37,27)) 1
((37,27)(22,19)) 1
((8,14)(15,15)) 1
((21,33)(14,15)) 2
((15,15)(17,12)) 2
((18,13)(20,15)) 1
((20,15)(21,20)) 1
((23,24)(14,7)) 1
((2,11)(3,11)) 2
((3,11)(2,11)) 1
((3,11)(4,10)) 1
((22,13)(36,9)) 1
((36,9)(21,6)) 1
((21,6)(21,4)) 2
((21,4)(20,12)) 1
((24,16)(24,15)) 1
((24,15)(24,14)) 1
((22,20)(23,17)) 1
((22,17)(20,16)) 1
((20,16)(12,17)) 1
((12,17)(12,17)) 1
((12,17)(20,18)) 1
((16,9)(15,5)) 2
((20,11)(20,10)) 2
((20,11)(18,5)) 1
((24,7)(22,7)) 1
((22,7)(21,7)) 1
((20,21)(17,37)) 1
((17,37)(20,22)) 1
((20,21)(19,21)) 1
((19,21)(20,21)) 1
((20,21)(22,20)) 1
((22,20)(20,21)) 1
((20,21)(22,24)) 1
((22,24)(22,24)) 1
((22,24)(23,24)) 1
((23,24)(21,21)) 1
((24,18)(8,13)) 1
((24,17)(7,17)) 1
((7,17)(11,14)) 1
((32,12)(19,17)) 2
((19,17)(18,19)) 2
((18,19)(19,17)) 2
((19,17)(32,12)) 2
((32,12)(30,13)) 2
((16,9)(15,12)) 1
((15,12)(18,15)) 1
((16,12)(18,15)) 1
((18,15)(19,17)) 1
((17,12)(22,19)) 1
((22,19)(15,17)) 1
((24,17)(20,17)) 1
((19,16)(31,28)) 1
((31,28)(21,19)) 1
((21,15)(31,10)) 1
((6,11)(21,16)) 1
((17,12)(5,12)) 1
((27,9)(24,12)) 1
((24,12)(6,11)) 1
((6,11)(18,12)) 1
((17,12)(20,4)) 2
((20,4)(20,4)) 2
((20,4)(16,21)) 1
((16,37)(19,37)) 1
((16,37)(16,12)) 1
((26,20)(20,12)) 1
((21,17)(11,15)) 1
((12,15)(15,15)) 1
((14,14)(24,27)) 1
((24,27)(23,29)) 1
((23,29)(14,14)) 1
((19,16)(18,18)) 1
((18,18)(23,29)) 1
((23,29)(24,27)) 1
((24,27)(14,15)) 1
((23,29)(22,27)) 1
((17,16)(34,9)) 1
((34,9)(21,17)) 1
((20,17)(34,9)) 1
((15,19)(13,14)) 4
((12,14)(21,17)) 1
((21,18)(21,19)) 1
((22,11)(23,9)) 1
((21,16)(26,13)) 1
((26,13)(19,16)) 1
((19,16)(24,15)) 1
((21,17)(25,13)) 1
((14,15)(14,16)) 3
((14,16)(21,17)) 1
((14,16)(14,15)) 2
((23,8)(17,12)) 1
((18,19)(15,19)) 1
((15,19)(23,8)) 1
((36,8)(35,9)) 1
((33,11)(32,12)) 1
((27,14)(26,15)) 1
((16,16)(15,18)) 1
((15,18)(14,18)) 1
((14,18)(15,19)) 3
((19,16)(20,17)) 1
((20,39)(22,20)) 1
((20,37)(17,12)) 1
((31,28)(23,29)) 1
((21,17)(31,28)) 1
((31,28)(24,19)) 1
((17,12)(8,13)) 1
((8,13)(22,8)) 1
((22,8)(17,12)) 1
((21,8)(8,15)) 1
((30,4)(32,3)) 1
((15,13)(12,11)) 1
((12,11)(15,13)) 1
((15,15)(22,12)) 1
((21,18)(21,33)) 1
((22,31)(17,12)) 1
((14,7)(13,7)) 1
((13,7)(13,9)) 1
((21,17)(16,19)) 1
((16,19)(16,20)) 1
((16,20)(19,16)) 1
((35,8)(7,18)) 1
((7,18)(7,16)) 1
((7,16)(8,16)) 1
((13,14)(14,17)) 2
((15,19)(18,22)) 1
((18,22)(21,17)) 1
((17,12)(18,20)) 1
((18,20)(20,18)) 1
((20,18)(18,21)) 1
((18,21)(21,20)) 1
((21,20)(24,25)) 1
((24,25)(21,20)) 1
((20,14)(24,13)) 1
((20,14)(19,17)) 1
((16,37)(22,16)) 1
((19,15)(16,10)) 1
((16,10)(16,9)) 2
((7,18)(8,13)) 2
((8,13)(18,16)) 2
((19,17)(21,6)) 1
((22,16)(21,19)) 1
((21,18)(22,19)) 1
((20,14)(18,12)) 1
((20,36)(21,34)) 1
((21,34)(20,36)) 1
((18,16)(20,36)) 1
((22,19)(19,17)) 1
((21,17)(20,16)) 2
((20,16)(26,20)) 1
((38,28)(36,29)) 2
((36,29)(38,28)) 1
((36,29)(35,28)) 1
((35,28)(35,28)) 1
((21,17)(19,18)) 1
((19,18)(21,14)) 1
((21,14)(22,13)) 1
((22,13)(22,9)) 1
((13,11)(12,5)) 1
((13,6)(19,13)) 1
((20,17)(15,8)) 1
((15,8)(13,6)) 1
((20,13)(19,17)) 1
((17,12)(16,4)) 1
((21,12)(23,6)) 1
((23,6)(22,11)) 1
((21,12)(22,11)) 1
((22,11)(22,13)) 1
((22,13)(21,12)) 1
((21,17)(36,32)) 1
((21,16)(16,15)) 1
((18,12)(17,13)) 1
((17,13)(18,14)) 1
((36,32)(17,12)) 1
((28,13)(21,12)) 1
((17,9)(16,5)) 1
((16,5)(16,4)) 2
((16,4)(16,5)) 2
((20,12)(16,5)) 1
((22,31)(22,36)) 1
((22,36)(22,36)) 1
((22,36)(22,31)) 1
((22,31)(21,18)) 1
((21,12)(22,9)) 1
((7,17)(20,11)) 1
((7,18)(22,31)) 1
((21,21)(20,14)) 1
((18,12)(37,18)) 1
((6,11)(12,4)) 1
((17,12)(6,13)) 1
((6,13)(5,14)) 1
((5,14)(5,14)) 1
((19,14)(6,11)) 1
((14,2)(18,9)) 1
((18,9)(6,11)) 1
((16,15)(13,14)) 1
((20,17)(15,19)) 1
((20,12)(26,12)) 1
((26,12)(20,12)) 1
((21,15)(20,16)) 1
((20,16)(18,19)) 1
((18,19)(17,18)) 1
((17,18)(24,13)) 1
((20,16)(19,18)) 1
((19,18)(24,13)) 1
((17,2)(20,12)) 1
((16,1)(16,2)) 1
((16,2)(16,2)) 1
((16,2)(17,0)) 1
((33,11)(22,17)) 1
((18,18)(19,16)) 1
((16,15)(28,13)) 1
((26,15)(25,17)) 1
((25,17)(24,19)) 1
((24,19)(14,15)) 1
((21,18)(15,15)) 1
((15,15)(7,17)) 1
((7,17)(10,16)) 1
((10,16)(16,15)) 1
((16,15)(25,17)) 1
((18,15)(18,14)) 1
((21,17)(19,14)) 1
((19,14)(14,15)) 1
((37,29)(37,28)) 1
((37,28)(37,28)) 1
((27,10)(30,4)) 1
((30,4)(27,9)) 1
((27,9)(28,9)) 1
((28,9)(28,9)) 1
((28,9)(27,10)) 1
((24,13)(24,19)) 1
((21,8)(18,16)) 1
((33,29)(30,28)) 1
((30,28)(33,29)) 1
((33,29)(33,28)) 1
((33,28)(33,28)) 13
((33,28)(33,29)) 1
((34,28)(33,28)) 1
((33,28)(34,28)) 2
((33,29)(20,12)) 1
((24,17)(33,29)) 1
((34,29)(33,28)) 1
((17,12)(20,20)) 1
((20,20)(20,21)) 1
((20,21)(17,11)) 1
((17,11)(17,10)) 1
((17,10)(17,10)) 1
((17,10)(17,11)) 1
((27,9)(27,11)) 1
((27,11)(27,11)) 2
((27,11)(28,11)) 1
((28,11)(27,9)) 1
((27,9)(28,11)) 1
((28,11)(22,16)) 1
((21,17)(27,9)) 1
((18,12)(11,9)) 1
((17,12)(19,14)) 1
((19,14)(11,14)) 1
((20,12)(12,14)) 1
((17,12)(16,10)) 1
((17,18)(22,30)) 2
((22,30)(17,18)) 1
((19,17)(22,30)) 1
((22,30)(20,33)) 1
((26,25)(22,17)) 1
((8,13)(15,19)) 1
((21,17)(22,20)) 1
((20,12)(23,16)) 1
((23,16)(23,15)) 1
((23,15)(23,15)) 3
((25,2)(26,0)) 1
((25,5)(24,19)) 1
((24,13)(17,16)) 2
((17,16)(24,19)) 2
((18,13)(20,16)) 1
((23,24)(24,25)) 1
((24,25)(21,16)) 1
((21,16)(14,15)) 1
((21,17)(23,13)) 1
((30,13)(17,12)) 1
((23,6)(22,12)) 1
((22,12)(21,15)) 1
((21,16)(23,6)) 1
((23,6)(23,7)) 1
((23,7)(22,12)) 1
((22,12)(21,16)) 2
((21,16)(15,19)) 1
((16,21)(19,17)) 1
((6,12)(7,18)) 1
((21,17)(18,9)) 1
((18,9)(19,21)) 1
((19,21)(21,17)) 1
((19,17)(24,27)) 1
((24,27)(18,9)) 1
((14,2)(13,6)) 1
((17,12)(22,17)) 1
((17,12)(23,14)) 1
((23,14)(17,12)) 1
((20,12)(22,19)) 1
((24,12)(21,19)) 1
((21,19)(20,12)) 1
((20,12)(12,5)) 1
((12,5)(22,17)) 1
((17,0)(24,13)) 1
((24,13)(17,0)) 1
((21,20)(22,17)) 1
((22,17)(18,20)) 1
((9,11)(15,15)) 1
((13,15)(8,14)) 1
((8,14)(11,14)) 1
((11,14)(8,15)) 1
((8,15)(7,15)) 2
((8,14)(8,15)) 1
((7,15)(8,15)) 1
((8,15)(8,14)) 1
((5,11)(6,12)) 1
((16,10)(20,8)) 1
((20,8)(21,10)) 1
((21,17)(23,14)) 1
((21,17)(16,28)) 1
((16,28)(14,16)) 1
((14,16)(8,12)) 1
((8,12)(15,29)) 1
((15,29)(15,28)) 1
((15,28)(17,27)) 1
((17,27)(15,28)) 1
((15,28)(19,17)) 1
((21,17)(21,34)) 1
((21,34)(15,19)) 1
((22,12)(26,0)) 1
((26,0)(24,0)) 1
((26,6)(27,11)) 1
((27,11)(15,19)) 1
((15,19)(24,7)) 1
((24,7)(13,14)) 1
((14,14)(16,12)) 1
((24,10)(25,9)) 1
((25,9)(25,9)) 1
((25,9)(24,8)) 1
((20,14)(10,9)) 1
((21,15)(19,17)) 1
((19,17)(15,19)) 1
((19,16)(22,12)) 1
((21,17)(20,19)) 1
((20,19)(20,38)) 1
((20,38)(24,17)) 1
((19,17)(11,2)) 1
((22,20)(16,21)) 1
((16,12)(24,17)) 1
((22,18)(24,17)) 1
((24,17)(35,9)) 1
((35,9)(24,17)) 1
((21,17)(24,16)) 1
((24,16)(26,15)) 1
((26,15)(24,14)) 1
((22,19)(22,16)) 1
((22,16)(19,16)) 1
((18,17)(15,15)) 2
((15,15)(14,26)) 1
((15,25)(17,12)) 1
((17,13)(18,12)) 1
((28,7)(27,10)) 1
((21,17)(34,8)) 1
((32,9)(20,17)) 1
((20,17)(28,13)) 1
((32,9)(17,12)) 1
((14,14)(32,9)) 1
((23,29)(20,38)) 4
((20,38)(23,29)) 2
((20,38)(21,7)) 1
((21,7)(21,6)) 1
((19,10)(19,11)) 2
((19,11)(18,13)) 1
((18,13)(19,11)) 1
((19,11)(20,16)) 1
((20,16)(19,14)) 1
((19,13)(19,11)) 1
((19,11)(18,8)) 1
((18,8)(19,11)) 1
((20,12)(17,7)) 1
((17,7)(20,12)) 1
((21,12)(19,17)) 1
((32,12)(21,17)) 1
((26,15)(21,17)) 2
((17,0)(16,15)) 1
((12,13)(14,11)) 1
((14,11)(21,21)) 1
((12,13)(17,12)) 1
((13,9)(20,17)) 1
((20,17)(9,10)) 1
((34,8)(37,15)) 1
((37,15)(19,34)) 1
((37,15)(36,15)) 1
((36,15)(18,35)) 1
((23,37)(14,14)) 1
((18,19)(23,37)) 1
((23,37)(20,17)) 1
((20,36)(23,38)) 1
((23,38)(23,38)) 1
((23,38)(22,38)) 1
((22,38)(22,38)) 3
((17,12)(17,8)) 1
((17,8)(13,9)) 1
((13,9)(18,17)) 1
((15,15)(24,14)) 1
((24,14)(15,15)) 1
((17,11)(18,10)) 1
((16,37)(13,14)) 1
((15,9)(13,8)) 1
((13,8)(13,7)) 1
((13,7)(15,9)) 1
((15,9)(18,22)) 1
((15,9)(18,21)) 1
((18,21)(19,17)) 1
((21,16)(18,22)) 1
((18,22)(27,21)) 1
((27,21)(26,20)) 1
((19,17)(18,22)) 1
((18,22)(17,22)) 1
((28,13)(24,16)) 1
((24,16)(32,12)) 1
((15,18)(18,16)) 1
((21,3)(18,16)) 1
((18,16)(15,18)) 1
((17,12)(13,8)) 1
((15,13)(24,15)) 1
((10,12)(11,14)) 1
((33,14)(26,14)) 2
((26,14)(26,15)) 2
((16,37)(37,15)) 1
((37,15)(33,14)) 1
((33,14)(22,31)) 1
((22,31)(19,34)) 2
((19,34)(16,37)) 2
((26,15)(17,16)) 1
((18,8)(18,9)) 1
((18,9)(19,9)) 1
((21,3)(16,0)) 1
((28,13)(27,9)) 1
((19,16)(15,19)) 1
((16,21)(27,8)) 1
((20,22)(19,19)) 1
((19,19)(21,19)) 1
((21,19)(20,22)) 1
((20,22)(19,17)) 1
((20,22)(21,17)) 1
((31,15)(32,16)) 2
((32,16)(35,19)) 2
((33,19)(24,17)) 1
((29,13)(31,15)) 1
((35,19)(28,15)) 1
((28,15)(28,15)) 1
((13,9)(6,7)) 1
((6,7)(16,12)) 1
((29,5)(24,13)) 2
((20,36)(14,17)) 1
((14,17)(19,34)) 1
((15,13)(21,16)) 1
((20,12)(15,13)) 1
((15,13)(12,10)) 1
((21,17)(13,11)) 1
((19,37)(19,13)) 1
((29,10)(27,12)) 3
((27,12)(26,11)) 1
((26,11)(24,13)) 1
((21,16)(29,10)) 1
((27,12)(24,17)) 1
((17,12)(21,13)) 1
((12,5)(10,15)) 1
((12,5)(11,14)) 2
((12,6)(6,11)) 1
((9,13)(21,17)) 1
((24,3)(23,4)) 1
((23,4)(24,3)) 1
((16,15)(29,8)) 1
((29,8)(29,8)) 1
((29,8)(16,15)) 1
((16,15)(17,22)) 1
((17,22)(30,8)) 1
((30,8)(28,7)) 1
((28,7)(19,17)) 1
((22,20)(14,17)) 1
((14,17)(16,24)) 1
((19,14)(18,15)) 1
((17,16)(11,14)) 1
((21,10)(18,12)) 1
((24,12)(25,12)) 1
((24,17)(25,13)) 1
((22,17)(32,33)) 1
((28,13)(33,12)) 2
((33,12)(20,12)) 1
((20,12)(30,13)) 1
((33,12)(33,11)) 1
((33,11)(21,20)) 1
((21,20)(28,13)) 1
((24,27)(21,20)) 1
((22,37)(28,34)) 1
((28,34)(36,32)) 1
((21,15)(24,12)) 1
((20,12)(32,9)) 1
((32,9)(26,19)) 1
((24,39)(19,16)) 1
((19,16)(24,39)) 1
((32,28)(29,27)) 1
((19,9)(24,8)) 1
((24,8)(27,9)) 1
((27,9)(19,9)) 1
((20,17)(33,29)) 1
((33,29)(35,31)) 1
((35,31)(33,29)) 1
((22,31)(20,12)) 1
((20,12)(29,27)) 1
((33,30)(29,27)) 1
((22,31)(33,29)) 1
((19,34)(32,28)) 1
((15,4)(14,6)) 1
((14,6)(14,7)) 1
((14,7)(14,6)) 1
((13,6)(15,9)) 1
((11,14)(22,17)) 1
