(11,14): 0.008
(17,12): 0.036
(25,22): 0.001
(16,36): 0.001
(19,17): 0.036
(21,21): 0.003
(23,28): 0.001
(24,17): 0.012
(24,12): 0.005
(20,12): 0.058
(16,15): 0.012
(15,15): 0.013
(13,6): 0.002
(18,17): 0.004
(14,13): 0.007
(20,11): 0.004
(7,7): 0.002
(10,9): 0.012
(21,6): 0.003
(14,15): 0.012
(21,15): 0.008
(13,14): 0.005
(18,16): 0.013
(21,17): 0.065
(8,8): 0.007
(33,29): 0.005
(22,17): 0.022
(28,2): 0.001
(17,8): 0.001
(22,12): 0.014
(25,5): 0.002
(10,2): 0.004
(18,25): 0.001
(24,13): 0.031
(12,6): 0.001
(23,23): 0.001
(6,7): 0.001
(20,36): 0.014
(24,32): 0.002
(22,19): 0.01
(4,10): 0.004
(6,11): 0.01
(37,29): 0.005
(16,13): 0.001
(25,4): 0.001
(22,13): 0.003
(7,10): 0.003
(8,13): 0.01
(20,14): 0.007
(28,13): 0.006
(28,6): 0.001
(18,13): 0.005
(17,0): 0.017
(5,6): 0.001
(16,37): 0.006
(25,10): 0.001
(17,39): 0.001
(19,13): 0.002
(26,29): 0.001
(14,12): 0.002
(26,35): 0.001
(11,9): 0.001
(29,27): 0.004
(21,10): 0.003
(22,9): 0.005
(32,12): 0.005
(18,8): 0.002
(18,11): 0.002
(26,0): 0.002
(24,27): 0.003
(20,16): 0.003
(16,11): 0.001
(20,13): 0.001
(10,3): 0.001
(18,15): 0.003
(15,3): 0.001
(26,11): 0.001
(34,19): 0.001
(24,7): 0.002
(10,16): 0.001
(18,9): 0.005
(29,11): 0.002
(22,16): 0.005
(24,14): 0.002
(27,8): 0.002
(14,14): 0.01
(7,18): 0.01
(20,20): 0.001
(23,12): 0.003
(21,16): 0.015
(16,29): 0.001
(16,12): 0.007
(9,11): 0.003
(13,2): 0.002
(32,25): 0.001
(18,3): 0.001
(27,25): 0.001
(2,11): 0.001
(8,5): 0.001
(24,15): 0.004
(22,20): 0.012
(16,9): 0.004
(20,10): 0.001
(20,17): 0.01
(24,18): 0.001
(19,11): 0.002
(23,17): 0.001
(21,1): 0.008
(22,18): 0.003
(6,12): 0.005
(19,5): 0.001
(22,27): 0.001
(35,9): 0.001
(23,9): 0.002
(15,25): 0.004
(17,19): 0.004
(23,8): 0.001
(22,31): 0.005
(22,8): 0.002
(35,8): 0.002
(36,29): 0.001
(30,18): 0.001
(31,23): 0.001
(32,28): 0.001
(38,28): 0.001
(30,28): 0.001
(23,6): 0.002
(17,16): 0.002
(8,10): 0.003
(12,10): 0.003
(22,11): 0.003
(20,38): 0.001
(19,18): 0.007
(16,1): 0.002
(22,30): 0.001
(38,18): 0.002
(19,15): 0.004
(18,14): 0.008
(27,10): 0.002
(7,16): 0.001
(21,33): 0.004
(13,9): 0.004
(25,13): 0.001
(23,24): 0.001
(17,14): 0.003
(24,25): 0.001
(20,15): 0.001
(13,11): 0.004
(26,20): 0.006
(30,13): 0.002
(21,8): 0.005
(21,20): 0.005
(19,16): 0.01
(8,14): 0.002
(15,17): 0.001
(34,8): 0.004
(10,13): 0.001
(18,12): 0.003
(12,5): 0.008
(32,9): 0.002
(36,8): 0.004
(12,13): 0.003
(18,35): 0.002
(17,22): 0.001
(15,13): 0.002
(11,12): 0.001
(12,8): 0.001
(16,0): 0.002
(27,9): 0.003
(20,22): 0.002
(26,12): 0.003
(29,5): 0.003
(20,8): 0.001
(14,2): 0.002
(15,5): 0.001
(27,12): 0.001
(29,29): 0.001
(24,2): 0.001
(36,32): 0.003
(18,2): 0.001
(36,30): 0.001
(33,11): 0.003
(19,14): 0.004
(34,27): 0.001
(22,29): 0.002
(14,6): 0.001
(16,28): 0.002
(18,4): 0.001
(24,8): 0.001
(33,30): 0.001
(16,21): 0.001
(24,39): 0.003
(29,12): 0.001
(10,14): 0.002
(29,36): 0.001
(12,15): 0.002
(21,12): 0.003
(16,24): 0.001
(26,24): 0.001
(25,20): 0.003
(21,4): 0.001
(24,6): 0.002
(26,6): 0.001
(5,11): 0.001
(17,1): 0.001
(22,1): 0.001
(17,26): 0.001
(6,10): 0.001
(10,7): 0.001
(13,15): 0.002
(11,7): 0.001
(21,3): 0.002
(16,6): 0.001
(27,23): 0.001
(25,14): 0.001
(21,0): 0.001
(27,14): 0.002
(23,20): 0.001
(21,19): 0.001
(17,15): 0.003
(32,3): 0.002
(17,37): 0.001
(19,36): 0.001
(19,37): 0.001
(19,9): 0.002
(34,32): 0.001
(23,11): 0.001
(26,14): 0.001
(17,11): 0.002
(17,18): 0.002
(9,14): 0.001
(18,26): 0.001
(19,28): 0.001
(27,20): 0.001
(13,21): 0.001
(18,7): 0.002
(34,9): 0.001
(29,13): 0.001
(17,28): 0.001
(23,16): 0.002
(14,9): 0.001
(24,10): 0.001
(17,2): 0.001
(6,14): 0.001
(18,20): 0.001
(20,18): 0.001
(33,5): 0.001
(18,10): 0.001
(28,19): 0.001
(24,21): 0.001
(21,11): 0.001
(14,7): 0.001
(22,14): 0.001
(10,8): 0.001
(18,18): 0.001
(7,17): 0.001
(35,20): 0.001
(15,11): 0.001
(9,9): 0.001
(20,25): 0.001
(32,10): 0.001
(4,13): 0.001
(20,21): 0.001
(20,19): 0.001
(20,39): 0.001
(31,28): 0.002
(21,18): 0.001
(15,19): 0.002
(18,19): 0.001
(24,19): 0.001
(17,13): 0.001
(23,29): 0.001
(19,10): 0.001
(23,37): 0.001
(18,22): 0.001
(15,18): 0.001
(19,7): 0.001
(17,9): 0.001
(23,13): 0.001
(28,34): 0.001
(29,10): 0.001
