(19,17): 0.037
(16,9): 0.002
(17,12): 0.023
(16,26): 0.001
(34,8): 0.006
(7,18): 0.008
(23,29): 0.002
(24,12): 0.009
(14,12): 0.002
(26,12): 0.002
(22,9): 0.005
(13,6): 0.005
(18,17): 0.001
(14,13): 0.004
(21,17): 0.068
(18,14): 0.003
(11,6): 0.002
(21,1): 0.005
(12,14): 0.003
(24,19): 0.005
(14,14): 0.008
(8,13): 0.007
(8,8): 0.007
(20,12): 0.062
(35,31): 0.002
(18,9): 0.002
(24,1): 0.001
(24,13): 0.033
(17,25): 0.001
(6,7): 0.004
(18,24): 0.001
(10,2): 0.005
(24,31): 0.001
(22,17): 0.022
(4,10): 0.002
(6,11): 0.008
(36,32): 0.005
(22,12): 0.009
(17,2): 0.002
(8,9): 0.001
(9,13): 0.003
(18,38): 0.001
(22,15): 0.002
(16,15): 0.007
(28,6): 0.001
(24,8): 0.003
(17,0): 0.012
(20,14): 0.001
(16,37): 0.007
(28,2): 0.001
(25,10): 0.002
(18,16): 0.009
(17,13): 0.002
(19,16): 0.01
(26,29): 0.001
(14,15): 0.01
(20,15): 0.001
(21,15): 0.006
(10,9): 0.009
(10,13): 0.001
(21,10): 0.003
(32,12): 0.004
(16,10): 0.001
(18,11): 0.002
(26,0): 0.003
(28,13): 0.013
(13,15): 0.001
(21,21): 0.002
(22,19): 0.005
(21,18): 0.005
(19,18): 0.003
(5,12): 0.002
(14,11): 0.002
(19,14): 0.001
(10,3): 0.001
(21,3): 0.008
(17,16): 0.002
(21,12): 0.006
(26,11): 0.001
(34,19): 0.001
(24,7): 0.003
(15,11): 0.003
(17,9): 0.001
(29,11): 0.002
(17,8): 0.003
(7,6): 0.002
(12,15): 0.002
(9,9): 0.004
(31,19): 0.001
(21,16): 0.013
(22,23): 0.002
(17,27): 0.003
(16,13): 0.001
(6,9): 0.001
(13,2): 0.004
(27,21): 0.001
(20,17): 0.005
(13,14): 0.002
(28,34): 0.002
(2,11): 0.001
(22,18): 0.003
(22,20): 0.012
(12,9): 0.001
(19,11): 0.004
(20,36): 0.013
(16,12): 0.007
(33,12): 0.004
(19,0): 0.001
(11,9): 0.003
(39,13): 0.001
(29,13): 0.001
(34,9): 0.001
(22,11): 0.002
(14,17): 0.002
(25,13): 0.003
(20,11): 0.004
(23,8): 0.003
(22,8): 0.004
(15,19): 0.005
(37,29): 0.007
(26,20): 0.008
(31,23): 0.001
(18,20): 0.002
(21,33): 0.008
(38,28): 0.001
(7,11): 0.001
(30,28): 0.001
(22,13): 0.002
(22,31): 0.003
(37,18): 0.002
(25,8): 0.002
(8,10): 0.001
(20,38): 0.003
(17,1): 0.003
(11,14): 0.006
(17,14): 0.001
(16,1): 0.001
(19,12): 0.002
(22,30): 0.001
(36,9): 0.002
(38,18): 0.001
(25,17): 0.002
(16,21): 0.004
(34,28): 0.002
(26,15): 0.004
(23,23): 0.003
(17,19): 0.003
(29,27): 0.003
(24,25): 0.002
(25,20): 0.005
(31,13): 0.002
(24,17): 0.01
(21,8): 0.004
(23,16): 0.002
(9,11): 0.003
(23,12): 0.001
(8,14): 0.001
(15,15): 0.004
(32,9): 0.003
(36,15): 0.002
(19,15): 0.002
(18,22): 0.003
(10,12): 0.001
(33,14): 0.001
(16,0): 0.002
(31,15): 0.001
(29,5): 0.004
(20,8): 0.003
(15,0): 0.001
(14,2): 0.005
(14,18): 0.001
(13,9): 0.004
(22,37): 0.003
(29,29): 0.001
(24,3): 0.003
(32,33): 0.002
(24,39): 0.002
(33,29): 0.003
(34,27): 0.002
(22,28): 0.001
(15,4): 0.002
(16,27): 0.001
(6,10): 0.001
(18,8): 0.003
(17,38): 0.001
(36,8): 0.003
(27,34): 0.001
(28,18): 0.001
(12,5): 0.004
(4,7): 0.002
(14,26): 0.001
(26,24): 0.001
(25,23): 0.001
(6,12): 0.001
(20,2): 0.001
(21,5): 0.001
(21,20): 0.005
(26,6): 0.003
(30,8): 0.001
(5,11): 0.001
(32,28): 0.001
(23,4): 0.001
(21,6): 0.002
(17,7): 0.001
(25,22): 0.001
(16,28): 0.002
(25,16): 0.002
(15,12): 0.001
(18,10): 0.002
(9,8): 0.001
(21,9): 0.001
(13,21): 0.001
(13,10): 0.001
(20,39): 0.001
(16,6): 0.001
(33,27): 0.001
(26,14): 0.001
(20,29): 0.001
(38,30): 0.001
(37,21): 0.001
(20,18): 0.001
(27,24): 0.001
(14,6): 0.001
(18,12): 0.002
(24,10): 0.002
(27,13): 0.001
(21,19): 0.003
(27,23): 0.001
(27,10): 0.002
(22,5): 0.001
(16,38): 0.001
(21,11): 0.001
(32,3): 0.001
(21,4): 0.001
(19,13): 0.002
(19,7): 0.001
(22,16): 0.002
(17,15): 0.001
(21,0): 0.002
(9,12): 0.001
(27,15): 0.001
(18,6): 0.001
(8,5): 0.001
(28,14): 0.001
(19,19): 0.001
(24,16): 0.001
(19,9): 0.002
(17,18): 0.001
(20,9): 0.001
(9,14): 0.001
(18,26): 0.001
(13,11): 0.004
(18,27): 0.001
(19,28): 0.001
(24,15): 0.002
(25,21): 0.001
(15,14): 0.001
(22,14): 0.001
(18,7): 0.001
(31,21): 0.001
(35,9): 0.003
(23,24): 0.001
(3,10): 0.001
(32,15): 0.001
(6,14): 0.001
(27,12): 0.001
(20,21): 0.002
(7,7): 0.001
(23,2): 0.001
(16,8): 0.001
(18,25): 0.001
(30,4): 0.001
(24,32): 0.001
(22,6): 0.001
(18,4): 0.001
(16,19): 0.001
(11,3): 0.001
(10,8): 0.001
(24,27): 0.001
(24,6): 0.001
(11,2): 0.002
(15,3): 0.001
(33,19): 0.002
(10,14): 0.001
(17,11): 0.001
(16,29): 0.001
(5,8): 0.001
(24,14): 0.001
(30,13): 0.002
(14,7): 0.001
(15,5): 0.001
(20,19): 0.001
(18,13): 0.001
(20,4): 0.001
(8,16): 0.001
(35,28): 0.001
(16,5): 0.001
(20,10): 0.001
(5,14): 0.001
(10,7): 0.001
(37,28): 0.001
(27,9): 0.001
(20,33): 0.001
(23,15): 0.001
(31,28): 0.001
(7,14): 0.001
(23,14): 0.001
(33,11): 0.001
(9,10): 0.001
(22,38): 0.001
(17,22): 0.001
(15,18): 0.001
(27,8): 0.001
(28,15): 0.001
(21,13): 0.001
(16,24): 0.001
(20,34): 0.001
