(22,15): 0.024
(25,15): 0.147
(26,23): 0.01
(26,22): 0.366
(43,12): 0.001
(27,20): 0.009
(26,21): 0.167
(24,16): 0.002
(25,21): 0.01
(22,18): 0.005
(27,21): 0.02
(20,16): 0.003
(26,15): 0.025
(24,15): 0.003
(23,15): 0.003
(25,14): 0.014
(18,19): 0.002
(26,25): 0.001
(23,20): 0.005
(22,4): 0.001
(7,14): 0.002
(17,3): 0.002
(24,21): 0.028
(24,22): 0.006
(30,16): 0.018
(33,14): 0.001
(26,14): 0.006
(22,14): 0.002
(26,20): 0.018
(27,22): 0.019
(25,22): 0.005
(16,19): 0.001
(27,19): 0.003
(29,36): 0.001
(27,10): 0.001
(22,16): 0.001
(35,17): 0.003
(28,22): 0.007
(21,15): 0.003
(20,19): 0.002
(18,18): 0.003
(27,15): 0.001
(30,24): 0.001
(23,33): 0.002
(27,39): 0.001
(15,6): 0.003
(22,20): 0.001
(24,20): 0.002
(9,21): 0.001
(32,18): 0.003
(21,16): 0.001
(27,2): 0.001
(22,9): 0.001
(13,19): 0.001
(23,12): 0.001
(21,24): 0.001
(25,16): 0.001
(16,12): 0.002
(16,18): 0.002
(27,12): 0.003
(32,25): 0.001
(25,18): 0.001
(28,30): 0.001
(30,21): 0.001
(6,8): 0.001
(23,18): 0.001
(31,20): 0.001
(16,13): 0.001
(24,18): 0.001
(15,7): 0.001
(23,21): 0.001
(21,19): 0.001
(42,34): 0.001
(11,16): 0.001
(22,19): 0.001
(30,17): 0.001
(21,0): 0.002
(22,17): 0.001
(11,12): 0.001
(27,24): 0.001
