(4,2): 0.039
(6,3): 0.08
(4,0): 0.037
(5,9): 0.033
(5,4): 0.15
(5,7): 0.005
(4,3): 0.077
(5,5): 0.018
(2,3): 0.027
(3,3): 0.087
(5,3): 0.101
(6,5): 0.018
(4,1): 0.011
(2,2): 0.047
(3,1): 0.01
(4,4): 0.084
(5,1): 0.004
(4,6): 0.006
(3,6): 0.001
(5,2): 0.022
(5,6): 0.012
(6,6): 0.005
(7,5): 0.002
(6,2): 0.011
(8,0): 0.003
(1,2): 0.009
(4,9): 0.007
(6,4): 0.016
(7,2): 0.001
(5,0): 0.008
(3,2): 0.007
(7,3): 0.012
(8,2): 0.002
(4,7): 0.008
(5,8): 0.008
(4,5): 0.002
(1,4): 0.009
(8,3): 0.001
(6,0): 0.004
(9,7): 0.005
(9,6): 0.001
(3,0): 0.003
(9,2): 0.002
(2,1): 0.001
(6,1): 0.001
(7,1): 0.001
(9,5): 0.001
(3,4): 0.001
