(4,2): 0.029
(4,3): 0.104
(4,0): 0.038
(4,4): 0.104
(5,4): 0.186
(5,9): 0.024
(7,4): 0.004
(3,3): 0.07
(1,3): 0.005
(5,3): 0.101
(5,2): 0.019
(3,2): 0.007
(5,0): 0.016
(6,3): 0.054
(2,3): 0.032
(5,1): 0.004
(4,5): 0.004
(6,1): 0.001
(5,5): 0.011
(4,9): 0.011
(3,6): 0.004
(2,2): 0.033
(6,6): 0.008
(6,4): 0.01
(8,0): 0.004
(4,1): 0.004
(5,6): 0.003
(9,2): 0.003
(4,8): 0.004
(3,0): 0.007
(1,2): 0.007
(7,3): 0.013
(1,4): 0.003
(4,7): 0.007
(5,8): 0.007
(6,2): 0.008
(6,5): 0.012
(3,1): 0.005
(6,0): 0.002
(5,7): 0.004
(9,7): 0.006
(3,4): 0.006
(2,0): 0.003
(7,9): 0.001
(6,9): 0.001
(8,2): 0.001
(7,1): 0.002
(2,4): 0.001
(7,5): 0.001
(4,6): 0.002
(1,1): 0.001
(8,5): 0.001
(9,3): 0.001
(2,1): 0.001
