(19,17): 0.045
(17,12): 0.034
(20,22): 0.004
(20,12): 0.08
(21,16): 0.007
(17,0): 0.024
(21,17): 0.051
(24,2): 0.001
(16,15): 0.006
(25,23): 0.002
(20,18): 0.01
(20,17): 0.01
(12,5): 0.007
(8,13): 0.007
(7,14): 0.001
(38,14): 0.002
(18,10): 0.003
(6,11): 0.006
(23,37): 0.002
(25,5): 0.003
(16,26): 0.002
(14,2): 0.004
(18,16): 0.007
(21,19): 0.004
(22,30): 0.004
(17,16): 0.007
(21,20): 0.005
(20,36): 0.01
(18,12): 0.004
(27,9): 0.005
(22,17): 0.012
(13,14): 0.006
(22,13): 0.005
(9,8): 0.004
(22,8): 0.007
(36,30): 0.001
(32,33): 0.002
(7,7): 0.002
(14,15): 0.009
(28,13): 0.003
(24,27): 0.002
(15,13): 0.004
(11,10): 0.002
(18,9): 0.007
(20,2): 0.002
(11,4): 0.004
(30,4): 0.002
(16,4): 0.002
(37,29): 0.006
(24,39): 0.004
(24,13): 0.043
(22,16): 0.005
(33,19): 0.002
(26,14): 0.001
(7,18): 0.011
(14,13): 0.004
(33,29): 0.004
(19,14): 0.002
(16,11): 0.001
(16,12): 0.014
(18,6): 0.002
(21,12): 0.007
(23,24): 0.001
(19,9): 0.005
(16,13): 0.002
(26,20): 0.003
(21,10): 0.002
(40,18): 0.001
(13,11): 0.003
(15,7): 0.001
(11,14): 0.005
(27,21): 0.001
(20,15): 0.002
(21,4): 0.006
(15,22): 0.002
(15,15): 0.014
(21,0): 0.003
(31,28): 0.002
(23,12): 0.003
(8,18): 0.002
(17,1): 0.001
(23,16): 0.001
(23,6): 0.004
(34,8): 0.001
(10,9): 0.012
(14,14): 0.004
(24,17): 0.003
(34,27): 0.002
(31,19): 0.003
(24,25): 0.002
(19,18): 0.004
(15,12): 0.003
(21,33): 0.009
(12,10): 0.007
(19,12): 0.001
(34,31): 0.001
(34,9): 0.001
(17,14): 0.003
(20,25): 0.001
(29,27): 0.003
(18,22): 0.001
(16,1): 0.006
(22,19): 0.005
(16,37): 0.005
(37,18): 0.004
(21,3): 0.003
(22,18): 0.004
(35,20): 0.001
(20,28): 0.002
(27,10): 0.002
(21,8): 0.008
(20,38): 0.004
(34,23): 0.003
(19,11): 0.003
(22,27): 0.003
(24,12): 0.008
(8,10): 0.002
(26,15): 0.002
(29,12): 0.002
(28,2): 0.002
(29,11): 0.002
(13,13): 0.004
(29,5): 0.005
(22,9): 0.007
(15,11): 0.004
(8,5): 0.003
(18,18): 0.003
(18,24): 0.002
(18,20): 0.005
(12,9): 0.001
(19,16): 0.008
(25,19): 0.002
(20,11): 0.005
(32,12): 0.002
(38,28): 0.004
(16,24): 0.003
(24,7): 0.001
(18,25): 0.001
(16,28): 0.002
(9,10): 0.001
(22,12): 0.002
(22,22): 0.001
(22,3): 0.001
(17,11): 0.006
(33,11): 0.001
(23,29): 0.001
(12,15): 0.006
(8,15): 0.003
(5,11): 0.001
(25,18): 0.003
(16,21): 0.006
(18,4): 0.004
(15,3): 0.004
(24,15): 0.004
(25,10): 0.002
(18,14): 0.004
(22,11): 0.004
(32,3): 0.002
(36,32): 0.003
(16,19): 0.001
(22,5): 0.002
(27,12): 0.004
(8,14): 0.001
(7,13): 0.003
(17,25): 0.002
(24,32): 0.004
(21,15): 0.001
(30,13): 0.004
(24,3): 0.002
(28,18): 0.001
(24,8): 0.001
(11,12): 0.001
(15,18): 0.001
(15,19): 0.003
(36,16): 0.001
(14,26): 0.002
(10,14): 0.003
(9,11): 0.001
(15,5): 0.001
(16,8): 0.001
(37,15): 0.001
(23,8): 0.003
(17,2): 0.001
(22,15): 0.001
(8,8): 0.002
(27,20): 0.002
(20,8): 0.003
(18,17): 0.002
(15,25): 0.004
(24,0): 0.002
(12,4): 0.001
(22,6): 0.004
(7,8): 0.001
(22,24): 0.001
(28,34): 0.005
(13,4): 0.002
(4,11): 0.002
(34,19): 0.002
(25,13): 0.002
(18,11): 0.003
(22,31): 0.002
(25,22): 0.003
(21,21): 0.002
(5,6): 0.002
(17,13): 0.002
(22,37): 0.002
(19,15): 0.002
(18,13): 0.002
(13,9): 0.001
(5,12): 0.001
(23,13): 0.001
(26,24): 0.002
(21,1): 0.001
(26,25): 0.001
(33,12): 0.002
(13,15): 0.001
(34,14): 0.001
(18,19): 0.001
(11,9): 0.001
(24,14): 0.003
(24,16): 0.001
(23,9): 0.002
(21,18): 0.001
(26,12): 0.001
(16,0): 0.001
(14,38): 0.001
(35,28): 0.001
(20,14): 0.002
(23,11): 0.002
(32,15): 0.001
(12,11): 0.001
(16,29): 0.001
(6,7): 0.002
(13,2): 0.001
(15,16): 0.001
(9,14): 0.001
(15,28): 0.002
(19,20): 0.001
(10,7): 0.001
(35,9): 0.001
(20,16): 0.001
(32,28): 0.001
