(39,13): 0.001
(25,13): 0.003
(16,38): 0.001
(16,12): 0.008
(24,13): 0.047
(20,12): 0.07
(19,13): 0.004
(22,8): 0.001
(8,13): 0.005
(22,17): 0.026
(17,16): 0.012
(21,17): 0.122
(29,5): 0.002
(19,11): 0.005
(19,9): 0.006
(11,14): 0.004
(17,12): 0.034
(31,23): 0.001
(23,37): 0.002
(15,15): 0.007
(14,14): 0.007
(21,15): 0.008
(20,16): 0.005
(17,25): 0.006
(10,14): 0.001
(22,12): 0.017
(15,29): 0.003
(20,36): 0.007
(26,20): 0.005
(19,17): 0.02
(28,13): 0.003
(21,20): 0.01
(15,19): 0.01
(6,11): 0.01
(16,15): 0.01
(13,9): 0.003
(14,17): 0.007
(21,16): 0.012
(20,29): 0.001
(18,12): 0.007
(6,7): 0.006
(22,9): 0.007
(24,17): 0.019
(27,23): 0.003
(31,28): 0.004
(18,10): 0.001
(12,12): 0.002
(26,18): 0.001
(14,2): 0.006
(16,37): 0.007
(22,16): 0.007
(21,1): 0.005
(23,29): 0.002
(7,17): 0.001
(26,25): 0.001
(18,14): 0.007
(16,28): 0.002
(19,12): 0.001
(32,3): 0.003
(21,8): 0.001
(21,18): 0.002
(16,19): 0.001
(18,8): 0.005
(21,3): 0.006
(17,19): 0.003
(20,20): 0.001
(9,11): 0.002
(32,14): 0.001
(13,11): 0.002
(13,8): 0.002
(21,33): 0.004
(21,10): 0.002
(29,36): 0.001
(24,15): 0.002
(18,9): 0.002
(17,11): 0.001
(23,13): 0.002
(18,16): 0.014
(17,22): 0.001
(33,29): 0.005
(18,21): 0.001
(13,15): 0.001
(17,14): 0.002
(24,0): 0.002
(23,12): 0.002
(21,12): 0.004
(27,9): 0.001
(34,23): 0.001
(10,2): 0.002
(15,13): 0.004
(11,9): 0.002
(14,15): 0.004
(24,3): 0.003
(36,32): 0.006
(18,4): 0.002
(23,7): 0.001
(13,14): 0.004
(20,17): 0.004
(26,12): 0.001
(27,8): 0.001
(26,24): 0.003
(26,15): 0.003
(26,30): 0.001
(24,2): 0.002
(22,19): 0.006
(20,8): 0.003
(12,14): 0.002
(37,22): 0.001
(18,19): 0.003
(16,13): 0.001
(20,39): 0.003
(25,12): 0.001
(29,14): 0.001
(30,13): 0.003
(11,7): 0.001
(12,15): 0.002
(20,25): 0.001
(33,28): 0.002
(34,31): 0.001
(25,9): 0.002
(14,18): 0.003
(16,0): 0.002
(18,17): 0.005
(20,15): 0.001
(36,8): 0.002
(32,33): 0.003
(18,13): 0.004
(18,15): 0.008
(20,14): 0.003
(12,5): 0.005
(27,14): 0.003
(17,0): 0.006
(20,21): 0.001
(24,16): 0.003
(23,16): 0.002
(8,4): 0.001
(10,13): 0.002
(11,6): 0.002
(20,18): 0.002
(17,2): 0.002
(16,21): 0.003
(19,16): 0.011
(4,10): 0.002
(27,21): 0.003
(5,11): 0.002
(16,1): 0.002
(22,13): 0.001
(31,10): 0.003
(20,19): 0.001
(13,13): 0.001
(19,18): 0.004
(29,27): 0.003
(32,9): 0.001
(10,9): 0.003
(35,20): 0.001
(14,13): 0.002
(28,34): 0.001
(24,12): 0.006
(10,8): 0.001
(25,23): 0.002
(27,10): 0.002
(9,8): 0.001
(22,11): 0.001
(34,26): 0.001
(20,11): 0.003
(21,19): 0.001
(37,21): 0.001
(37,15): 0.003
(24,8): 0.003
(20,13): 0.001
(25,20): 0.001
(37,29): 0.003
(28,2): 0.002
(13,2): 0.003
(34,32): 0.001
(22,5): 0.002
(18,26): 0.001
(19,7): 0.001
(34,22): 0.001
(34,8): 0.003
(23,21): 0.001
(24,27): 0.001
(17,5): 0.003
(8,14): 0.002
(9,13): 0.001
(23,24): 0.001
(13,6): 0.002
(18,18): 0.001
(22,7): 0.001
(22,20): 0.003
(24,32): 0.002
(32,28): 0.001
(14,26): 0.001
(31,19): 0.002
(17,9): 0.001
(2,11): 0.001
(18,3): 0.001
(16,11): 0.001
(26,2): 0.001
(9,14): 0.001
(17,39): 0.001
(29,12): 0.002
(27,12): 0.001
(33,19): 0.001
(16,9): 0.003
(23,6): 0.001
(5,6): 0.002
(10,3): 0.001
(25,2): 0.001
(23,9): 0.001
(18,35): 0.001
(29,3): 0.001
(18,20): 0.001
(20,28): 0.001
(24,19): 0.002
(10,10): 0.001
(22,31): 0.002
(10,15): 0.001
(25,5): 0.001
(19,5): 0.001
(25,4): 0.001
(7,18): 0.004
(23,28): 0.001
(24,25): 0.001
(18,5): 0.001
(26,11): 0.001
(15,11): 0.001
(19,19): 0.001
(11,4): 0.001
(19,37): 0.002
(15,9): 0.001
(33,11): 0.001
(26,0): 0.002
(29,11): 0.001
(14,12): 0.001
(29,13): 0.003
(10,7): 0.001
(18,11): 0.001
(21,14): 0.001
(15,25): 0.001
(15,7): 0.001
(32,12): 0.001
(15,14): 0.002
(32,6): 0.001
(17,7): 0.001
(13,3): 0.001
(15,12): 0.001
(22,14): 0.001
(18,7): 0.001
(18,22): 0.001
(25,27): 0.001
(24,31): 0.001
(15,3): 0.001
(8,8): 0.002
(16,6): 0.001
(21,7): 0.001
(15,4): 0.001
(16,14): 0.001
(26,19): 0.001
(36,29): 0.001
(25,21): 0.001
