(7,8): 0.004
(9,7): 0.004
(5,4): 0.001
(21,4): 0.001
(14,12): 0.041
(12,28): 0.002
(14,4): 0.006
(11,5): 0.003
(18,23): 0.002
(14,10): 0.005
(8,10): 0.007
(10,5): 0.001
(15,13): 0.014
(11,10): 0.009
(15,9): 0.06
(16,13): 0.039
(19,7): 0.003
(11,11): 0.038
(10,1): 0.01
(10,11): 0.009
(13,12): 0.021
(16,17): 0.003
(13,14): 0.002
(24,14): 0.002
(14,13): 0.008
(15,11): 0.004
(20,7): 0.005
(14,7): 0.008
(15,6): 0.004
(17,13): 0.013
(6,7): 0.004
(16,15): 0.011
(18,9): 0.035
(18,8): 0.007
(13,9): 0.028
(13,10): 0.013
(15,27): 0.011
(17,9): 0.006
(10,10): 0.004
(16,7): 0.006
(19,3): 0.002
(15,21): 0.003
(25,20): 0.003
(13,19): 0.004
(11,9): 0.005
(15,17): 0.006
(14,9): 0.009
(16,8): 0.007
(16,23): 0.004
(18,29): 0.003
(18,12): 0.004
(16,11): 0.015
(13,0): 0.011
(14,5): 0.009
(14,11): 0.011
(9,11): 0.004
(7,2): 0.01
(20,9): 0.002
(18,19): 0.001
(12,19): 0.001
(12,11): 0.006
(20,18): 0.004
(16,4): 0.004
(15,12): 0.011
(16,5): 0.002
(12,0): 0.014
(11,19): 0.007
(21,25): 0.002
(4,4): 0.001
(27,21): 0.005
(12,9): 0.004
(16,25): 0.004
(13,18): 0.001
(6,2): 0.003
(10,4): 0.001
(16,1): 0.004
(15,8): 0.005
(12,18): 0.002
(27,24): 0.001
(26,7): 0.001
(11,14): 0.003
(24,25): 0.001
(16,9): 0.003
(5,13): 0.005
(7,6): 0.004
(13,8): 0.004
(14,14): 0.007
(5,14): 0.011
(24,21): 0.003
(15,16): 0.004
(17,18): 0.005
(6,10): 0.007
(12,7): 0.003
(16,12): 0.007
(26,24): 0.001
(12,1): 0.005
(13,11): 0.004
(18,11): 0.007
(4,8): 0.004
(14,20): 0.003
(24,2): 0.009
(20,15): 0.003
(7,7): 0.005
(16,2): 0.005
(9,4): 0.005
(11,6): 0.003
(4,9): 0.005
(22,14): 0.002
(18,14): 0.001
(3,7): 0.005
(17,7): 0.002
(16,20): 0.002
(17,10): 0.008
(18,7): 0.006
(24,7): 0.001
(24,9): 0.003
(27,6): 0.002
(17,21): 0.004
(19,0): 0.003
(17,12): 0.009
(18,13): 0.002
(7,5): 0.001
(20,10): 0.002
(22,22): 0.001
(6,6): 0.007
(15,28): 0.001
(15,15): 0.003
(6,11): 0.002
(12,5): 0.001
(16,3): 0.001
(22,11): 0.001
(16,0): 0.007
(9,10): 0.006
(16,10): 0.002
(21,10): 0.008
(19,12): 0.002
(7,9): 0.005
(12,14): 0.002
(28,14): 0.002
(22,10): 0.002
(22,6): 0.002
(14,15): 0.002
(19,15): 0.002
(21,20): 0.003
(12,29): 0.001
(14,8): 0.004
(19,11): 0.004
(14,21): 0.006
(18,17): 0.001
(11,21): 0.002
(22,4): 0.005
(8,4): 0.001
(13,3): 0.002
(25,11): 0.001
(17,11): 0.002
(15,10): 0.003
(9,9): 0.003
(23,10): 0.002
(17,22): 0.002
(5,7): 0.001
(15,1): 0.002
(17,8): 0.001
(12,16): 0.003
(9,8): 0.004
(20,17): 0.001
(13,26): 0.001
(19,18): 0.004
(22,9): 0.001
(6,9): 0.001
(13,13): 0.002
(15,14): 0.006
(27,22): 0.001
(20,6): 0.002
(18,2): 0.001
(4,5): 0.001
(18,6): 0.001
(8,2): 0.001
(16,6): 0.006
(26,5): 0.002
(7,10): 0.002
(6,3): 0.002
(24,19): 0.001
(12,8): 0.001
(8,5): 0.001
(5,6): 0.001
(16,28): 0.001
(19,17): 0.001
(20,16): 0.001
(18,10): 0.002
(16,21): 0.001
(17,5): 0.002
(11,13): 0.001
(14,16): 0.001
(19,10): 0.002
(28,21): 0.001
(12,21): 0.001
(13,7): 0.001
(11,2): 0.001
(25,14): 0.001
(11,12): 0.001
(23,14): 0.001
(29,13): 0.001
