(10,11): 0.005
(14,12): 0.02
(16,10): 0.003
(10,5): 0.003
(15,13): 0.012
(13,10): 0.01
(13,9): 0.047
(19,17): 0.002
(13,13): 0.002
(17,8): 0.005
(8,11): 0.002
(11,28): 0.002
(14,7): 0.007
(20,7): 0.002
(15,11): 0.009
(16,13): 0.107
(16,7): 0.004
(12,9): 0.01
(16,12): 0.018
(15,9): 0.057
(12,28): 0.005
(15,15): 0.009
(13,12): 0.022
(5,6): 0.002
(22,27): 0.001
(12,1): 0.002
(14,10): 0.003
(11,10): 0.009
(6,12): 0.001
(12,11): 0.018
(17,13): 0.013
(6,9): 0.003
(9,11): 0.006
(15,12): 0.022
(20,3): 0.001
(13,14): 0.004
(17,12): 0.005
(16,14): 0.009
(18,9): 0.029
(13,7): 0.003
(18,13): 0.003
(8,3): 0.001
(11,11): 0.015
(14,13): 0.01
(17,9): 0.012
(4,8): 0.012
(16,17): 0.003
(16,11): 0.007
(14,16): 0.002
(11,19): 0.007
(19,15): 0.008
(12,16): 0.004
(15,8): 0.005
(12,3): 0.001
(13,2): 0.001
(12,19): 0.001
(14,21): 0.002
(14,3): 0.001
(16,0): 0.003
(7,8): 0.002
(12,7): 0.002
(15,5): 0.001
(6,6): 0.005
(27,18): 0.002
(26,7): 0.009
(14,11): 0.012
(20,5): 0.003
(16,23): 0.005
(19,10): 0.002
(18,1): 0.001
(12,0): 0.012
(26,6): 0.002
(13,5): 0.003
(7,6): 0.008
(21,10): 0.007
(19,13): 0.001
(16,15): 0.007
(25,20): 0.001
(10,2): 0.004
(9,4): 0.006
(20,18): 0.006
(14,28): 0.005
(14,4): 0.004
(13,19): 0.003
(12,20): 0.001
(7,7): 0.002
(9,9): 0.003
(18,17): 0.001
(17,14): 0.002
(18,24): 0.004
(11,6): 0.001
(15,16): 0.001
(22,9): 0.001
(10,10): 0.01
(15,29): 0.001
(13,26): 0.005
(15,14): 0.007
(16,2): 0.009
(10,1): 0.008
(12,12): 0.003
(17,7): 0.002
(13,0): 0.008
(8,10): 0.002
(16,1): 0.005
(18,12): 0.004
(14,5): 0.003
(18,10): 0.002
(17,10): 0.001
(15,26): 0.001
(13,21): 0.001
(6,10): 0.009
(11,13): 0.008
(18,16): 0.001
(7,10): 0.002
(18,11): 0.005
(15,6): 0.005
(26,5): 0.002
(18,7): 0.002
(23,9): 0.001
(11,14): 0.004
(27,24): 0.006
(14,9): 0.003
(15,21): 0.002
(14,8): 0.003
(11,2): 0.003
(19,16): 0.001
(26,23): 0.001
(15,27): 0.007
(20,10): 0.002
(28,12): 0.001
(18,19): 0.002
(23,10): 0.006
(14,15): 0.001
(16,3): 0.001
(12,13): 0.001
(16,6): 0.001
(4,4): 0.001
(18,14): 0.007
(22,10): 0.003
(20,6): 0.002
(20,11): 0.001
(7,9): 0.001
(22,4): 0.001
(22,6): 0.001
(9,10): 0.003
(13,6): 0.003
(9,3): 0.002
(10,13): 0.001
(13,16): 0.001
(8,4): 0.001
(9,8): 0.002
(5,7): 0.002
(20,9): 0.001
(16,28): 0.001
(4,9): 0.008
(21,5): 0.001
(13,27): 0.001
(16,25): 0.005
(13,4): 0.001
(19,0): 0.001
(28,14): 0.001
(20,8): 0.001
(24,11): 0.002
(5,13): 0.002
(19,18): 0.003
(16,26): 0.001
(17,28): 0.001
(12,21): 0.002
(20,15): 0.002
(3,7): 0.001
(19,9): 0.001
(16,9): 0.006
(22,8): 0.001
(19,11): 0.001
(12,4): 0.002
(12,5): 0.001
(25,5): 0.001
(19,12): 0.002
(17,6): 0.002
(11,9): 0.001
(8,9): 0.001
(18,29): 0.002
(19,19): 0.001
(28,22): 0.001
(27,11): 0.001
(6,7): 0.001
(23,7): 0.001
(15,28): 0.001
(14,0): 0.001
(13,1): 0.001
(19,7): 0.001
(27,21): 0.001
(9,7): 0.001
(16,4): 0.001
(17,11): 0.003
(7,11): 0.001
(19,1): 0.001
(11,5): 0.001
(13,11): 0.001
(20,16): 0.001
(15,22): 0.001
(18,2): 0.001
(4,7): 0.001
(5,14): 0.001
(24,19): 0.001
(1,9): 0.002
(14,6): 0.001
(6,8): 0.002
(11,12): 0.001
(15,10): 0.001
(17,18): 0.001
(12,8): 0.001
(24,9): 0.001
(18,15): 0.001
(18,5): 0.001
(21,14): 0.001
(24,12): 0.001
