(15,13): 0.011
(14,12): 0.043
(18,10): 0.005
(15,8): 0.01
(15,19): 0.001
(15,6): 0.003
(18,2): 0.002
(13,0): 0.023
(14,11): 0.002
(16,13): 0.048
(20,16): 0.004
(27,6): 0.005
(15,9): 0.037
(9,4): 0.006
(16,10): 0.002
(13,9): 0.027
(15,16): 0.009
(20,5): 0.003
(18,9): 0.038
(18,17): 0.002
(20,7): 0.002
(4,8): 0.006
(16,0): 0.006
(14,15): 0.002
(18,7): 0.004
(15,14): 0.007
(27,18): 0.002
(18,29): 0.003
(22,14): 0.004
(7,8): 0.006
(9,10): 0.003
(3,7): 0.004
(16,12): 0.018
(14,9): 0.004
(15,27): 0.017
(5,13): 0.008
(20,9): 0.002
(21,10): 0.008
(14,4): 0.01
(12,0): 0.003
(12,14): 0.001
(10,11): 0.005
(4,7): 0.002
(13,7): 0.006
(12,9): 0.007
(23,21): 0.002
(15,21): 0.003
(11,6): 0.005
(11,11): 0.024
(14,13): 0.011
(16,7): 0.015
(16,11): 0.023
(12,7): 0.004
(18,6): 0.004
(25,22): 0.004
(14,5): 0.003
(5,7): 0.003
(19,11): 0.004
(13,12): 0.027
(16,6): 0.004
(8,5): 0.004
(23,10): 0.005
(12,28): 0.009
(16,28): 0.001
(10,9): 0.003
(17,9): 0.004
(22,9): 0.002
(6,11): 0.001
(10,1): 0.003
(27,21): 0.01
(10,2): 0.005
(17,13): 0.01
(9,8): 0.002
(15,28): 0.002
(26,7): 0.005
(18,19): 0.004
(18,13): 0.005
(6,6): 0.011
(19,10): 0.002
(25,7): 0.001
(16,2): 0.007
(26,6): 0.004
(18,11): 0.003
(13,18): 0.003
(16,15): 0.007
(19,21): 0.001
(16,17): 0.002
(12,11): 0.008
(5,14): 0.007
(17,21): 0.005
(5,6): 0.004
(13,13): 0.005
(14,14): 0.001
(11,9): 0.004
(13,14): 0.003
(14,8): 0.007
(20,18): 0.003
(7,6): 0.015
(15,12): 0.006
(12,16): 0.005
(23,14): 0.003
(19,15): 0.008
(16,25): 0.004
(17,8): 0.003
(18,14): 0.003
(14,28): 0.004
(16,14): 0.01
(15,15): 0.001
(13,10): 0.005
(4,9): 0.005
(19,6): 0.001
(22,2): 0.002
(12,12): 0.002
(8,3): 0.002
(6,10): 0.009
(18,5): 0.007
(7,2): 0.004
(16,1): 0.005
(20,14): 0.001
(11,19): 0.001
(17,1): 0.001
(10,10): 0.007
(13,11): 0.003
(2,8): 0.003
(28,21): 0.002
(17,18): 0.002
(12,21): 0.009
(11,5): 0.001
(9,7): 0.002
(8,9): 0.001
(16,8): 0.002
(22,3): 0.002
(13,3): 0.001
(19,0): 0.003
(25,20): 0.002
(11,3): 0.004
(15,10): 0.003
(14,10): 0.001
(16,9): 0.002
(14,7): 0.005
(12,1): 0.003
(24,8): 0.002
(14,21): 0.001
(8,10): 0.01
(16,23): 0.003
(17,12): 0.01
(24,2): 0.004
(18,12): 0.004
(24,25): 0.001
(17,22): 0.001
(7,10): 0.002
(9,11): 0.003
(13,26): 0.002
(19,18): 0.002
(22,10): 0.002
(14,6): 0.004
(9,6): 0.001
(9,3): 0.001
(16,3): 0.001
(11,2): 0.003
(21,20): 0.001
(4,10): 0.001
(15,29): 0.003
(15,1): 0.001
(27,15): 0.001
(4,5): 0.004
(15,11): 0.002
(19,17): 0.003
(26,23): 0.001
(12,19): 0.001
(18,20): 0.001
(11,8): 0.003
(14,0): 0.001
(17,10): 0.002
(11,10): 0.002
(25,4): 0.001
(20,19): 0.001
(19,16): 0.002
(7,7): 0.006
(22,7): 0.002
(15,7): 0.001
(11,29): 0.001
(16,4): 0.003
(20,15): 0.001
(12,10): 0.001
(12,29): 0.002
(13,6): 0.001
(7,9): 0.001
(27,24): 0.002
(16,21): 0.001
(14,20): 0.001
(18,0): 0.001
(17,7): 0.001
(14,16): 0.001
(19,7): 0.001
