(7,7): 0.007
(16,13): 0.092
(3,5): 0.003
(10,11): 0.004
(15,8): 0.008
(16,12): 0.019
(15,9): 0.051
(16,9): 0.004
(12,28): 0.006
(19,15): 0.009
(14,12): 0.042
(12,9): 0.008
(15,13): 0.01
(13,10): 0.01
(15,16): 0.005
(4,8): 0.025
(15,28): 0.002
(4,9): 0.004
(16,6): 0.005
(13,17): 0.001
(12,1): 0.002
(11,13): 0.004
(13,9): 0.036
(8,7): 0.001
(7,6): 0.009
(6,10): 0.009
(18,9): 0.032
(10,2): 0.004
(17,10): 0.001
(2,9): 0.001
(16,15): 0.01
(9,3): 0.002
(11,11): 0.025
(1,9): 0.001
(10,1): 0.014
(18,11): 0.007
(9,11): 0.007
(5,14): 0.003
(6,12): 0.001
(14,13): 0.011
(18,24): 0.002
(11,10): 0.005
(16,5): 0.002
(6,6): 0.011
(13,0): 0.017
(13,12): 0.023
(3,7): 0.004
(13,18): 0.001
(13,5): 0.004
(12,7): 0.005
(7,5): 0.001
(25,22): 0.003
(17,21): 0.004
(16,1): 0.008
(6,9): 0.003
(15,12): 0.016
(14,25): 0.001
(17,9): 0.007
(12,11): 0.009
(4,5): 0.001
(11,8): 0.004
(15,15): 0.009
(11,29): 0.001
(16,0): 0.004
(24,8): 0.002
(14,11): 0.005
(12,18): 0.001
(13,7): 0.003
(5,6): 0.001
(15,14): 0.003
(12,0): 0.009
(20,16): 0.001
(16,23): 0.007
(5,7): 0.001
(5,12): 0.002
(13,26): 0.003
(27,24): 0.002
(13,11): 0.01
(21,10): 0.004
(16,14): 0.004
(26,6): 0.002
(25,18): 0.001
(15,11): 0.003
(8,2): 0.003
(7,2): 0.001
(19,17): 0.002
(15,27): 0.007
(28,11): 0.001
(14,9): 0.005
(18,13): 0.004
(26,7): 0.006
(18,12): 0.006
(17,7): 0.002
(8,10): 0.007
(18,5): 0.002
(16,10): 0.002
(5,13): 0.002
(19,16): 0.001
(23,15): 0.001
(14,8): 0.004
(16,11): 0.004
(10,10): 0.007
(20,10): 0.002
(24,21): 0.001
(14,7): 0.007
(13,6): 0.002
(20,18): 0.002
(19,11): 0.005
(26,5): 0.002
(11,9): 0.003
(9,9): 0.001
(17,13): 0.007
(15,10): 0.004
(13,8): 0.003
(11,2): 0.001
(16,2): 0.007
(5,8): 0.002
(15,29): 0.003
(17,11): 0.001
(22,4): 0.001
(24,2): 0.001
(19,12): 0.001
(11,14): 0.001
(18,6): 0.003
(6,11): 0.001
(25,20): 0.001
(14,28): 0.003
(25,7): 0.001
(12,21): 0.004
(11,19): 0.004
(9,4): 0.003
(21,20): 0.001
(12,27): 0.002
(2,7): 0.001
(15,1): 0.002
(14,14): 0.004
(16,4): 0.004
(7,9): 0.005
(13,19): 0.003
(18,14): 0.001
(14,15): 0.002
(20,5): 0.001
(21,14): 0.001
(12,3): 0.001
(17,8): 0.002
(18,7): 0.001
(13,13): 0.003
(15,7): 0.001
(27,6): 0.001
(20,7): 0.001
(9,7): 0.001
(9,6): 0.001
(16,25): 0.005
(15,6): 0.002
(14,10): 0.001
(11,12): 0.003
(20,11): 0.003
(16,8): 0.003
(27,21): 0.001
(19,6): 0.001
(24,9): 0.002
(19,7): 0.001
(15,19): 0.002
(17,12): 0.001
(24,11): 0.001
(6,13): 0.001
(23,9): 0.001
(8,3): 0.001
(18,20): 0.002
(12,5): 0.002
(7,8): 0.002
(22,8): 0.001
(24,25): 0.001
(16,7): 0.008
(26,23): 0.002
(27,15): 0.001
(23,8): 0.001
(14,16): 0.001
(23,14): 0.002
(10,5): 0.002
(18,10): 0.005
(8,5): 0.001
(17,14): 0.003
(13,3): 0.001
(7,11): 0.002
(22,7): 0.001
(17,18): 0.001
(19,0): 0.006
(14,21): 0.002
(13,14): 0.002
(25,4): 0.001
(6,7): 0.001
(14,17): 0.001
(4,7): 0.001
(12,4): 0.001
(22,3): 0.001
(20,17): 0.001
(20,15): 0.001
(5,10): 0.002
(13,4): 0.001
(19,4): 0.001
(20,8): 0.001
(18,0): 0.001
(9,10): 0.001
(19,10): 0.001
(18,29): 0.001
(16,3): 0.001
(12,22): 0.002
(22,5): 0.001
(20,0): 0.001
(21,7): 0.001
(19,3): 0.001
(22,9): 0.001
(12,16): 0.001
(14,5): 0.002
(12,17): 0.001
(16,17): 0.002
(15,5): 0.001
(22,2): 0.001
(27,20): 0.001
(11,6): 0.001
