(32,25): 0.003
(24,21): 0.031
(26,21): 0.19
(26,27): 0.001
(26,22): 0.3
(20,19): 0.006
(33,8): 0.001
(7,14): 0.003
(26,25): 0.001
(25,15): 0.136
(30,16): 0.039
(27,22): 0.017
(22,15): 0.052
(24,19): 0.001
(25,14): 0.014
(28,22): 0.01
(25,18): 0.002
(23,20): 0.004
(20,15): 0.003
(26,15): 0.012
(25,20): 0.001
(20,16): 0.001
(27,21): 0.016
(22,20): 0.006
(18,19): 0.007
(26,23): 0.007
(22,14): 0.001
(35,17): 0.001
(24,22): 0.009
(25,21): 0.017
(27,20): 0.008
(21,47): 0.001
(42,8): 0.001
(21,0): 0.003
(27,17): 0.001
(18,17): 0.001
(26,20): 0.011
(25,22): 0.007
(28,15): 0.001
(40,12): 0.001
(23,14): 0.001
(23,18): 0.001
(28,24): 0.003
(23,15): 0.004
(16,13): 0.001
(30,18): 0.002
(25,45): 0.005
(17,17): 0.002
(18,18): 0.006
(25,19): 0.001
(30,17): 0.001
(23,13): 0.001
(32,20): 0.002
(27,4): 0.003
(40,15): 0.001
(27,19): 0.004
(28,16): 0.002
(31,19): 0.001
(23,21): 0.002
(27,10): 0.002
(26,41): 0.001
(19,32): 0.003
(23,17): 0.001
(26,13): 0.001
(25,16): 0.001
(43,12): 0.002
(21,19): 0.001
(38,16): 0.003
(21,15): 0.003
(27,7): 0.001
(30,21): 0.001
(11,16): 0.001
(27,12): 0.001
(21,35): 0.001
(22,18): 0.001
(20,46): 0.002
(27,14): 0.001
(5,12): 0.001
(16,12): 0.001
(22,16): 0.001
