(12,15): 26
(11,16): 172
(18,19): 546
(22,15): 1182
(24,22): 224
(24,21): 956
(16,11): 4
(22,16): 78
(22,18): 402
(24,17): 92
(20,16): 382
(18,18): 284
(26,19): 124
(27,22): 232
(18,17): 94
(21,20): 286
(26,22): 2502
(21,24): 44
(24,23): 88
(32,26): 24
(34,31): 32
(23,34): 28
(28,22): 504
(26,20): 492
(27,20): 434
(25,21): 276
(35,17): 360
(43,12): 28
(25,15): 2376
(26,15): 442
(26,23): 372
(29,22): 6
(17,17): 730
(23,20): 572
(30,18): 98
(22,22): 44
(28,11): 18
(27,39): 318
(25,16): 74
(31,29): 16
(28,15): 340
(23,15): 236
(18,32): 58
(28,20): 30
(26,21): 1544
(28,21): 50
(20,19): 832
(28,14): 118
(19,16): 52
(16,12): 90
(9,23): 40
(23,19): 114
(23,17): 12
(38,16): 14
(19,19): 2
(19,32): 72
(28,25): 148
(18,22): 114
(25,14): 164
(14,17): 128
(27,16): 28
(27,17): 24
(16,13): 66
(27,21): 530
(12,11): 578
(22,17): 160
(32,25): 354
(21,18): 12
(18,24): 100
(21,19): 104
(26,14): 126
(27,19): 418
(11,18): 6
(7,14): 114
(11,15): 2
(40,41): 2
(45,40): 40
(28,30): 20
(30,19): 56
(30,21): 102
(19,23): 86
(27,2): 24
(31,19): 76
(26,25): 140
(23,6): 10
(23,13): 32
(23,14): 92
(22,14): 26
(17,3): 26
(27,1): 4
(22,20): 132
(28,37): 42
(36,34): 56
(27,4): 90
(23,12): 188
(27,15): 72
(30,16): 886
(31,10): 30
(31,8): 8
(50,22): 2
(40,18): 2
(20,6): 78
(10,12): 12
(24,35): 164
(27,12): 238
(16,18): 124
(14,18): 4
(20,12): 10
(23,27): 8
(22,19): 64
(33,14): 4
(23,44): 38
(21,16): 24
(16,8): 194
(10,10): 236
(21,35): 14
(15,6): 106
(5,12): 74
(30,17): 32
(46,36): 58
(30,24): 14
(32,18): 44
(17,19): 44
(27,24): 46
(44,39): 4
(27,14): 8
(25,18): 220
(22,0): 276
(29,16): 12
(23,21): 66
(12,13): 24
(11,13): 10
(42,25): 2
(47,27): 6
(15,16): 2
(30,49): 4
(21,0): 546
(23,10): 58
(21,9): 14
(27,41): 52
(21,46): 8
(34,18): 16
(23,36): 2
(21,15): 24
(40,4): 82
(19,18): 104
(24,18): 70
(24,16): 58
(6,8): 4
(20,47): 46
(21,49): 22
(7,15): 34
(28,39): 6
(32,29): 22
(33,8): 8
(20,27): 52
(13,10): 10
(27,0): 30
(15,7): 4
(20,18): 46
(33,18): 50
(13,18): 12
(24,42): 10
(23,24): 48
(24,15): 14
(9,21): 8
(33,29): 2
(25,22): 302
(25,28): 10
(27,29): 20
(20,15): 84
(23,18): 44
(23,16): 190
(11,10): 2
(32,19): 6
(28,24): 18
(25,45): 102
(27,10): 68
(25,43): 10
(20,13): 60
(20,8): 22
(29,21): 2
(29,15): 26
(19,24): 6
(22,12): 30
(24,14): 28
(23,9): 26
(22,21): 4
(24,20): 36
(28,41): 20
(17,15): 20
(16,1): 18
(24,46): 4
(27,7): 30
(17,2): 4
(9,9): 40
(41,24): 2
(26,17): 4
(11,11): 4
(19,21): 4
(11,14): 8
(38,25): 16
(22,31): 12
(30,34): 2
(9,10): 8
(34,8): 8
(15,13): 2
(22,23): 38
(40,15): 38
(27,11): 22
(13,15): 6
(16,19): 30
(32,17): 26
(29,36): 12
(36,33): 2
(7,13): 2
(10,17): 10
(20,20): 54
(31,13): 78
(26,26): 36
(25,20): 4
(18,16): 18
(37,16): 104
(45,11): 44
(27,3): 14
(47,36): 2
(26,27): 4
(14,19): 6
(18,23): 18
(32,20): 12
(24,13): 10
(29,23): 74
(30,22): 30
(31,24): 22
(23,28): 4
(28,27): 2
(41,14): 2
(32,27): 2
(25,19): 50
(29,19): 10
(20,2): 6
(15,17): 16
(18,14): 4
(20,14): 2
(27,23): 10
(13,17): 4
(35,15): 8
(30,13): 18
(29,14): 10
(27,5): 2
(42,36): 8
(27,18): 68
(33,31): 2
(28,16): 2
(26,13): 36
(35,23): 34
(26,10): 84
(34,25): 10
(8,15): 20
(31,11): 22
(32,30): 28
(29,17): 34
(26,24): 6
(31,18): 4
(35,8): 14
(19,10): 4
(32,21): 28
(28,12): 8
(35,43): 18
(21,26): 4
(21,47): 16
(41,18): 6
(23,47): 12
(12,18): 16
(15,19): 8
(18,5): 2
(10,19): 50
(16,17): 2
(31,20): 16
(36,15): 14
(36,18): 60
(31,25): 12
(25,26): 2
(35,19): 2
(31,12): 64
(23,25): 2
(16,3): 2
(26,36): 2
(18,8): 4
(11,12): 26
(3,14): 26
(2,15): 20
(32,0): 16
(12,16): 4
(17,18): 16
(37,37): 50
(23,7): 12
(22,6): 2
(13,19): 2
(36,7): 2
(31,6): 2
(30,32): 12
(23,33): 6
(25,36): 8
(10,14): 22
(28,17): 2
(19,47): 2
(23,26): 2
(25,42): 14
(37,23): 2
(34,17): 2
(24,0): 2
(15,18): 2
(24,24): 2
(9,12): 2
(34,11): 6
(29,20): 2
(39,13): 2
(35,7): 26
(19,9): 8
(30,23): 8
(17,13): 4
(27,27): 4
(23,22): 2
(30,15): 6
(30,40): 4
(39,35): 10
(27,25): 6
(22,13): 2
(45,38): 4
(37,11): 6
(25,27): 18
(45,30): 2
(22,4): 2
(31,16): 8
(23,8): 20
(34,26): 28
(28,6): 2
(27,28): 12
(20,21): 6
(23,23): 12
(27,8): 6
(26,18): 6
(31,9): 2
(21,1): 14
(24,27): 4
(19,20): 2
(36,12): 42
(21,21): 4
(33,23): 2
(49,17): 6
(19,31): 4
(20,46): 2
(21,33): 6
(20,5): 2
(44,10): 20
(38,17): 4
(46,23): 2
(29,11): 2
(15,5): 2
(32,2): 28
(25,47): 2
(20,26): 2
(36,10): 2
(36,9): 14
(35,24): 2
(27,13): 2
(41,35): 2
(21,23): 8
(26,9): 8
(37,45): 6
(21,17): 2
(16,15): 4
(33,20): 2
(13,9): 18
(33,17): 2
(23,11): 4
(29,10): 8
(32,24): 4
(20,30): 2
(24,19): 2
(10,18): 6
(22,44): 2
(16,26): 2
(18,21): 2
(24,9): 4
(45,10): 14
(33,25): 22
(36,17): 4
(22,33): 2
(39,16): 4
(23,5): 4
(27,42): 2
(33,15): 2
(43,10): 6
(28,36): 4
(14,8): 4
(8,13): 4
(41,20): 4
