((20,36)(20,36)) 326
((20,36)(23,37)) 10
((23,37)(23,37)) 27
((23,37)(20,36)) 8
((20,36)(19,13)) 1
((19,13)(19,13)) 155
((19,13)(21,17)) 2
((21,17)(21,17)) 2961
((21,17)(20,36)) 5
((20,36)(20,34)) 1
((20,34)(20,34)) 14
((20,34)(20,36)) 1
((16,13)(16,13)) 31
((16,13)(18,12)) 1
((18,12)(18,12)) 141
((18,12)(16,12)) 2
((16,12)(16,12)) 235
((16,12)(16,13)) 5
((16,13)(16,12)) 3
((20,11)(20,11)) 125
((20,11)(20,12)) 53
((20,12)(20,12)) 1525
((20,12)(21,16)) 9
((21,16)(21,16)) 307
((21,16)(21,15)) 3
((21,15)(21,15)) 182
((21,15)(20,12)) 6
((20,12)(31,10)) 6
((31,10)(31,10)) 7
((31,10)(20,12)) 1
((31,10)(20,11)) 3
((21,15)(21,16)) 11
((21,16)(20,11)) 2
((20,12)(32,10)) 1
((32,10)(32,10)) 2
((22,18)(22,18)) 66
((22,18)(20,19)) 7
((20,19)(20,19)) 20
((20,19)(22,18)) 8
((22,18)(15,25)) 1
((15,25)(15,25)) 91
((15,25)(22,18)) 1
((31,22)(31,22)) 2
((31,22)(21,17)) 1
((21,17)(22,17)) 40
((22,17)(22,17)) 529
((22,17)(22,19)) 6
((22,19)(22,19)) 129
((22,19)(22,20)) 5
((22,20)(22,20)) 220
((22,20)(26,20)) 2
((26,20)(26,20)) 137
((26,20)(24,17)) 8
((24,17)(24,17)) 333
((24,17)(21,12)) 1
((21,12)(21,12)) 115
((21,12)(22,9)) 1
((22,9)(22,9)) 103
((19,2)(19,2)) 4
((19,2)(17,14)) 1
((17,14)(17,14)) 54
((17,14)(20,14)) 1
((20,14)(20,14)) 128
((20,14)(17,12)) 3
((17,12)(17,12)) 926
((17,12)(19,12)) 1
((19,12)(19,12)) 17
((19,12)(19,13)) 1
((19,13)(17,12)) 5
((17,12)(11,8)) 1
((11,8)(11,8)) 2
((23,29)(23,29)) 85
((23,29)(24,27)) 4
((24,27)(24,27)) 62
((24,27)(15,15)) 7
((15,15)(15,15)) 372
((15,15)(24,27)) 9
((15,15)(21,17)) 6
((21,17)(23,29)) 4
((23,29)(15,15)) 1
((24,27)(23,29)) 3
((23,29)(21,17)) 5
((21,17)(15,15)) 8
((35,9)(35,9)) 120
((35,9)(17,16)) 7
((17,16)(17,16)) 238
((17,16)(10,15)) 8
((10,15)(10,15)) 48
((10,15)(17,16)) 8
((17,16)(35,9)) 8
((35,9)(34,10)) 6
((34,10)(34,10)) 7
((34,10)(34,9)) 6
((34,9)(34,9)) 49
((34,9)(35,9)) 15
((34,9)(10,15)) 1
((35,9)(34,9)) 13
((35,9)(21,17)) 4
((21,17)(22,12)) 2
((22,12)(22,12)) 326
((22,12)(24,16)) 1
((24,16)(24,16)) 59
((24,16)(35,9)) 4
((21,17)(35,9)) 5
((22,11)(22,11)) 43
((22,11)(23,9)) 5
((23,9)(23,9)) 26
((23,9)(22,11)) 5
((23,9)(22,12)) 3
((22,12)(20,12)) 18
((20,12)(22,12)) 9
((22,12)(23,9)) 6
((22,11)(22,12)) 2
((20,12)(21,12)) 26
((21,12)(22,12)) 9
((19,16)(19,16)) 306
((19,16)(26,13)) 2
((26,13)(26,13)) 11
((26,13)(19,16)) 2
((19,16)(21,17)) 15
((21,17)(25,13)) 2
((25,13)(25,13)) 63
((25,13)(19,16)) 2
((19,16)(20,14)) 2
((20,14)(24,15)) 1
((24,15)(24,15)) 140
((24,15)(25,13)) 1
((25,13)(25,14)) 1
((25,14)(25,14)) 5
((25,14)(24,17)) 1
((24,17)(17,16)) 4
((17,16)(18,14)) 1
((18,14)(18,14)) 289
((18,14)(10,9)) 1
((10,9)(10,9)) 176
((10,9)(9,8)) 1
((9,8)(9,8)) 14
((9,8)(11,9)) 1
((11,9)(11,9)) 32
((11,9)(8,13)) 3
((8,13)(8,13)) 235
((8,13)(12,14)) 2
((12,14)(12,14)) 73
((12,14)(13,14)) 2
((13,14)(13,14)) 82
((18,8)(18,8)) 92
((18,8)(18,9)) 3
((18,9)(18,9)) 88
((18,9)(17,11)) 3
((17,11)(17,11)) 52
((17,11)(17,12)) 10
((17,12)(18,8)) 6
((18,8)(17,12)) 6
((17,12)(18,12)) 31
((18,12)(17,12)) 29
((17,12)(18,16)) 6
((18,16)(18,16)) 480
((18,16)(18,17)) 10
((18,17)(18,17)) 72
((18,17)(23,13)) 1
((23,13)(23,13)) 19
((23,13)(18,9)) 1
((18,9)(20,23)) 1
((20,23)(20,23)) 7
((24,8)(24,8)) 28
((24,8)(26,0)) 1
((26,0)(26,0)) 41
((26,0)(24,8)) 5
((24,8)(23,8)) 1
((23,8)(23,8)) 9
((23,8)(22,12)) 3
((22,12)(22,13)) 9
((22,13)(22,13)) 73
((22,13)(22,12)) 8
((22,12)(18,16)) 1
((18,16)(23,8)) 1
((22,12)(23,8)) 3
((20,36)(20,37)) 2
((20,37)(20,37)) 10
((20,37)(20,38)) 2
((20,38)(20,38)) 64
((20,38)(22,20)) 2
((22,20)(20,39)) 1
((20,39)(20,39)) 22
((20,39)(20,36)) 2
((20,36)(22,20)) 2
((22,20)(20,37)) 1
((20,37)(20,39)) 1
((20,39)(22,20)) 1
((22,20)(20,38)) 2
((20,38)(20,37)) 1
((20,38)(20,36)) 4
((20,37)(22,20)) 1
((22,20)(18,5)) 1
((18,5)(18,5)) 26
((18,5)(17,12)) 2
((17,12)(17,0)) 4
((17,0)(17,0)) 550
((31,28)(31,28)) 52
((31,28)(32,28)) 3
((32,28)(32,28)) 41
((32,28)(22,31)) 6
((22,31)(22,31)) 263
((22,31)(23,29)) 6
((23,29)(22,31)) 5
((22,8)(22,8)) 27
((22,8)(8,13)) 3
((8,13)(20,12)) 5
((20,12)(22,8)) 9
((22,8)(21,8)) 6
((21,8)(21,8)) 49
((21,8)(21,11)) 1
((21,11)(21,11)) 32
((21,11)(8,13)) 1
((21,8)(22,8)) 7
((22,8)(17,12)) 1
((21,12)(16,10)) 3
((16,10)(16,10)) 21
((16,10)(21,12)) 5
((21,12)(22,31)) 1
((22,31)(20,12)) 1
((20,12)(17,12)) 50
((17,12)(20,12)) 38
((20,12)(16,10)) 3
((21,12)(23,29)) 1
((23,29)(16,10)) 1
((16,10)(14,17)) 1
((14,17)(14,17)) 42
((14,17)(15,18)) 1
((15,18)(15,18)) 4
((15,18)(20,12)) 1
((20,12)(13,6)) 1
((13,6)(13,6)) 69
((13,6)(13,9)) 2
((13,9)(13,9)) 60
((22,16)(22,16)) 133
((22,16)(21,16)) 12
((21,16)(21,17)) 38
((21,17)(18,13)) 1
((18,13)(18,13)) 101
((18,13)(19,13)) 13
((17,12)(12,9)) 1
((12,9)(12,9)) 3
((12,9)(13,9)) 1
((13,9)(18,13)) 1
((19,13)(18,13)) 6
((18,13)(17,12)) 8
((24,12)(24,12)) 196
((24,12)(24,13)) 45
((24,13)(24,13)) 896
((24,13)(20,17)) 6
((20,17)(20,17)) 239
((20,17)(19,18)) 8
((19,18)(19,18)) 244
((19,18)(20,17)) 8
((20,17)(24,13)) 5
((24,13)(24,12)) 63
((24,12)(32,3)) 7
((32,3)(32,3)) 138
((32,3)(24,12)) 5
((14,13)(14,13)) 130
((14,13)(24,12)) 1
((24,13)(14,13)) 3
((14,13)(19,17)) 1
((19,17)(19,17)) 641
((19,17)(15,13)) 1
((15,13)(15,13)) 69
((15,13)(13,11)) 2
((13,11)(13,11)) 55
((13,11)(14,12)) 1
((14,12)(14,12)) 53
((14,12)(14,13)) 1
((14,13)(20,12)) 9
((12,5)(12,5)) 85
((12,5)(16,15)) 1
((16,15)(16,15)) 327
((16,15)(13,14)) 1
((13,14)(16,15)) 1
((16,15)(26,20)) 1
((26,20)(13,14)) 1
((13,14)(15,15)) 1
((15,15)(18,12)) 2
((18,12)(13,14)) 1
((13,14)(13,6)) 1
((15,19)(15,19)) 37
((15,19)(12,14)) 1
((12,14)(14,17)) 1
((14,17)(15,19)) 3
((15,19)(14,17)) 4
((15,19)(21,17)) 2
((21,17)(15,19)) 1
((14,17)(20,12)) 1
((20,12)(14,18)) 1
((14,18)(14,18)) 14
((14,18)(14,17)) 3
((17,12)(16,12)) 29
((16,12)(17,12)) 22
((17,12)(10,2)) 4
((10,2)(10,2)) 22
((10,2)(16,12)) 1
((17,12)(13,6)) 3
((29,9)(29,9)) 22
((29,9)(21,16)) 2
((21,16)(18,13)) 3
((18,13)(21,16)) 4
((21,16)(29,9)) 2
((29,9)(18,13)) 1
((31,23)(31,23)) 12
((31,23)(26,20)) 5
((26,20)(31,23)) 3
((31,23)(18,11)) 3
((18,11)(18,11)) 32
((18,11)(31,23)) 4
((7,18)(7,18)) 92
((7,18)(17,16)) 5
((17,16)(16,15)) 3
((16,15)(7,18)) 1
((17,16)(23,14)) 1
((23,14)(23,14)) 6
((23,14)(8,13)) 1
((8,13)(7,18)) 2
((18,19)(18,19)) 49
((18,19)(18,20)) 4
((18,20)(18,20)) 30
((18,20)(21,16)) 1
((21,16)(17,12)) 6
((17,12)(15,13)) 2
((15,13)(24,14)) 1
((24,14)(24,14)) 16
((24,14)(17,12)) 1
((16,12)(17,13)) 3
((17,13)(17,13)) 29
((17,13)(19,18)) 1
((19,18)(18,20)) 2
((18,20)(17,12)) 1
((17,12)(18,13)) 5
((21,16)(19,18)) 1
((19,18)(20,18)) 1
((20,18)(20,18)) 65
((20,18)(19,18)) 2
((19,18)(21,16)) 2
((18,13)(18,12)) 1
((17,12)(18,14)) 4
((18,14)(18,19)) 1
((18,16)(19,17)) 17
((19,17)(20,18)) 1
((20,18)(21,17)) 12
((22,17)(21,17)) 29
((21,17)(21,18)) 19
((21,18)(21,18)) 67
((21,18)(21,17)) 19
((15,19)(18,26)) 1
((18,26)(18,26)) 26
((18,26)(18,16)) 1
((19,17)(18,26)) 7
((18,26)(20,17)) 1
((20,17)(13,12)) 1
((13,12)(13,12)) 3
((13,12)(19,17)) 1
((14,15)(14,15)) 379
((14,15)(16,15)) 6
((16,15)(14,15)) 4
((14,15)(19,17)) 2
((19,17)(21,17)) 25
((21,17)(20,17)) 17
((20,17)(21,17)) 19
((21,17)(19,17)) 40
((19,17)(14,15)) 3
((14,15)(21,17)) 22
((21,6)(21,6)) 41
((21,6)(20,12)) 1
((20,12)(24,13)) 41
((24,13)(22,5)) 1
((22,5)(22,5)) 32
((22,5)(21,6)) 2
((21,6)(18,16)) 1
((18,16)(17,11)) 2
((18,10)(18,10)) 59
((18,10)(18,14)) 2
((18,14)(18,15)) 5
((18,15)(18,15)) 76
((18,15)(23,16)) 1
((23,16)(23,16)) 29
((23,16)(26,20)) 2
((26,20)(27,21)) 3
((27,21)(27,21)) 15
((27,21)(26,20)) 2
((26,20)(19,16)) 1
((19,16)(19,15)) 5
((19,15)(19,15)) 67
((19,15)(18,15)) 2
((18,15)(20,12)) 3
((20,12)(21,6)) 4
((24,13)(25,9)) 2
((25,9)(25,9)) 15
((25,9)(24,13)) 1
((24,13)(22,12)) 13
((22,12)(20,17)) 1
((21,17)(21,9)) 4
((21,9)(21,9)) 13
((21,9)(20,12)) 2
((24,13)(24,17)) 28
((24,17)(29,27)) 3
((29,27)(29,27)) 74
((29,27)(28,26)) 1
((28,26)(28,26)) 1
((28,26)(29,27)) 1
((29,27)(20,12)) 1
((20,12)(36,32)) 1
((36,32)(36,32)) 172
((36,32)(29,27)) 2
((29,27)(26,20)) 1
((20,36)(18,35)) 3
((18,35)(18,35)) 57
((18,35)(20,36)) 3
((20,36)(22,31)) 4
((22,31)(18,35)) 1
((18,35)(16,36)) 1
((16,36)(16,36)) 8
((16,36)(16,37)) 6
((16,37)(16,37)) 309
((16,37)(19,34)) 5
((19,34)(19,34)) 26
((19,34)(20,36)) 1
((20,36)(16,37)) 2
((16,37)(16,36)) 3
((16,37)(18,35)) 2
((18,35)(22,31)) 3
((22,31)(20,36)) 3
((17,12)(17,11)) 12
((17,12)(13,15)) 1
((13,15)(13,15)) 31
((13,15)(14,15)) 3
((14,15)(17,12)) 4
((17,12)(18,9)) 5
((17,11)(13,15)) 1
((16,37)(20,31)) 2
((20,31)(20,31)) 5
((20,31)(21,17)) 1
((21,17)(21,15)) 5
((21,15)(21,20)) 3
((21,20)(21,20)) 227
((21,20)(23,24)) 2
((23,24)(23,24)) 70
((23,24)(16,37)) 1
((16,37)(16,21)) 11
((16,21)(16,21)) 101
((16,21)(16,28)) 4
((16,28)(16,28)) 84
((16,28)(20,31)) 1
((20,31)(15,39)) 1
((15,39)(15,39)) 5
((15,39)(16,37)) 2
((16,37)(17,37)) 1
((17,37)(17,37)) 21
((17,37)(20,31)) 1
((38,28)(38,28)) 39
((38,28)(36,32)) 10
((36,32)(26,20)) 8
((26,20)(20,16)) 4
((20,16)(20,16)) 144
((20,16)(26,20)) 1
((27,21)(36,32)) 1
((36,32)(38,28)) 9
((20,16)(21,17)) 8
((21,17)(26,20)) 9
((26,20)(29,27)) 2
((29,27)(36,32)) 1
((38,28)(20,16)) 1
((21,17)(36,32)) 1
((38,28)(36,29)) 3
((36,29)(36,29)) 4
((36,29)(38,28)) 2
((20,16)(20,17)) 7
((20,17)(20,16)) 6
((20,16)(38,28)) 1
((36,29)(35,28)) 2
((35,28)(35,28)) 6
((35,28)(38,28)) 2
((15,16)(15,16)) 5
((15,16)(21,17)) 1
((21,17)(11,13)) 1
((11,13)(11,13)) 10
((11,13)(8,11)) 10
((8,11)(8,11)) 13
((8,11)(7,11)) 11
((7,11)(7,11)) 12
((7,11)(21,17)) 7
((21,17)(20,18)) 11
((21,17)(12,13)) 7
((12,13)(12,13)) 25
((12,13)(11,13)) 9
((7,11)(12,13)) 2
((21,17)(15,16)) 1
((15,16)(12,13)) 1
((21,15)(21,17)) 9
((24,12)(19,16)) 1
((19,16)(19,17)) 18
((19,17)(24,12)) 3
((24,12)(19,17)) 3
((19,17)(24,13)) 10
((24,12)(20,11)) 1
((20,11)(23,11)) 1
((23,11)(23,11)) 39
((23,11)(24,13)) 1
((30,28)(30,28)) 12
((30,28)(19,16)) 1
((19,17)(30,28)) 2
((30,28)(21,17)) 1
((21,17)(30,28)) 5
((30,28)(20,17)) 3
((30,28)(22,20)) 1
((37,29)(37,29)) 85
((37,29)(21,17)) 4
((21,16)(20,12)) 14
((17,12)(19,17)) 5
((19,17)(21,16)) 2
((17,12)(34,8)) 1
((34,8)(34,8)) 74
((34,8)(17,12)) 1
((17,12)(37,21)) 1
((37,21)(37,21)) 14
((37,21)(34,8)) 1
((34,8)(19,13)) 1
((19,13)(19,12)) 3
((19,12)(20,12)) 2
((21,17)(14,17)) 1
((14,17)(15,16)) 2
((15,16)(18,16)) 2
((18,16)(13,18)) 2
((13,18)(13,18)) 5
((13,18)(18,16)) 2
((18,16)(14,17)) 3
((18,16)(15,18)) 2
((15,18)(14,17)) 1
((14,17)(21,17)) 1
((22,7)(22,7)) 3
((22,7)(23,6)) 2
((23,6)(23,6)) 15
((23,6)(21,12)) 2
((21,12)(14,13)) 1
((14,13)(21,12)) 1
((21,12)(22,7)) 1
((21,12)(21,11)) 2
((21,11)(22,9)) 1
((26,20)(24,13)) 4
((24,13)(18,9)) 1
((18,9)(24,13)) 1
((24,13)(20,12)) 49
((20,12)(21,17)) 37
((22,16)(10,9)) 1
((10,9)(15,15)) 13
((15,15)(8,8)) 1
((8,8)(8,8)) 119
((8,8)(22,16)) 1
((22,16)(13,14)) 1
((13,14)(10,2)) 1
((10,2)(13,14)) 1
((19,14)(19,14)) 88
((19,14)(18,16)) 9
((18,16)(16,15)) 9
((16,15)(19,14)) 2
((16,15)(18,16)) 9
((21,16)(22,13)) 4
((22,13)(21,16)) 4
((22,13)(24,13)) 2
((24,13)(17,12)) 12
((14,15)(18,16)) 2
((18,16)(14,15)) 4
((14,15)(15,15)) 48
((21,17)(14,15)) 17
((22,17)(20,12)) 5
((21,17)(18,16)) 9
((18,16)(14,13)) 2
((14,13)(22,17)) 1
((16,5)(16,5)) 76
((16,5)(18,10)) 2
((18,10)(16,5)) 1
((16,5)(20,12)) 4
((20,12)(20,11)) 43
((20,12)(16,5)) 2
((20,12)(22,19)) 1
((22,20)(16,5)) 1
((16,5)(20,16)) 1
((20,16)(16,5)) 1
((20,12)(21,11)) 9
((21,11)(20,12)) 8
((17,11)(18,11)) 2
((18,11)(17,11)) 3
((17,11)(17,10)) 2
((17,10)(17,10)) 3
((17,10)(17,11)) 1
((17,11)(22,16)) 2
((22,16)(17,12)) 2
((17,12)(22,16)) 3
((13,14)(13,15)) 3
((13,15)(13,14)) 3
((13,14)(4,10)) 9
((4,10)(4,10)) 127
((4,10)(13,14)) 7
((13,14)(11,14)) 2
((11,14)(11,14)) 292
((11,14)(6,12)) 4
((6,12)(6,12)) 151
((6,12)(6,11)) 21
((6,11)(6,11)) 358
((22,9)(20,12)) 18
((20,12)(22,9)) 13
((17,12)(8,8)) 2
((8,8)(17,12)) 1
((22,9)(17,12)) 2
((17,12)(22,9)) 2
((20,12)(18,12)) 10
((18,12)(22,9)) 1
((21,12)(18,12)) 1
((17,11)(18,14)) 1
((18,14)(17,14)) 13
((22,31)(15,15)) 7
((15,15)(22,31)) 6
((22,31)(21,17)) 5
((21,17)(22,31)) 5
((16,12)(21,16)) 3
((21,16)(16,12)) 1
((16,12)(21,17)) 2
((21,17)(21,21)) 3
((21,21)(21,21)) 34
((21,21)(16,12)) 1
((20,12)(22,16)) 2
((22,16)(22,18)) 1
((22,18)(22,17)) 9
((22,17)(18,13)) 1
((17,12)(22,20)) 4
((22,20)(20,17)) 1
((20,17)(18,13)) 2
((17,0)(18,8)) 5
((18,8)(19,9)) 5
((19,9)(19,9)) 104
((19,9)(19,10)) 1
((19,10)(19,10)) 7
((19,10)(17,2)) 1
((17,2)(17,2)) 33
((17,2)(6,11)) 1
((6,11)(17,12)) 1
((13,6)(19,17)) 1
((19,17)(22,17)) 7
((22,17)(36,32)) 12
((36,32)(22,17)) 10
((20,12)(22,18)) 2
((22,18)(21,17)) 1
((21,17)(20,12)) 28
((20,14)(19,14)) 1
((18,16)(6,11)) 8
((6,11)(19,16)) 7
((19,16)(18,16)) 17
((6,11)(18,16)) 4
((19,16)(20,12)) 2
((20,12)(14,14)) 6
((14,14)(14,14)) 132
((14,14)(6,12)) 2
((6,11)(6,10)) 5
((6,10)(6,10)) 21
((6,10)(7,10)) 2
((7,10)(7,10)) 18
((7,10)(6,11)) 5
((22,17)(20,17)) 13
((20,17)(22,17)) 7
((19,18)(21,17)) 9
((21,17)(23,13)) 1
((23,13)(20,16)) 1
((20,17)(21,15)) 1
((21,15)(19,18)) 2
((21,16)(22,16)) 7
((21,12)(20,12)) 20
((24,13)(21,17)) 23
((11,14)(10,14)) 3
((10,14)(10,14)) 50
((10,14)(11,14)) 3
((11,14)(14,15)) 11
((14,15)(11,14)) 14
((20,12)(14,15)) 10
((15,15)(14,15)) 56
((14,15)(20,12)) 14
((20,12)(15,15)) 9
((17,0)(16,1)) 5
((16,1)(16,1)) 17
((16,1)(17,0)) 5
((19,17)(16,4)) 1
((16,4)(16,4)) 32
((16,4)(17,12)) 1
((17,12)(26,20)) 1
((26,20)(18,13)) 1
((17,12)(21,17)) 12
((22,19)(23,19)) 4
((23,19)(23,19)) 7
((23,19)(22,19)) 5
((22,19)(21,15)) 2
((21,15)(22,19)) 2
((23,19)(18,21)) 1
((18,21)(18,21)) 6
((18,21)(23,19)) 1
((22,19)(22,17)) 7
((22,17)(23,18)) 7
((23,18)(23,18)) 58
((17,12)(20,11)) 1
((20,11)(20,14)) 1
((20,14)(20,12)) 10
((20,11)(17,16)) 3
((17,16)(18,16)) 10
((18,16)(17,16)) 9
((15,15)(10,14)) 1
((10,14)(8,13)) 3
((8,13)(6,11)) 5
((6,11)(6,12)) 25
((6,12)(13,14)) 1
((13,14)(13,9)) 4
((13,9)(8,13)) 1
((17,12)(33,19)) 1
((33,19)(33,19)) 14
((33,19)(26,20)) 1
((26,20)(22,17)) 7
((38,18)(38,18)) 27
((38,18)(25,20)) 4
((25,20)(25,20)) 73
((25,20)(26,20)) 16
((26,20)(26,19)) 3
((26,19)(26,19)) 10
((26,19)(28,19)) 1
((28,19)(28,19)) 2
((28,19)(30,18)) 1
((30,18)(30,18)) 9
((30,18)(38,18)) 1
((38,18)(37,18)) 1
((37,18)(37,18)) 30
((37,18)(36,19)) 2
((36,19)(36,19)) 2
((36,19)(33,19)) 1
((33,19)(28,18)) 2
((28,18)(28,18)) 36
((28,18)(37,18)) 1
((37,18)(38,18)) 3
((20,11)(21,12)) 1
((21,12)(26,15)) 1
((26,15)(26,15)) 61
((26,15)(24,19)) 1
((24,19)(24,19)) 47
((24,19)(25,17)) 1
((25,17)(25,17)) 5
((25,17)(26,16)) 1
((26,16)(26,16)) 4
((26,16)(26,15)) 2
((26,15)(23,13)) 1
((23,13)(24,12)) 1
((24,12)(25,10)) 1
((25,10)(25,10)) 9
((25,10)(24,8)) 1
((24,8)(26,6)) 1
((26,6)(26,6)) 36
((26,6)(20,11)) 3
((20,11)(15,15)) 1
((15,15)(11,12)) 1
((11,12)(11,12)) 18
((11,12)(12,13)) 1
((12,13)(16,15)) 1
((18,16)(21,19)) 1
((21,19)(21,19)) 66
((21,19)(22,16)) 1
((22,16)(29,8)) 1
((29,8)(29,8)) 2
((29,8)(29,10)) 1
((29,10)(29,10)) 6
((29,10)(25,14)) 1
((25,14)(26,15)) 1
((26,15)(39,14)) 1
((39,14)(39,14)) 2
((39,14)(37,15)) 1
((37,15)(37,15)) 33
((37,15)(35,9)) 5
((35,9)(36,8)) 4
((36,8)(36,8)) 41
((21,20)(21,17)) 5
((20,12)(25,13)) 2
((25,13)(28,11)) 1
((28,11)(28,11)) 5
((28,11)(28,10)) 1
((28,10)(28,10)) 1
((28,10)(28,11)) 1
((28,11)(24,15)) 1
((24,15)(21,17)) 2
((37,29)(19,16)) 6
((21,17)(37,29)) 8
((37,29)(23,16)) 1
((23,16)(37,29)) 1
((37,29)(34,27)) 3
((34,27)(34,27)) 33
((34,27)(37,29)) 1
((22,17)(19,17)) 6
((19,17)(18,16)) 17
((17,12)(21,3)) 7
((21,3)(21,3)) 166
((21,3)(21,4)) 2
((21,4)(21,4)) 6
((21,4)(22,9)) 1
((20,12)(20,17)) 7
((20,17)(19,16)) 2
((19,16)(15,15)) 1
((15,15)(15,14)) 13
((15,14)(15,14)) 17
((15,14)(19,16)) 1
((21,17)(26,15)) 4
((26,15)(27,9)) 1
((27,9)(27,9)) 58
((27,9)(27,10)) 1
((27,10)(27,10)) 50
((27,10)(24,19)) 1
((24,19)(21,17)) 8
((26,15)(27,10)) 1
((27,10)(21,17)) 1
((21,17)(27,10)) 1
((21,8)(21,17)) 1
((20,12)(21,8)) 7
((21,8)(20,12)) 3
((21,8)(17,12)) 2
((17,12)(19,13)) 3
((19,13)(20,12)) 15
((23,29)(22,17)) 2
((22,17)(25,20)) 2
((26,20)(21,17)) 6
((21,17)(21,33)) 7
((21,33)(21,33)) 363
((21,33)(23,29)) 4
((22,17)(26,20)) 6
((26,20)(25,20)) 12
((21,33)(19,17)) 4
((8,8)(16,12)) 3
((16,12)(19,18)) 4
((19,18)(10,9)) 2
((10,9)(8,8)) 7
((8,8)(13,6)) 1
((13,9)(11,9)) 4
((8,13)(11,9)) 4
((11,9)(8,8)) 1
((8,8)(19,18)) 1
((19,18)(16,12)) 3
((16,12)(8,8)) 3
((8,8)(8,4)) 2
((8,4)(8,4)) 2
((8,4)(8,8)) 1
((8,8)(12,9)) 1
((12,9)(16,12)) 1
((21,17)(10,9)) 1
((8,8)(10,9)) 8
((33,29)(33,29)) 104
((33,29)(24,15)) 1
((24,15)(33,29)) 1
((24,13)(23,13)) 6
((23,13)(24,13)) 2
((24,12)(27,9)) 2
((27,9)(28,9)) 2
((28,9)(28,9)) 2
((28,9)(27,9)) 2
((27,9)(24,13)) 5
((11,9)(13,9)) 5
((13,9)(17,12)) 9
((17,12)(19,14)) 3
((19,14)(11,14)) 1
((11,14)(8,13)) 7
((8,13)(9,13)) 14
((9,13)(9,13)) 35
((9,13)(8,13)) 13
((8,13)(10,10)) 2
((10,10)(10,10)) 6
((10,10)(16,12)) 1
((19,14)(21,17)) 3
((21,17)(8,13)) 3
((8,13)(19,14)) 1
((19,14)(17,12)) 5
((17,12)(13,9)) 12
((13,9)(19,14)) 1
((11,9)(10,10)) 1
((10,10)(9,11)) 1
((9,11)(9,11)) 40
((9,11)(8,12)) 1
((8,12)(8,12)) 6
((8,12)(8,13)) 2
((30,13)(30,13)) 113
((30,13)(24,13)) 2
((24,13)(28,13)) 5
((28,13)(28,13)) 126
((28,13)(24,13)) 10
((24,13)(30,13)) 2
((30,13)(28,13)) 4
((28,13)(30,13)) 5
((22,8)(21,16)) 1
((17,12)(21,16)) 4
((17,12)(24,13)) 14
((17,12)(26,15)) 1
((26,15)(28,13)) 8
((24,12)(25,13)) 10
((25,13)(14,15)) 1
((14,15)(25,13)) 1
((25,13)(24,12)) 4
((24,12)(21,17)) 1
((21,17)(24,13)) 25
((27,9)(28,7)) 1
((28,7)(28,7)) 10
((28,7)(37,29)) 1
((37,29)(23,15)) 1
((23,15)(23,15)) 25
((23,15)(22,16)) 1
((22,16)(21,17)) 5
((18,25)(18,25)) 21
((18,25)(18,20)) 2
((18,20)(18,25)) 2
((18,25)(17,25)) 1
((17,25)(17,25)) 6
((17,25)(18,20)) 1
((18,20)(19,17)) 2
((23,24)(20,14)) 9
((20,14)(23,24)) 7
((20,14)(23,23)) 1
((23,23)(23,23)) 2
((20,17)(18,14)) 1
((18,14)(20,16)) 1
((20,17)(19,17)) 25
((19,17)(20,36)) 6
((20,36)(21,20)) 8
((21,20)(20,18)) 2
((20,18)(20,17)) 1
((20,17)(17,38)) 1
((17,38)(17,38)) 3
((18,23)(18,23)) 1
((18,23)(19,17)) 1
((19,17)(20,12)) 10
((20,12)(18,16)) 3
((18,16)(20,18)) 2
((20,18)(21,18)) 2
((21,17)(22,18)) 4
((22,18)(22,19)) 3
((22,20)(22,19)) 7
((22,19)(20,17)) 2
((19,17)(24,27)) 5
((21,17)(21,16)) 31
((20,12)(18,8)) 7
((18,8)(20,12)) 6
((22,12)(19,15)) 1
((19,15)(19,16)) 2
((19,16)(18,17)) 8
((18,17)(19,17)) 6
((31,28)(36,32)) 8
((36,32)(31,28)) 6
((32,28)(31,28)) 3
((31,28)(29,27)) 1
((29,27)(31,28)) 2
((36,32)(34,26)) 1
((34,26)(34,26)) 3
((34,26)(36,24)) 1
((36,24)(36,24)) 2
((36,24)(34,26)) 1
((34,26)(31,28)) 1
((31,28)(18,12)) 1
((18,12)(25,10)) 1
((25,10)(29,5)) 1
((29,5)(29,5)) 40
((29,5)(25,10)) 1
((25,10)(24,12)) 1
((24,13)(22,16)) 4
((22,16)(24,13)) 5
((24,13)(20,16)) 3
((20,16)(32,28)) 1
((31,28)(28,27)) 1
((28,27)(28,27)) 1
((17,12)(25,2)) 1
((25,2)(25,2)) 6
((25,2)(24,13)) 1
((21,1)(21,1)) 146
((21,1)(22,9)) 3
((22,9)(21,1)) 3
((21,1)(17,12)) 5
((20,12)(21,1)) 7
((21,1)(20,12)) 5
((21,17)(21,1)) 2
((19,15)(19,14)) 8
((19,14)(19,15)) 7
((19,15)(6,7)) 2
((6,7)(6,7)) 42
((6,7)(19,15)) 1
((6,7)(7,17)) 1
((7,17)(7,17)) 15
((24,25)(24,25)) 29
((24,25)(19,13)) 8
((19,13)(19,14)) 8
((19,14)(18,13)) 9
((19,13)(24,25)) 6
((17,12)(29,5)) 2
((29,5)(19,13)) 1
((19,14)(19,17)) 5
((19,17)(23,24)) 2
((23,24)(24,25)) 3
((24,25)(25,25)) 1
((25,25)(25,25)) 2
((25,25)(24,25)) 2
((24,25)(20,17)) 1
((21,16)(14,15)) 5
((14,15)(6,12)) 3
((6,12)(21,17)) 2
((14,15)(21,16)) 4
((6,12)(21,16)) 1
((32,3)(24,13)) 4
((20,12)(20,14)) 18
((20,14)(20,15)) 3
((20,15)(20,15)) 75
((20,15)(32,3)) 1
((20,12)(24,12)) 5
((24,12)(20,12)) 3
((20,15)(19,17)) 1
((19,17)(19,16)) 12
((19,16)(20,15)) 4
((20,15)(11,14)) 3
((11,14)(10,7)) 1
((10,7)(10,7)) 13
((10,7)(5,11)) 1
((5,11)(5,11)) 17
((18,14)(23,39)) 2
((23,39)(23,39)) 13
((23,39)(15,25)) 1
((15,25)(23,39)) 4
((23,39)(18,14)) 2
((18,14)(15,25)) 1
((21,17)(17,12)) 10
((22,20)(22,17)) 1
((22,17)(21,16)) 2
((21,16)(24,13)) 6
((24,13)(25,11)) 1
((25,11)(25,11)) 1
((30,13)(21,17)) 5
((21,17)(30,13)) 4
((21,17)(28,13)) 4
((24,17)(25,23)) 3
((25,23)(25,23)) 22
((25,23)(26,24)) 3
((26,24)(26,24)) 50
((26,24)(24,17)) 6
((24,17)(27,30)) 3
((27,30)(27,30)) 6
((27,30)(24,17)) 2
((24,17)(20,14)) 2
((20,14)(20,17)) 3
((20,17)(24,17)) 1
((24,17)(26,24)) 3
((24,17)(24,15)) 9
((24,15)(17,14)) 1
((22,8)(19,13)) 6
((19,13)(21,8)) 3
((21,8)(19,13)) 1
((19,13)(22,8)) 3
((22,12)(21,15)) 5
((21,16)(22,12)) 3
((22,12)(23,6)) 1
((23,6)(22,12)) 2
((21,16)(23,6)) 2
((22,12)(21,16)) 2
((23,18)(22,17)) 8
((22,12)(21,12)) 9
((21,12)(18,7)) 1
((18,7)(18,7)) 95
((18,7)(20,12)) 4
((19,17)(20,17)) 20
((24,13)(25,5)) 1
((25,5)(25,5)) 8
((25,5)(26,3)) 1
((26,3)(26,3)) 19
((26,3)(26,4)) 1
((26,4)(26,4)) 3
((26,4)(26,3)) 1
((26,3)(25,5)) 1
((25,5)(24,13)) 1
((20,12)(12,5)) 2
((12,5)(13,6)) 8
((19,17)(22,20)) 2
((22,19)(17,12)) 9
((18,12)(18,13)) 2
((18,13)(22,17)) 1
((22,17)(17,12)) 4
((17,12)(22,19)) 3
((18,16)(17,12)) 2
((17,12)(21,19)) 1
((21,19)(20,12)) 2
((20,12)(22,17)) 3
((17,16)(21,17)) 6
((21,17)(17,16)) 4
((21,33)(20,36)) 19
((20,18)(20,19)) 1
((20,19)(21,20)) 1
((21,20)(18,19)) 6
((17,0)(16,0)) 3
((16,0)(16,0)) 10
((16,0)(17,0)) 5
((17,0)(20,12)) 13
((21,17)(17,0)) 3
((9,11)(14,15)) 7
((14,15)(8,13)) 12
((8,13)(9,11)) 9
((6,11)(9,11)) 1
((9,11)(11,9)) 4
((11,9)(5,6)) 2
((5,6)(5,6)) 29
((5,6)(11,9)) 2
((11,9)(9,11)) 4
((26,20)(30,28)) 1
((30,28)(24,17)) 1
((24,17)(22,17)) 6
((22,17)(22,18)) 9
((20,17)(21,7)) 1
((21,7)(21,7)) 17
((21,7)(21,0)) 1
((21,0)(21,0)) 51
((18,16)(27,14)) 1
((27,14)(27,14)) 57
((27,14)(18,16)) 2
((18,16)(19,16)) 6
((19,16)(27,14)) 3
((27,14)(19,16)) 2
((18,17)(22,17)) 3
((22,17)(27,14)) 2
((8,14)(8,14)) 147
((8,14)(6,12)) 5
((6,11)(14,2)) 10
((14,2)(14,2)) 149
((14,2)(13,2)) 12
((13,2)(13,2)) 184
((13,2)(13,1)) 8
((13,1)(13,1)) 52
((13,1)(14,2)) 1
((14,2)(6,11)) 10
((6,12)(8,14)) 1
((8,14)(7,14)) 8
((7,14)(7,14)) 39
((7,14)(8,14)) 5
((6,12)(14,2)) 2
((13,1)(13,2)) 9
((13,2)(14,2)) 9
((6,12)(8,13)) 6
((8,13)(8,14)) 5
((14,2)(13,1)) 3
((13,1)(8,14)) 1
((8,14)(15,15)) 1
((15,15)(13,13)) 1
((13,13)(13,13)) 6
((13,13)(8,14)) 1
((8,14)(8,15)) 1
((8,15)(8,15)) 15
((8,15)(7,15)) 2
((7,15)(7,15)) 7
((7,15)(7,14)) 1
((28,14)(28,14)) 12
((28,14)(27,14)) 1
((27,14)(26,15)) 1
((26,15)(18,16)) 1
((18,16)(21,17)) 8
((21,17)(27,9)) 1
((27,9)(25,12)) 1
((25,12)(25,12)) 12
((25,12)(27,15)) 1
((27,15)(27,15)) 3
((27,15)(34,14)) 1
((34,14)(34,14)) 2
((34,14)(28,13)) 1
((28,13)(27,14)) 1
((27,14)(24,13)) 1
((24,13)(27,15)) 1
((27,15)(15,17)) 1
((15,17)(15,17)) 3
((15,17)(15,19)) 1
((18,9)(15,18)) 1
((15,18)(15,17)) 1
((15,17)(26,15)) 1
((26,15)(17,12)) 1
((18,12)(18,11)) 5
((17,11)(18,12)) 2
((18,12)(24,13)) 2
((21,17)(20,14)) 7
((20,14)(21,17)) 9
((21,17)(21,20)) 13
((21,20)(19,17)) 4
((18,17)(24,9)) 1
((24,9)(24,9)) 1
((24,9)(26,6)) 1
((26,6)(20,12)) 6
((21,17)(18,17)) 2
((18,17)(19,15)) 1
((19,15)(21,17)) 2
((18,17)(18,16)) 5
((18,16)(19,14)) 7
((18,16)(16,21)) 2
((16,21)(21,17)) 1
((34,8)(20,12)) 9
((20,12)(34,8)) 12
((25,8)(25,8)) 9
((25,8)(20,11)) 4
((20,11)(25,8)) 3
((20,11)(24,8)) 1
((24,8)(20,11)) 1
((19,17)(37,15)) 1
((35,9)(32,12)) 5
((32,12)(32,12)) 43
((32,12)(37,15)) 1
((32,12)(36,8)) 1
((36,8)(34,8)) 1
((34,8)(37,15)) 1
((20,17)(26,15)) 1
((26,15)(24,13)) 2
((21,17)(24,16)) 5
((24,16)(22,17)) 1
((22,17)(26,15)) 2
((26,15)(24,14)) 2
((24,14)(24,13)) 4
((21,16)(21,18)) 5
((21,18)(21,16)) 3
((21,17)(21,12)) 2
((20,12)(21,18)) 1
((10,12)(10,12)) 28
((10,12)(10,13)) 2
((10,13)(10,13)) 13
((10,13)(11,12)) 3
((11,12)(22,19)) 4
((22,19)(18,16)) 1
((18,16)(22,19)) 2
((22,19)(12,15)) 1
((12,15)(12,15)) 5
((12,15)(22,19)) 1
((22,19)(10,13)) 3
((10,13)(10,12)) 1
((10,12)(11,12)) 4
((10,13)(14,15)) 1
((14,15)(10,13)) 1
((17,16)(19,17)) 7
((19,17)(18,28)) 1
((18,28)(18,28)) 12
((18,28)(15,25)) 1
((15,25)(14,26)) 2
((14,26)(14,26)) 23
((14,26)(14,25)) 3
((14,25)(14,25)) 9
((14,25)(14,26)) 3
((14,26)(15,26)) 2
((15,26)(15,26)) 6
((15,26)(15,25)) 2
((15,25)(15,26)) 1
((15,26)(18,28)) 1
((24,13)(24,16)) 6
((24,16)(24,13)) 4
((24,13)(31,10)) 1
((31,10)(24,13)) 1
((22,17)(28,13)) 8
((14,2)(12,5)) 4
((12,5)(10,9)) 3
((10,9)(6,11)) 4
((6,11)(10,7)) 2
((10,7)(13,4)) 1
((13,4)(13,4)) 5
((13,4)(14,2)) 1
((14,2)(8,10)) 1
((8,10)(8,10)) 27
((8,10)(6,11)) 3
((6,11)(10,9)) 5
((10,9)(14,2)) 8
((6,12)(13,15)) 1
((13,15)(17,15)) 1
((17,15)(17,15)) 39
((17,15)(19,16)) 1
((21,17)(16,15)) 4
((16,15)(13,15)) 1
((32,9)(32,9)) 26
((32,9)(20,17)) 5
((20,17)(32,9)) 7
((32,9)(21,17)) 1
((21,17)(32,9)) 1
((32,9)(33,8)) 2
((33,8)(33,8)) 3
((16,9)(16,9)) 17
((16,9)(21,10)) 1
((21,10)(21,10)) 75
((21,10)(20,12)) 6
((20,12)(20,10)) 1
((20,10)(20,10)) 8
((20,10)(19,11)) 1
((19,11)(19,11)) 28
((19,11)(20,10)) 1
((20,10)(21,16)) 1
((20,12)(21,10)) 4
((21,10)(19,17)) 1
((20,38)(23,29)) 8
((22,31)(20,38)) 1
((23,29)(20,38)) 7
((16,15)(15,15)) 12
((16,15)(21,17)) 5
((21,20)(21,33)) 11
((21,33)(21,20)) 8
((21,21)(21,17)) 2
((21,17)(13,14)) 4
((13,14)(14,11)) 1
((14,11)(14,11)) 1
((14,11)(21,17)) 1
((21,17)(22,20)) 1
((22,20)(12,13)) 1
((12,13)(22,20)) 1
((22,20)(20,12)) 1
((20,12)(13,9)) 2
((13,9)(9,11)) 1
((9,11)(22,20)) 1
((18,35)(17,35)) 3
((17,35)(17,35)) 3
((17,35)(37,15)) 2
((37,15)(18,35)) 6
((18,35)(37,15)) 4
((17,35)(18,35)) 1
((18,35)(36,15)) 1
((36,15)(36,15)) 2
((36,15)(21,17)) 1
((23,37)(14,15)) 1
((15,15)(14,14)) 4
((14,14)(20,17)) 1
((20,17)(23,37)) 1
((23,37)(23,38)) 1
((23,38)(23,38)) 3
((23,38)(22,38)) 1
((22,38)(22,38)) 1
((18,16)(15,15)) 12
((15,15)(18,16)) 6
((15,15)(21,33)) 1
((21,33)(18,16)) 3
((9,11)(9,12)) 2
((9,12)(9,12)) 18
((9,12)(8,13)) 6
((8,13)(14,15)) 9
((18,16)(10,9)) 4
((10,9)(18,16)) 3
((15,15)(20,12)) 10
((15,15)(19,16)) 3
((19,17)(15,15)) 12
((15,15)(19,17)) 7
((15,15)(20,16)) 1
((20,16)(19,17)) 4
((19,17)(20,16)) 5
((18,21)(15,9)) 3
((15,9)(15,9)) 20
((15,9)(21,16)) 1
((21,16)(18,22)) 1
((18,22)(18,22)) 3
((18,22)(18,21)) 2
((15,9)(18,22)) 1
((15,9)(21,17)) 1
((21,17)(15,9)) 1
((21,17)(22,15)) 5
((22,15)(22,15)) 17
((22,15)(14,15)) 4
((22,15)(21,17)) 1
((14,15)(22,15)) 1
((20,18)(22,20)) 5
((22,20)(28,18)) 11
((28,18)(22,20)) 11
((22,20)(20,18)) 5
((20,18)(28,18)) 1
((20,12)(16,0)) 2
((19,17)(17,16)) 3
((24,15)(17,16)) 3
((17,16)(24,15)) 3
((24,15)(19,11)) 1
((19,11)(24,13)) 1
((8,8)(17,16)) 1
((17,16)(8,8)) 1
((8,8)(21,13)) 1
((21,13)(21,13)) 10
((21,13)(8,8)) 1
((8,8)(21,15)) 4
((21,15)(17,12)) 2
((14,14)(14,5)) 1
((14,5)(14,5)) 3
((14,5)(13,6)) 1
((13,6)(15,25)) 1
((15,25)(14,5)) 1
((14,5)(14,7)) 1
((14,7)(14,7)) 11
((11,14)(11,15)) 2
((11,15)(11,15)) 2
((11,15)(17,16)) 2
((17,16)(11,14)) 4
((11,14)(11,12)) 1
((11,12)(14,13)) 5
((14,13)(11,12)) 6
((11,12)(10,12)) 5
((10,12)(14,13)) 1
((10,7)(18,16)) 1
((18,16)(16,12)) 2
((16,12)(19,16)) 3
((19,16)(24,27)) 1
((24,27)(18,35)) 1
((18,35)(19,17)) 1
((12,8)(12,8)) 42
((12,8)(13,8)) 5
((13,8)(13,8)) 16
((13,8)(13,14)) 4
((13,14)(12,8)) 2
((17,14)(17,15)) 1
((17,15)(18,14)) 2
((18,14)(17,12)) 4
((18,12)(20,12)) 7
((16,15)(33,14)) 1
((33,14)(33,14)) 21
((33,14)(23,16)) 4
((23,16)(33,14)) 3
((23,16)(18,15)) 2
((18,15)(18,16)) 4
((28,14)(28,13)) 3
((28,13)(28,14)) 7
((28,13)(22,17)) 1
((22,17)(6,11)) 2
((6,12)(5,11)) 5
((5,11)(6,11)) 3
((6,11)(22,17)) 1
((28,14)(20,12)) 2
((20,12)(28,13)) 11
((24,13)(27,9)) 4
((20,12)(25,10)) 1
((25,10)(27,8)) 1
((27,8)(27,8)) 8
((27,8)(20,16)) 1
((20,16)(24,13)) 3
((27,9)(20,12)) 1
((20,12)(27,8)) 1
((27,8)(24,13)) 1
((17,16)(29,5)) 1
((29,5)(28,7)) 2
((28,7)(24,13)) 1
((24,12)(28,7)) 2
((28,7)(29,5)) 3
((29,5)(24,12)) 1
((24,13)(17,16)) 2
((17,16)(7,18)) 5
((7,18)(8,18)) 1
((8,18)(8,18)) 1
((20,22)(20,22)) 19
((20,22)(19,18)) 9
((19,18)(20,22)) 6
((19,18)(20,20)) 2
((20,20)(20,20)) 8
((20,20)(20,22)) 2
((20,22)(21,21)) 1
((21,17)(24,17)) 9
((24,17)(20,22)) 1
((21,15)(24,13)) 5
((24,13)(21,15)) 3
((24,12)(20,15)) 1
((20,15)(21,15)) 1
((25,13)(27,13)) 1
((27,13)(27,13)) 6
((27,13)(28,13)) 1
((28,13)(34,8)) 4
((34,8)(37,18)) 1
((37,18)(34,19)) 1
((34,19)(34,19)) 17
((34,19)(35,19)) 3
((35,19)(35,19)) 4
((35,19)(34,19)) 1
((34,19)(26,20)) 1
((24,13)(25,13)) 4
((25,13)(24,13)) 11
((24,17)(34,19)) 2
((35,19)(33,19)) 1
((33,19)(24,13)) 1
((24,13)(34,19)) 1
((34,19)(38,21)) 1
((38,21)(38,21)) 3
((38,21)(37,21)) 2
((17,13)(16,12)) 2
((16,12)(13,9)) 2
((13,9)(16,12)) 2
((29,5)(24,13)) 2
((24,16)(21,17)) 4
((18,17)(19,16)) 5
((19,16)(6,11)) 4
((10,9)(11,8)) 1
((11,8)(10,9)) 1
((6,11)(5,12)) 6
((5,12)(5,12)) 17
((5,12)(5,11)) 2
((5,11)(6,12)) 3
((6,11)(14,15)) 1
((14,15)(22,16)) 1
((21,15)(29,5)) 1
((29,5)(21,15)) 1
((21,15)(19,16)) 1
((20,8)(20,8)) 15
((20,8)(18,9)) 2
((18,9)(28,15)) 1
((28,15)(28,15)) 4
((28,15)(28,18)) 1
((28,18)(28,15)) 1
((28,15)(20,8)) 1
((20,8)(19,9)) 2
((19,9)(20,8)) 3
((18,9)(20,8)) 2
((20,8)(15,9)) 1
((15,9)(18,9)) 1
((24,16)(26,15)) 4
((26,15)(21,17)) 4
((12,10)(12,10)) 12
((12,10)(13,11)) 4
((13,11)(12,5)) 1
((12,5)(13,11)) 1
((13,11)(13,14)) 2
((13,14)(12,14)) 6
((12,14)(13,11)) 1
((13,11)(12,13)) 1
((12,13)(18,16)) 2
((17,16)(15,15)) 5
((15,15)(13,11)) 1
((13,11)(21,17)) 2
((21,17)(13,11)) 1
((21,17)(15,13)) 2
((11,9)(20,12)) 1
((21,12)(17,12)) 2
((17,12)(8,13)) 3
((8,13)(5,6)) 1
((28,13)(20,12)) 7
((29,27)(22,37)) 5
((22,37)(22,37)) 45
((22,37)(29,27)) 5
((22,37)(20,36)) 11
((20,36)(19,17)) 7
((20,36)(22,37)) 10
((29,10)(28,12)) 2
((28,12)(28,12)) 2
((28,12)(29,10)) 1
((29,10)(26,11)) 1
((26,11)(26,11)) 21
((26,11)(24,13)) 4
((20,12)(29,10)) 1
((28,12)(27,12)) 1
((27,12)(27,12)) 6
((27,12)(21,16)) 2
((21,17)(20,16)) 5
((18,9)(18,8)) 11
((18,8)(17,0)) 3
((17,0)(14,2)) 1
((14,2)(9,9)) 1
((9,9)(9,9)) 37
((9,9)(7,10)) 3
((7,10)(18,9)) 1
((18,9)(12,5)) 1
((12,5)(7,4)) 1
((7,4)(7,4)) 1
((7,4)(18,10)) 1
((18,10)(20,12)) 4
((22,8)(20,12)) 3
((20,12)(18,11)) 1
((18,11)(18,10)) 1
((18,10)(19,7)) 1
((19,7)(19,7)) 24
((18,35)(16,28)) 1
((16,28)(15,25)) 3
((15,25)(16,24)) 5
((16,24)(16,24)) 23
((16,24)(17,20)) 1
((17,20)(17,20)) 2
((17,20)(18,19)) 1
((18,19)(17,18)) 1
((17,18)(17,18)) 18
((17,18)(23,24)) 1
((23,24)(23,29)) 1
((23,29)(20,36)) 1
((20,16)(17,16)) 1
((17,16)(17,15)) 1
((17,15)(18,16)) 1
((18,16)(20,12)) 6
((20,12)(18,3)) 1
((18,3)(18,3)) 3
((18,3)(17,16)) 1
((17,16)(29,7)) 1
((29,7)(29,7)) 3
((29,7)(21,17)) 1
((12,5)(17,12)) 9
((21,11)(17,12)) 2
((17,12)(12,5)) 13
((20,12)(22,11)) 1
((22,11)(20,12)) 1
((12,5)(12,6)) 3
((12,6)(12,6)) 13
((12,6)(12,5)) 2
((12,5)(6,11)) 2
((6,11)(21,18)) 1
((20,17)(12,5)) 2
((12,5)(10,2)) 2
((24,2)(24,2)) 23
((24,2)(22,12)) 3
((22,12)(24,13)) 6
((22,12)(24,3)) 11
((24,3)(24,3)) 25
((24,3)(24,2)) 8
((24,2)(24,3)) 7
((24,3)(21,12)) 1
((24,2)(24,13)) 2
((24,3)(22,12)) 7
((24,3)(24,13)) 2
((22,12)(17,12)) 4
((8,8)(6,7)) 2
((15,14)(14,14)) 8
((14,14)(15,15)) 9
((11,14)(15,15)) 3
((15,14)(11,14)) 1
((17,12)(14,15)) 1
((11,14)(8,14)) 1
((7,14)(11,14)) 1
((17,39)(17,39)) 21
((17,39)(37,18)) 2
((37,18)(40,18)) 2
((40,18)(40,18)) 8
((40,18)(37,18)) 4
((37,18)(20,36)) 2
((20,36)(17,39)) 2
((37,18)(22,31)) 1
((22,31)(17,39)) 2
((17,39)(15,39)) 1
((15,39)(17,39)) 1
((17,39)(22,31)) 1
((22,31)(40,18)) 1
((37,18)(17,39)) 2
((17,39)(20,36)) 1
((22,31)(37,21)) 1
((37,21)(37,18)) 1
((17,39)(17,38)) 1
((17,38)(20,36)) 1
((20,36)(16,28)) 1
((15,25)(16,21)) 1
((16,21)(22,20)) 1
((22,20)(26,24)) 2
((26,24)(21,33)) 1
((21,33)(17,39)) 1
((21,10)(18,16)) 7
((18,16)(21,10)) 6
((19,14)(21,10)) 1
((4,10)(6,12)) 6
((6,12)(17,16)) 3
((19,17)(6,12)) 3
((6,12)(4,10)) 5
((6,12)(19,17)) 1
((4,10)(19,17)) 4
((4,10)(6,7)) 1
((6,7)(10,9)) 3
((10,9)(9,9)) 9
((9,9)(10,9)) 4
((10,9)(6,7)) 2
((29,30)(29,30)) 4
((29,30)(29,29)) 1
((29,29)(29,29)) 3
((29,29)(29,27)) 1
((29,27)(24,17)) 6
((24,17)(24,16)) 2
((24,16)(22,16)) 1
((21,16)(22,31)) 3
((22,31)(29,30)) 1
((24,17)(24,13)) 32
((25,13)(25,12)) 7
((25,12)(25,13)) 7
((24,12)(24,17)) 1
((19,16)(16,12)) 2
((19,16)(17,13)) 2
((17,13)(17,14)) 3
((17,14)(17,13)) 2
((17,13)(19,16)) 2
((19,16)(17,14)) 3
((16,12)(10,9)) 1
((20,18)(7,18)) 1
((7,18)(21,33)) 1
((21,33)(23,24)) 1
((23,24)(21,33)) 2
((21,33)(20,33)) 1
((20,33)(20,33)) 5
((20,33)(21,35)) 1
((21,35)(21,35)) 6
((21,35)(20,36)) 1
((32,33)(32,33)) 29
((32,33)(36,32)) 8
((36,32)(32,33)) 8
((22,17)(32,33)) 1
((32,33)(22,17)) 1
((22,17)(18,14)) 3
((18,14)(36,32)) 1
((17,0)(21,15)) 1
((20,12)(17,0)) 14
((36,30)(36,30)) 12
((36,30)(36,32)) 5
((36,32)(36,30)) 4
((36,30)(34,19)) 3
((34,19)(30,18)) 1
((30,18)(36,32)) 1
((36,32)(34,19)) 1
((34,19)(36,32)) 1
((36,32)(21,17)) 3
((21,16)(36,32)) 2
((36,32)(24,17)) 4
((24,17)(21,16)) 1
((20,12)(33,12)) 3
((33,12)(33,12)) 16
((33,12)(30,14)) 1
((30,14)(30,14)) 3
((30,14)(33,12)) 1
((33,12)(33,11)) 1
((33,11)(33,11)) 14
((33,11)(36,8)) 1
((36,8)(33,12)) 1
((33,12)(22,17)) 2
((22,17)(33,12)) 3
((33,12)(32,12)) 1
((32,12)(24,15)) 1
((24,15)(24,14)) 1
((24,14)(22,12)) 1
((22,12)(25,13)) 1
((25,13)(33,11)) 1
((33,11)(33,12)) 1
((21,20)(21,15)) 4
((19,17)(21,20)) 4
((21,20)(20,36)) 5
((22,37)(21,17)) 1
((23,37)(22,37)) 3
((20,36)(21,33)) 12
((21,33)(21,15)) 1
((21,15)(21,33)) 1
((21,33)(21,17)) 5
((24,27)(20,36)) 4
((21,20)(17,12)) 2
((10,2)(15,8)) 1
((15,8)(15,8)) 21
((15,8)(17,12)) 6
((17,12)(21,20)) 1
((23,24)(20,36)) 1
((24,13)(19,16)) 9
((19,16)(24,13)) 6
((19,17)(19,18)) 10
((19,18)(19,17)) 12
((21,17)(18,26)) 1
((18,26)(20,12)) 1
((20,14)(18,26)) 1
((21,15)(22,14)) 5
((22,14)(22,14)) 37
((22,14)(22,15)) 7
((22,15)(18,16)) 1
((18,16)(18,18)) 2
((18,18)(18,18)) 6
((18,18)(22,14)) 2
((22,14)(21,15)) 4
((21,15)(8,8)) 2
((22,15)(22,14)) 5
((21,15)(16,14)) 5
((16,14)(16,14)) 18
((16,14)(8,8)) 2
((8,8)(22,14)) 2
((22,14)(8,8)) 3
((26,19)(20,12)) 2
((20,12)(26,19)) 1
((26,19)(30,13)) 1
((24,12)(26,19)) 1
((31,10)(27,21)) 1
((27,21)(32,10)) 1
((32,10)(33,11)) 1
((33,11)(33,19)) 1
((24,39)(24,39)) 53
((24,39)(19,14)) 6
((19,14)(24,39)) 6
((24,39)(15,25)) 1
((15,25)(24,39)) 1
((33,29)(32,28)) 7
((22,31)(32,28)) 10
((32,28)(33,29)) 9
((32,28)(29,27)) 2
((24,17)(18,8)) 1
((19,9)(21,17)) 6
((21,17)(32,28)) 2
((33,29)(35,31)) 2
((35,31)(35,31)) 4
((35,31)(33,29)) 1
((33,29)(26,35)) 1
((26,35)(26,35)) 1
((26,35)(36,32)) 1
((36,32)(33,29)) 2
((32,28)(33,30)) 1
((33,30)(33,30)) 7
((33,30)(33,29)) 1
((33,29)(22,31)) 2
((34,27)(15,25)) 3
((15,25)(21,17)) 2
((15,25)(34,27)) 2
((34,27)(32,28)) 1
((32,28)(34,27)) 1
((22,29)(22,29)) 8
((22,29)(20,34)) 7
((20,34)(21,35)) 3
((21,35)(22,29)) 1
((22,29)(21,35)) 1
((21,35)(21,33)) 1
((21,33)(21,35)) 1
((21,35)(19,34)) 2
((19,34)(22,29)) 1
((20,34)(22,29)) 2
((20,34)(18,22)) 1
((16,28)(17,16)) 3
((22,20)(17,16)) 3
((17,16)(16,28)) 2
((16,28)(17,26)) 3
((17,26)(17,26)) 7
((17,26)(15,25)) 1
((15,25)(16,28)) 4
((10,12)(7,13)) 1
((7,13)(7,13)) 4
((7,13)(8,13)) 2
((8,13)(10,12)) 2
((10,12)(8,13)) 2
((8,13)(7,13)) 1
((14,13)(24,15)) 1
((24,15)(24,13)) 10
((24,13)(24,15)) 7
((24,15)(26,0)) 1
((26,0)(14,13)) 1
((20,12)(20,13)) 12
((20,13)(20,13)) 25
((20,13)(24,13)) 1
((19,17)(6,11)) 7
((6,12)(11,14)) 4
((11,14)(6,11)) 11
((6,12)(19,16)) 1
((19,16)(11,14)) 1
((6,11)(11,14)) 8
((6,12)(22,18)) 1
((17,5)(17,5)) 75
((17,5)(22,12)) 1
((20,12)(17,5)) 3
((17,5)(20,12)) 1
((18,8)(17,5)) 1
((20,16)(22,9)) 2
((22,9)(21,9)) 6
((21,9)(23,13)) 1
((23,13)(23,12)) 1
((23,12)(23,12)) 33
((23,12)(21,17)) 1
((15,15)(6,11)) 4
((6,11)(5,11)) 4
((5,11)(10,9)) 1
((15,15)(10,9)) 13
((10,9)(14,14)) 3
((33,30)(22,17)) 1
((22,17)(29,27)) 4
((29,27)(33,29)) 2
((33,29)(33,30)) 3
((33,30)(32,28)) 1
((33,29)(29,27)) 1
((22,17)(24,13)) 3
((16,21)(20,14)) 1
((20,14)(20,11)) 1
((20,12)(19,17)) 15
((19,17)(16,37)) 19
((16,21)(19,18)) 1
((19,18)(22,17)) 1
((22,17)(19,16)) 2
((19,16)(16,21)) 1
((16,21)(16,37)) 10
((16,21)(21,15)) 1
((21,15)(25,15)) 1
((25,15)(25,15)) 1
((25,15)(16,37)) 1
((16,37)(15,39)) 1
((15,39)(17,36)) 1
((17,36)(17,36)) 1
((17,36)(16,38)) 1
((16,38)(16,38)) 4
((24,39)(21,15)) 7
((21,15)(22,31)) 2
((22,31)(24,39)) 4
((24,39)(19,17)) 2
((20,16)(19,18)) 4
((19,17)(24,39)) 2
((21,15)(24,39)) 4
((22,0)(22,0)) 1
((22,0)(21,3)) 1
((21,3)(19,17)) 1
((19,17)(20,13)) 2
((20,13)(20,12)) 10
((20,12)(19,13)) 15
((19,13)(19,17)) 2
((19,17)(21,3)) 1
((13,11)(19,17)) 1
((21,12)(13,11)) 1
((13,11)(15,9)) 1
((15,9)(18,16)) 1
((24,15)(27,14)) 7
((27,14)(24,15)) 8
((24,15)(24,17)) 9
((24,17)(27,14)) 3
((27,14)(24,17)) 2
((16,13)(15,13)) 6
((15,13)(14,12)) 1
((14,12)(15,13)) 4
((15,13)(16,13)) 11
((16,13)(14,12)) 2
((17,12)(17,15)) 2
((17,15)(17,14)) 1
((17,14)(20,12)) 1
((29,12)(29,12)) 21
((29,12)(26,17)) 3
((26,17)(26,17)) 16
((26,17)(28,13)) 1
((28,13)(29,12)) 6
((29,12)(28,13)) 7
((28,13)(26,15)) 4
((26,15)(26,17)) 4
((26,17)(26,15)) 5
((26,17)(29,12)) 1
((29,12)(20,12)) 1
((18,12)(29,12)) 1
((17,0)(17,1)) 9
((17,1)(17,1)) 13
((17,1)(17,0)) 9
((17,1)(16,1)) 2
((16,1)(17,1)) 2
((10,14)(9,14)) 9
((9,14)(9,14)) 57
((9,14)(10,14)) 8
((8,13)(10,14)) 2
((10,14)(21,17)) 1
((21,20)(23,20)) 1
((23,20)(23,20)) 4
((23,20)(23,21)) 1
((23,21)(23,21)) 9
((23,21)(22,19)) 1
((16,15)(20,12)) 2
((20,17)(14,15)) 2
((11,14)(9,14)) 1
((29,36)(29,36)) 21
((29,36)(22,23)) 1
((22,23)(22,23)) 8
((22,23)(21,19)) 1
((21,19)(21,18)) 1
((21,18)(29,36)) 5
((29,36)(22,18)) 2
((22,18)(29,36)) 1
((29,36)(24,34)) 1
((24,34)(24,34)) 3
((14,15)(19,16)) 4
((21,17)(31,22)) 1
((31,22)(31,23)) 1
((31,23)(21,17)) 1
((20,21)(20,21)) 42
((20,21)(20,17)) 1
((19,16)(20,17)) 1
((21,20)(20,21)) 2
((20,21)(10,14)) 1
((10,14)(7,17)) 1
((7,17)(7,18)) 1
((7,18)(21,17)) 1
((21,18)(22,16)) 1
((22,16)(20,21)) 1
((20,21)(19,16)) 1
((19,16)(20,21)) 1
((20,21)(21,17)) 2
((20,16)(20,21)) 1
((11,14)(12,14)) 2
((12,14)(11,14)) 8
((11,14)(16,15)) 5
((16,15)(12,14)) 5
((24,27)(22,31)) 4
((22,31)(21,33)) 14
((19,17)(11,14)) 1
((32,9)(34,8)) 2
((34,8)(36,9)) 1
((36,9)(36,9)) 16
((36,9)(36,8)) 5
((36,8)(36,9)) 6
((36,9)(35,9)) 3
((35,9)(19,17)) 2
((19,17)(36,8)) 1
((21,17)(36,9)) 2
((36,32)(36,29)) 1
((38,28)(35,28)) 1
((22,20)(18,12)) 1
((21,18)(17,16)) 1
((17,16)(17,14)) 2
((17,14)(17,12)) 1
((21,16)(20,15)) 4
((20,15)(22,20)) 1
((26,24)(18,16)) 2
((21,17)(27,24)) 2
((27,24)(27,24)) 14
((20,14)(21,10)) 1
((22,9)(21,34)) 1
((21,34)(21,34)) 5
((21,34)(21,33)) 2
((20,36)(19,34)) 1
((19,34)(20,33)) 2
((20,33)(20,34)) 1
((20,34)(21,33)) 1
((14,13)(13,9)) 4
((13,9)(14,13)) 4
((14,13)(15,15)) 1
((22,17)(22,16)) 6
((22,16)(22,17)) 5
((21,12)(18,13)) 2
((21,12)(20,11)) 3
((19,13)(15,15)) 1
((14,14)(14,13)) 6
((14,13)(15,13)) 5
((15,13)(16,12)) 8
((17,16)(14,13)) 1
((17,12)(15,15)) 1
((15,15)(13,14)) 4
((13,14)(19,17)) 3
((22,17)(17,16)) 2
((16,15)(22,17)) 6
((22,17)(24,17)) 3
((24,17)(16,15)) 2
((22,17)(24,19)) 3
((24,19)(26,20)) 1
((19,16)(16,15)) 1
((24,19)(22,17)) 1
((20,17)(26,20)) 1
((19,16)(22,17)) 2
((12,6)(17,12)) 2
((8,8)(13,9)) 2
((13,9)(12,5)) 2
((12,5)(8,8)) 2
((21,20)(21,19)) 5
((21,19)(21,20)) 5
((21,19)(20,36)) 1
((20,36)(21,19)) 2
((21,15)(12,5)) 1
((12,5)(21,15)) 1
((21,16)(10,2)) 1
((10,2)(21,16)) 1
((21,16)(13,6)) 2
((13,6)(10,2)) 2
((14,13)(12,5)) 1
((12,5)(14,13)) 1
((14,13)(11,9)) 1
((11,9)(14,13)) 1
((20,12)(5,6)) 2
((5,6)(4,7)) 5
((4,7)(4,7)) 8
((4,7)(20,12)) 1
((17,12)(5,6)) 2
((4,7)(17,12)) 2
((4,7)(5,6)) 1
((19,17)(16,24)) 1
((16,24)(34,27)) 1
((34,27)(21,17)) 2
((19,17)(24,19)) 1
((21,17)(18,25)) 1
((18,25)(34,27)) 1
((34,27)(22,17)) 1
((24,17)(20,16)) 1
((20,16)(18,25)) 1
((17,12)(21,11)) 1
((17,12)(15,8)) 7
((26,24)(16,15)) 4
((16,15)(26,24)) 3
((18,16)(25,23)) 1
((25,23)(21,17)) 2
((21,18)(26,24)) 1
((26,24)(26,22)) 1
((26,22)(26,22)) 1
((26,22)(25,22)) 1
((25,22)(25,22)) 47
((25,22)(26,24)) 1
((26,24)(25,20)) 2
((25,20)(23,21)) 1
((23,21)(26,24)) 1
((13,11)(13,9)) 1
((13,9)(14,5)) 1
((14,5)(12,11)) 1
((12,11)(12,11)) 3
((12,11)(13,11)) 1
((13,11)(13,6)) 3
((13,6)(12,5)) 6
((20,11)(15,7)) 1
((15,7)(15,7)) 62
((15,7)(20,12)) 5
((20,12)(15,7)) 5
((15,7)(7,18)) 1
((7,18)(15,7)) 1
((10,7)(6,11)) 3
((6,11)(15,1)) 2
((15,1)(15,1)) 7
((15,1)(14,2)) 3
((14,2)(6,12)) 1
((6,11)(13,4)) 1
((13,4)(13,3)) 1
((13,3)(13,3)) 53
((13,3)(14,2)) 2
((14,2)(15,1)) 1
((15,1)(6,12)) 1
((14,2)(13,3)) 2
((13,3)(12,4)) 1
((12,4)(12,4)) 11
((12,4)(12,5)) 3
((7,10)(6,10)) 2
((6,10)(6,11)) 7
((15,1)(13,3)) 1
((13,3)(12,5)) 2
((12,5)(10,7)) 2
((6,11)(14,14)) 1
((14,14)(17,12)) 5
((20,12)(24,14)) 1
((24,14)(24,15)) 2
((24,15)(24,16)) 2
((24,16)(25,16)) 5
((25,16)(25,16)) 23
((25,16)(24,15)) 1
((24,13)(23,12)) 1
((23,12)(22,12)) 2
((20,12)(19,9)) 8
((19,9)(18,9)) 3
((18,8)(18,7)) 9
((18,7)(18,6)) 4
((18,6)(18,6)) 27
((18,6)(18,5)) 1
((18,5)(18,4)) 1
((18,4)(18,4)) 30
((18,4)(18,3)) 1
((18,3)(17,2)) 1
((17,2)(16,1)) 2
((24,16)(33,11)) 2
((33,11)(30,13)) 1
((18,16)(15,19)) 1
((15,19)(14,18)) 1
((14,18)(18,16)) 1
((14,14)(14,15)) 17
((14,15)(16,12)) 1
((16,12)(20,12)) 8
((21,1)(20,2)) 3
((20,2)(20,2)) 8
((20,2)(15,15)) 1
((14,15)(7,18)) 3
((7,18)(14,15)) 9
((21,4)(21,3)) 1
((21,4)(21,5)) 2
((21,5)(21,5)) 8
((21,5)(21,4)) 2
((21,5)(21,1)) 1
((21,1)(21,6)) 1
((21,6)(22,6)) 8
((22,6)(22,6)) 22
((22,6)(21,3)) 1
((21,3)(21,5)) 1
((21,4)(21,6)) 1
((21,6)(21,5)) 1
((21,33)(29,27)) 1
((29,27)(23,24)) 1
((21,17)(28,34)) 1
((28,34)(28,34)) 11
((20,12)(17,16)) 8
((17,16)(7,17)) 3
((7,17)(21,7)) 1
((21,7)(17,16)) 1
((7,17)(22,9)) 1
((22,9)(21,7)) 1
((21,7)(22,9)) 1
((22,9)(18,20)) 1
((18,20)(21,17)) 1
((21,17)(14,2)) 1
((20,12)(26,6)) 7
((20,11)(18,2)) 2
((18,2)(18,2)) 2
((18,2)(20,12)) 2
((20,12)(23,10)) 1
((23,10)(23,10)) 5
((23,10)(26,6)) 1
((26,6)(29,5)) 1
((29,5)(26,6)) 1
((26,6)(24,8)) 1
((24,8)(28,2)) 1
((28,2)(28,2)) 1
((28,2)(26,6)) 1
((24,13)(25,12)) 2
((25,12)(23,13)) 1
((23,13)(22,12)) 1
((20,15)(21,17)) 2
((24,13)(24,14)) 4
((24,14)(22,13)) 2
((22,13)(24,14)) 3
((22,27)(22,27)) 4
((22,27)(21,17)) 3
((21,17)(20,26)) 2
((20,26)(20,26)) 8
((20,26)(22,26)) 3
((22,26)(22,26)) 10
((22,26)(21,17)) 2
((21,18)(26,25)) 1
((26,25)(26,25)) 7
((26,25)(20,26)) 1
((20,26)(21,17)) 1
((22,26)(22,27)) 1
((22,27)(22,26)) 1
((22,26)(20,26)) 2
((24,12)(17,12)) 6
((24,13)(19,17)) 8
((12,5)(13,9)) 2
((20,14)(22,8)) 1
((21,8)(24,13)) 1
((21,16)(22,8)) 1
((22,8)(36,8)) 1
((36,8)(28,13)) 3
((14,2)(16,5)) 9
((16,5)(14,2)) 8
((14,2)(16,4)) 1
((16,4)(14,2)) 3
((14,2)(17,7)) 1
((17,7)(17,7)) 9
((17,7)(16,6)) 1
((16,6)(16,6)) 18
((16,6)(14,2)) 1
((22,18)(15,15)) 1
((15,15)(22,17)) 2
((19,18)(21,15)) 3
((21,15)(19,17)) 3
((20,12)(19,7)) 3
((19,7)(21,15)) 1
((19,17)(21,12)) 1
((33,19)(38,18)) 1
((38,18)(26,20)) 1
((26,19)(37,18)) 1
((37,18)(26,20)) 1
((26,20)(33,19)) 3
((33,19)(15,15)) 1
((15,15)(17,16)) 2
((17,16)(22,17)) 2
((20,12)(18,9)) 5
((18,9)(18,10)) 9
((18,10)(16,4)) 2
((16,4)(15,7)) 1
((15,7)(21,12)) 1
((21,12)(22,10)) 2
((22,10)(22,10)) 4
((22,10)(23,9)) 1
((23,9)(23,8)) 1
((23,8)(23,4)) 1
((23,4)(23,4)) 11
((23,4)(22,12)) 1
((18,9)(20,12)) 4
((15,7)(18,9)) 1
((18,9)(16,4)) 1
((16,4)(18,9)) 4
((18,9)(15,7)) 1
((18,8)(19,7)) 3
((19,7)(18,8)) 3
((18,8)(17,7)) 1
((17,7)(13,2)) 2
((13,2)(16,4)) 1
((18,9)(19,7)) 1
((19,7)(18,9)) 1
((18,9)(13,1)) 1
((13,2)(18,9)) 4
((18,8)(16,4)) 1
((16,4)(13,1)) 1
((18,9)(13,2)) 2
((21,1)(22,1)) 1
((22,1)(22,1)) 1
((22,1)(21,1)) 1
((21,1)(21,3)) 4
((21,3)(21,1)) 9
((20,36)(19,18)) 4
((19,18)(20,36)) 4
((20,36)(24,13)) 1
((22,31)(20,11)) 1
((20,11)(20,36)) 1
((19,17)(17,12)) 4
((24,13)(21,16)) 4
((21,16)(18,10)) 1
((18,10)(21,17)) 3
((21,17)(18,10)) 5
((18,10)(24,13)) 1
((24,13)(25,8)) 1
((20,8)(21,6)) 2
((21,6)(19,9)) 1
((19,9)(20,12)) 11
((20,12)(21,7)) 2
((21,7)(18,8)) 1
((19,9)(38,18)) 1
((24,17)(20,12)) 4
((20,12)(25,20)) 1
((25,20)(38,18)) 2
((38,18)(19,9)) 1
((20,12)(24,17)) 7
((24,17)(25,20)) 2
((33,19)(25,20)) 3
((24,17)(26,20)) 7
((26,20)(38,18)) 1
((25,20)(22,20)) 2
((22,20)(21,16)) 1
((21,6)(22,5)) 4
((21,17)(6,11)) 4
((6,11)(21,17)) 3
((21,17)(5,12)) 1
((5,12)(6,11)) 4
((21,15)(18,38)) 1
((18,38)(18,38)) 2
((18,38)(21,17)) 1
((21,17)(16,37)) 2
((22,6)(21,6)) 6
((22,6)(22,5)) 3
((22,5)(20,12)) 4
((21,17)(22,6)) 1
((22,6)(20,12)) 3
((21,6)(21,8)) 1
((21,8)(22,5)) 1
((20,12)(22,6)) 1
((22,5)(22,6)) 3
((22,12)(16,15)) 4
((16,15)(22,12)) 4
((22,12)(15,15)) 5
((15,15)(16,15)) 14
((22,12)(20,15)) 1
((20,15)(22,12)) 1
((16,15)(21,16)) 1
((20,15)(21,16)) 3
((21,16)(15,15)) 2
((15,15)(22,12)) 3
((22,12)(14,15)) 3
((24,17)(19,17)) 2
((19,17)(24,17)) 3
((24,17)(21,17)) 8
((18,7)(17,7)) 1
((17,7)(18,9)) 2
((18,7)(18,9)) 5
((18,9)(18,7)) 1
((24,17)(25,21)) 9
((25,21)(25,21)) 28
((25,21)(25,22)) 8
((25,22)(25,21)) 10
((25,21)(24,17)) 10
((24,13)(25,22)) 2
((25,21)(24,13)) 1
((13,6)(22,17)) 1
((22,17)(13,6)) 1
((13,6)(18,14)) 1
((18,15)(11,5)) 1
((11,5)(11,5)) 7
((11,5)(12,5)) 1
((25,12)(20,12)) 1
((16,0)(20,12)) 1
((15,28)(15,28)) 27
((15,28)(16,21)) 1
((16,21)(14,15)) 1
((14,15)(16,21)) 2
((17,26)(15,28)) 3
((15,28)(15,25)) 3
((16,28)(15,28)) 4
((15,28)(16,28)) 4
((16,28)(16,21)) 4
((16,21)(13,14)) 1
((12,14)(14,15)) 1
((14,15)(17,26)) 1
((25,9)(24,8)) 2
((24,8)(24,2)) 1
((24,2)(22,13)) 1
((22,13)(24,2)) 1
((24,2)(21,12)) 1
((22,12)(16,28)) 1
((16,28)(16,29)) 3
((16,29)(16,29)) 5
((16,15)(10,9)) 1
((10,9)(16,15)) 4
((14,14)(9,13)) 1
((8,13)(14,14)) 1
((14,15)(21,18)) 2
((21,18)(14,18)) 1
((14,18)(14,14)) 1
((14,2)(15,3)) 3
((15,3)(15,3)) 30
((15,3)(16,5)) 2
((16,5)(16,6)) 2
((16,6)(17,7)) 2
((17,7)(17,8)) 2
((17,8)(17,8)) 13
((17,8)(18,9)) 2
((18,10)(18,11)) 2
((18,11)(17,12)) 3
((8,13)(13,14)) 1
((13,14)(15,19)) 4
((15,19)(18,16)) 1
((18,16)(22,17)) 2
((24,16)(20,11)) 2
((20,11)(21,11)) 5
((21,11)(19,15)) 1
((19,15)(16,21)) 1
((16,21)(19,15)) 2
((19,15)(21,11)) 1
((20,12)(24,16)) 5
((24,16)(18,16)) 1
((14,17)(18,16)) 1
((24,16)(17,16)) 1
((17,16)(20,11)) 2
((21,16)(20,18)) 2
((20,18)(21,16)) 1
((20,18)(18,24)) 2
((18,24)(18,24)) 5
((18,24)(21,16)) 1
((21,17)(19,13)) 4
((18,24)(7,18)) 1
((19,20)(19,20)) 8
((19,20)(18,19)) 1
((18,19)(21,20)) 2
((18,20)(21,20)) 2
((18,19)(19,18)) 2
((18,20)(19,20)) 2
((19,20)(21,20)) 2
((18,19)(20,17)) 1
((19,17)(18,20)) 2
((21,20)(19,21)) 1
((19,21)(19,21)) 6
((19,21)(21,20)) 1
((21,20)(19,20)) 1
((20,12)(18,10)) 4
((18,10)(19,15)) 1
((19,15)(18,16)) 3
((18,17)(17,12)) 1
((6,9)(6,9)) 19
((6,9)(6,10)) 1
((6,10)(6,9)) 1
((6,9)(9,8)) 1
((7,18)(12,13)) 1
((12,13)(17,17)) 1
((17,17)(17,17)) 15
((17,17)(17,18)) 4
((17,18)(17,16)) 2
((11,14)(17,17)) 1
((17,18)(12,13)) 1
((18,16)(11,14)) 2
((11,14)(17,18)) 1
((11,14)(7,18)) 1
((17,14)(18,14)) 16
((18,14)(19,16)) 1
((17,12)(17,1)) 1
((17,1)(20,12)) 1
((20,12)(18,7)) 5
((18,7)(19,9)) 2
((19,9)(16,1)) 1
((20,12)(19,37)) 1
((19,37)(19,37)) 39
((19,37)(22,20)) 1
((22,20)(18,17)) 1
((18,17)(20,12)) 2
((20,12)(18,17)) 3
((11,14)(19,17)) 1
((20,17)(10,9)) 2
((10,9)(11,14)) 1
((6,11)(20,12)) 1
((5,11)(14,15)) 1
((13,11)(14,14)) 1
((14,13)(13,11)) 1
((22,9)(21,17)) 2
((18,16)(22,9)) 4
((21,17)(22,9)) 5
((21,9)(22,9)) 4
((17,16)(20,12)) 6
((20,12)(26,3)) 1
((26,3)(24,8)) 2
((24,8)(22,11)) 1
((22,11)(22,9)) 1
((20,12)(20,18)) 1
((16,12)(15,13)) 13
((16,13)(15,14)) 1
((15,14)(15,13)) 1
((17,12)(7,10)) 1
((7,10)(17,12)) 1
((13,15)(16,21)) 2
((16,21)(20,17)) 1
((20,17)(13,15)) 1
((13,15)(21,17)) 1
((21,21)(16,21)) 1
((16,21)(13,15)) 1
((37,29)(22,18)) 2
((22,18)(20,12)) 4
((22,18)(26,20)) 2
((26,20)(18,11)) 3
((18,11)(19,11)) 5
((19,11)(22,18)) 1
((20,13)(20,11)) 1
((13,6)(13,11)) 3
((13,11)(16,15)) 2
((16,15)(17,15)) 1
((17,15)(10,9)) 4
((10,9)(11,6)) 6
((11,6)(11,6)) 20
((11,6)(10,9)) 4
((10,9)(17,15)) 5
((17,15)(20,12)) 1
((17,12)(10,9)) 4
((11,6)(11,7)) 2
((11,7)(11,7)) 4
((11,7)(11,6)) 1
((16,15)(6,11)) 4
((6,11)(16,15)) 2
((16,15)(17,16)) 4
((21,33)(22,31)) 10
((21,33)(20,39)) 8
((20,39)(22,31)) 3
((22,31)(18,28)) 2
((18,28)(22,31)) 2
((20,39)(21,33)) 2
((22,31)(21,15)) 1
((21,15)(20,15)) 2
((20,15)(20,14)) 1
((20,17)(22,31)) 1
((22,31)(19,18)) 5
((21,17)(19,18)) 2
((19,18)(22,31)) 3
((18,19)(16,21)) 1
((16,21)(15,19)) 3
((22,16)(18,17)) 1
((18,17)(20,16)) 2
((20,17)(36,8)) 1
((36,9)(21,16)) 1
((18,12)(17,11)) 1
((17,10)(20,12)) 1
((20,12)(17,11)) 2
((21,3)(20,12)) 10
((20,12)(21,3)) 7
((16,21)(15,15)) 1
((16,15)(29,27)) 1
((29,27)(22,17)) 1
((29,27)(16,15)) 1
((16,15)(20,17)) 1
((20,17)(15,15)) 1
((16,6)(16,10)) 4
((16,10)(16,6)) 3
((16,10)(17,11)) 2
((17,11)(16,10)) 3
((24,13)(22,17)) 2
((24,13)(36,32)) 2
((36,32)(24,13)) 1
((26,20)(36,32)) 4
((24,13)(16,12)) 1
((21,17)(18,12)) 2
((18,11)(18,12)) 2
((22,16)(23,17)) 4
((23,17)(23,17)) 10
((23,17)(24,17)) 1
((24,14)(19,17)) 1
((16,37)(24,14)) 1
((24,14)(25,14)) 1
((25,14)(22,16)) 1
((22,17)(22,20)) 2
((22,20)(21,17)) 2
((21,18)(25,23)) 1
((21,17)(26,24)) 2
((26,24)(17,16)) 1
((17,16)(26,24)) 1
((26,24)(21,17)) 1
((13,15)(21,20)) 2
((21,20)(15,15)) 4
((15,15)(13,15)) 3
((15,15)(21,20)) 6
((18,16)(12,13)) 1
((12,13)(20,36)) 1
((20,36)(20,12)) 2
((20,12)(20,36)) 2
((20,15)(19,16)) 3
((21,16)(20,16)) 1
((20,16)(21,16)) 1
((17,12)(21,8)) 1
((34,27)(26,20)) 4
((26,20)(22,18)) 5
((22,18)(34,27)) 5
((34,27)(33,27)) 8
((33,27)(33,27)) 14
((33,27)(34,27)) 6
((22,18)(21,19)) 1
((21,19)(21,17)) 7
((21,17)(34,27)) 1
((34,27)(22,18)) 2
((28,5)(28,5)) 2
((28,5)(20,15)) 1
((20,15)(26,1)) 1
((26,1)(26,1)) 2
((26,1)(26,0)) 2
((26,0)(21,17)) 1
((24,13)(26,1)) 1
((26,0)(28,5)) 1
((28,5)(24,13)) 1
((19,13)(24,13)) 1
((21,13)(21,12)) 1
((17,12)(22,11)) 1
((22,11)(19,12)) 1
((19,12)(23,11)) 1
((23,11)(22,11)) 6
((22,11)(22,13)) 1
((22,13)(21,13)) 4
((21,13)(20,12)) 1
((31,19)(31,19)) 26
((31,19)(19,18)) 1
((21,17)(28,19)) 1
((28,19)(31,19)) 1
((31,19)(31,20)) 5
((31,20)(31,20)) 8
((31,20)(31,19)) 5
((21,20)(20,20)) 1
((20,20)(21,20)) 1
((21,20)(24,17)) 3
((24,13)(26,11)) 7
((26,11)(17,12)) 2
((16,12)(24,13)) 5
((26,11)(24,12)) 2
((26,11)(29,8)) 1
((16,37)(17,12)) 3
((18,5)(17,0)) 6
((17,0)(18,5)) 6
((26,15)(25,16)) 1
((25,16)(24,16)) 4
((24,16)(23,13)) 1
((23,13)(30,13)) 1
((30,13)(24,16)) 1
((16,37)(20,36)) 2
((20,36)(21,17)) 4
((19,17)(18,17)) 6
((19,17)(18,18)) 1
((18,18)(19,19)) 1
((19,19)(19,19)) 6
((19,19)(22,20)) 1
((22,20)(21,20)) 2
((16,12)(18,14)) 11
((18,14)(16,12)) 9
((13,9)(18,14)) 1
((6,11)(15,15)) 3
((32,3)(21,0)) 5
((21,0)(32,3)) 5
((21,7)(21,3)) 1
((21,3)(21,17)) 1
((21,3)(17,12)) 2
((19,13)(18,14)) 2
((18,14)(19,13)) 1
((19,22)(19,22)) 1
((19,22)(20,22)) 1
((20,22)(19,9)) 1
((19,9)(18,8)) 1
((18,8)(21,3)) 1
((21,3)(22,9)) 2
((22,9)(22,12)) 2
((21,12)(18,19)) 1
((18,19)(19,19)) 2
((19,19)(18,19)) 1
((18,20)(19,21)) 2
((19,21)(18,20)) 2
((18,20)(21,3)) 1
((21,3)(19,9)) 1
((20,29)(20,29)) 50
((20,29)(18,16)) 1
((18,16)(20,29)) 4
((20,29)(20,28)) 3
((20,28)(20,28)) 5
((20,28)(21,12)) 1
((21,12)(19,16)) 1
((19,16)(19,18)) 1
((19,18)(18,26)) 2
((18,26)(20,29)) 1
((20,28)(19,16)) 2
((20,29)(21,29)) 2
((21,29)(21,29)) 2
((21,29)(20,33)) 1
((20,33)(20,29)) 1
((15,15)(16,12)) 2
((16,37)(19,17)) 12
((20,12)(32,12)) 1
((32,12)(35,9)) 5
((35,9)(36,12)) 1
((36,12)(36,12)) 2
((36,12)(21,3)) 1
((21,3)(11,6)) 1
((15,15)(17,12)) 2
((20,12)(15,13)) 1
((15,13)(14,15)) 1
((14,15)(14,16)) 3
((14,16)(14,16)) 4
((14,16)(21,3)) 1
((21,3)(20,14)) 1
((20,14)(22,9)) 1
((22,9)(21,3)) 3
((21,3)(14,15)) 1
((14,15)(17,16)) 2
((24,16)(27,14)) 1
((7,10)(14,14)) 1
((14,14)(20,12)) 4
((25,13)(21,16)) 1
((25,13)(27,12)) 1
((37,29)(27,14)) 3
((27,14)(37,29)) 3
((37,29)(38,30)) 2
((38,30)(38,30)) 2
((38,30)(37,29)) 1
((22,18)(22,16)) 1
((22,16)(27,14)) 1
((27,14)(22,18)) 1
((22,18)(37,29)) 1
((8,13)(17,19)) 2
((17,19)(17,19)) 55
((17,19)(9,12)) 1
((9,12)(17,19)) 1
((17,19)(8,13)) 1
((8,13)(9,12)) 5
((17,19)(19,16)) 3
((19,16)(8,13)) 5
((10,12)(6,11)) 1
((6,11)(8,13)) 5
((19,14)(24,13)) 2
((24,13)(32,3)) 6
((32,3)(34,6)) 4
((34,6)(34,6)) 76
((18,9)(18,13)) 1
((18,13)(18,16)) 3
((18,16)(18,13)) 2
((18,13)(18,10)) 5
((18,10)(18,9)) 2
((18,10)(18,13)) 8
((18,16)(19,15)) 3
((19,15)(18,10)) 1
((18,10)(19,9)) 3
((18,10)(18,16)) 1
((19,14)(18,9)) 1
((19,16)(19,14)) 1
((19,9)(19,16)) 1
((19,16)(18,10)) 1
((18,10)(19,16)) 1
((25,9)(22,9)) 1
((22,9)(24,13)) 1
((24,8)(25,9)) 1
((14,15)(13,14)) 1
((12,14)(8,13)) 1
((13,9)(10,9)) 2
((8,13)(4,10)) 2
((4,10)(8,13)) 4
((11,9)(17,12)) 3
((34,8)(17,16)) 1
((14,15)(28,13)) 1
((28,13)(33,11)) 1
((33,11)(36,12)) 1
((36,12)(19,17)) 1
((19,17)(33,11)) 1
((16,15)(19,17)) 3
((18,17)(24,13)) 1
((10,9)(15,14)) 1
((22,12)(20,11)) 2
((15,15)(8,13)) 1
((8,13)(15,15)) 6
((20,12)(8,13)) 1
((22,12)(24,2)) 3
((24,2)(12,14)) 1
((18,17)(21,17)) 4
((22,16)(16,19)) 1
((16,19)(16,19)) 13
((16,19)(21,17)) 1
((27,24)(27,25)) 2
((27,25)(27,25)) 2
((27,25)(27,24)) 1
((27,25)(26,23)) 1
((26,23)(26,23)) 2
((26,23)(27,24)) 1
((27,24)(27,23)) 1
((27,23)(27,23)) 5
((27,23)(26,23)) 1
((26,23)(15,25)) 1
((15,25)(32,28)) 1
((22,16)(19,15)) 2
((19,15)(17,12)) 2
((21,17)(16,12)) 2
((17,13)(22,16)) 2
((22,16)(20,17)) 1
((20,17)(17,12)) 2
((17,12)(17,13)) 13
((17,13)(17,16)) 1
((17,8)(20,12)) 3
((26,15)(24,16)) 2
((24,16)(20,12)) 1
((18,14)(19,34)) 1
((19,34)(18,14)) 1
((17,12)(14,14)) 4
((14,14)(16,15)) 12
((17,12)(25,10)) 1
((25,10)(24,13)) 2
((24,13)(14,14)) 5
((16,15)(24,13)) 6
((16,15)(24,16)) 1
((24,13)(16,15)) 3
((23,12)(24,13)) 3
((20,12)(23,12)) 2
((21,17)(23,12)) 1
((10,9)(28,13)) 1
((28,13)(34,7)) 1
((34,7)(34,7)) 7
((34,7)(34,6)) 2
((34,6)(20,12)) 1
((15,13)(20,12)) 2
((34,8)(34,6)) 6
((34,6)(17,12)) 1
((10,9)(34,6)) 1
((34,6)(28,13)) 1
((28,13)(35,9)) 1
((35,9)(34,6)) 4
((34,6)(35,9)) 3
((34,6)(34,7)) 2
((20,12)(18,5)) 4
((18,5)(20,12)) 2
((24,15)(20,12)) 5
((20,12)(24,15)) 4
((18,12)(21,19)) 5
((21,19)(18,12)) 5
((14,15)(24,8)) 1
((24,8)(14,15)) 2
((15,15)(24,13)) 5
((24,13)(24,8)) 2
((21,17)(21,19)) 7
((21,19)(24,27)) 1
((24,27)(21,19)) 1
((16,15)(14,14)) 8
((14,14)(13,14)) 2
((13,14)(13,13)) 1
((25,23)(22,19)) 4
((22,19)(25,23)) 4
((18,14)(22,19)) 1
((27,10)(24,12)) 1
((24,12)(27,10)) 5
((27,10)(24,13)) 7
((24,13)(27,10)) 2
((21,17)(19,16)) 3
((19,16)(18,12)) 1
((18,12)(27,10)) 1
((8,8)(7,8)) 2
((7,8)(7,8)) 4
((7,8)(8,8)) 3
((21,17)(23,19)) 1
((23,19)(21,17)) 1
((24,13)(16,13)) 1
((16,13)(21,17)) 1
((24,13)(14,18)) 1
((14,18)(17,19)) 1
((24,32)(24,32)) 40
((24,32)(22,31)) 1
((21,17)(22,30)) 2
((22,30)(22,30)) 11
((22,30)(15,15)) 3
((21,20)(22,30)) 1
((22,30)(19,17)) 1
((19,17)(14,12)) 1
((14,12)(13,12)) 1
((13,12)(15,13)) 1
((15,13)(15,15)) 1
((20,14)(22,30)) 1
((22,30)(24,32)) 1
((24,32)(15,15)) 1
((18,12)(15,15)) 1
((24,27)(21,33)) 6
((16,37)(19,18)) 10
((19,16)(17,19)) 2
((17,19)(19,18)) 1
((19,18)(16,37)) 8
((16,37)(16,38)) 1
((16,38)(17,38)) 1
((17,38)(16,38)) 1
((16,38)(16,37)) 2
((20,17)(18,26)) 1
((18,26)(15,15)) 1
((15,15)(20,18)) 1
((18,26)(19,18)) 1
((20,12)(23,13)) 1
((23,13)(16,21)) 2
((15,19)(23,13)) 1
((15,19)(24,13)) 1
((14,15)(10,14)) 3
((10,14)(15,15)) 1
((15,15)(6,12)) 2
((6,12)(15,15)) 3
((15,14)(15,15)) 2
((18,12)(21,15)) 1
((21,15)(20,11)) 2
((20,11)(21,15)) 1
((20,11)(18,9)) 1
((18,9)(17,12)) 1
((17,12)(8,12)) 1
((8,12)(17,12)) 2
((17,12)(11,9)) 3
((17,12)(10,10)) 1
((10,10)(17,12)) 1
((16,19)(14,15)) 4
((14,15)(16,19)) 4
((16,19)(17,19)) 1
((17,15)(9,8)) 1
((21,2)(21,2)) 26
((21,2)(21,1)) 2
((19,17)(19,14)) 2
((18,13)(19,14)) 3
((17,12)(20,17)) 1
((19,17)(18,13)) 4
((18,13)(18,17)) 1
((23,24)(21,17)) 7
((21,17)(23,24)) 4
((23,24)(19,37)) 5
((19,37)(17,37)) 8
((17,37)(19,37)) 7
((19,37)(23,24)) 4
((17,37)(16,37)) 1
((23,24)(22,24)) 3
((22,24)(22,24)) 4
((22,24)(23,24)) 2
((19,37)(21,17)) 1
((15,19)(16,37)) 2
((16,37)(8,8)) 1
((19,14)(12,6)) 2
((12,6)(19,14)) 2
((19,12)(16,12)) 1
((16,12)(18,12)) 2
((18,13)(18,15)) 1
((18,15)(19,15)) 2
((19,15)(20,14)) 2
((20,14)(19,13)) 2
((19,13)(20,11)) 2
((20,11)(19,13)) 1
((12,5)(14,2)) 3
((13,6)(17,12)) 3
((8,8)(9,9)) 1
((15,15)(7,8)) 1
((26,6)(21,14)) 1
((21,14)(21,14)) 6
((24,25)(21,16)) 1
((21,16)(22,17)) 1
((21,17)(24,25)) 1
((24,25)(21,15)) 4
((21,16)(23,24)) 1
((21,16)(24,25)) 2
((18,7)(19,7)) 3
((19,7)(17,12)) 2
((17,12)(19,7)) 1
((19,7)(18,7)) 3
((17,16)(19,15)) 1
((19,15)(20,15)) 1
((20,15)(20,17)) 1
((21,10)(17,15)) 5
((17,15)(21,10)) 5
((21,10)(21,8)) 5
((21,8)(21,10)) 4
((21,8)(20,7)) 1
((20,7)(20,7)) 1
((20,12)(13,2)) 3
((13,2)(13,6)) 1
((13,6)(14,7)) 1
((14,7)(14,13)) 1
((24,15)(26,12)) 3
((26,12)(26,12)) 16
((26,12)(26,13)) 1
((26,13)(27,13)) 2
((27,13)(26,15)) 1
((26,15)(24,12)) 1
((22,31)(16,37)) 3
((16,21)(17,12)) 3
((6,7)(18,9)) 5
((18,9)(6,7)) 2
((18,8)(6,7)) 1
((18,9)(21,17)) 1
((21,17)(6,7)) 1
((18,9)(19,9)) 1
((19,9)(6,7)) 1
((18,16)(23,24)) 3
((23,24)(18,16)) 1
((23,24)(16,15)) 1
((18,16)(18,24)) 1
((18,24)(22,24)) 1
((13,15)(16,37)) 1
((16,37)(14,15)) 1
((16,12)(18,15)) 1
((18,15)(17,12)) 4
((17,12)(24,12)) 4
((6,11)(7,10)) 3
((7,10)(5,11)) 1
((5,11)(6,10)) 1
((11,14)(21,17)) 7
((20,17)(6,11)) 1
((17,19)(26,3)) 2
((26,3)(17,19)) 2
((17,19)(18,19)) 1
((18,19)(26,3)) 1
((26,3)(16,21)) 1
((18,25)(18,19)) 1
((18,19)(16,24)) 1
((16,24)(18,25)) 3
((18,25)(19,19)) 3
((19,19)(16,24)) 1
((18,25)(16,24)) 1
((19,19)(18,25)) 1
((13,14)(20,12)) 2
((12,14)(15,15)) 1
((13,15)(14,14)) 1
((14,14)(15,13)) 1
((15,13)(16,14)) 1
((16,14)(18,15)) 1
((21,15)(22,12)) 1
((22,12)(21,17)) 1
((17,0)(19,11)) 1
((19,11)(19,9)) 2
((19,9)(17,0)) 2
((14,2)(20,12)) 1
((20,12)(21,15)) 1
((21,15)(20,14)) 3
((20,12)(16,4)) 4
((14,2)(20,14)) 2
((20,14)(21,15)) 4
((21,15)(18,20)) 2
((18,20)(20,16)) 1
((20,16)(14,2)) 1
((21,17)(19,9)) 3
((17,12)(13,2)) 2
((13,2)(13,3)) 6
((25,16)(21,18)) 4
((21,18)(21,19)) 4
((21,19)(25,16)) 1
((25,16)(22,17)) 2
((22,17)(21,18)) 1
((21,18)(25,16)) 1
((21,18)(22,17)) 1
((22,17)(25,16)) 1
((28,13)(25,16)) 2
((20,36)(19,37)) 1
((17,37)(22,33)) 1
((22,33)(22,33)) 2
((20,1)(20,1)) 4
((20,1)(21,1)) 4
((21,1)(21,16)) 5
((21,16)(21,3)) 8
((21,3)(19,1)) 2
((19,1)(19,1)) 2
((19,1)(21,16)) 1
((19,1)(20,1)) 1
((21,3)(20,2)) 2
((20,2)(20,1)) 1
((21,6)(21,3)) 4
((21,1)(21,0)) 3
((21,0)(21,3)) 2
((21,3)(21,0)) 2
((21,0)(21,6)) 4
((21,6)(21,0)) 2
((21,3)(18,8)) 1
((17,12)(20,15)) 1
((20,15)(21,0)) 1
((20,25)(20,25)) 13
((20,25)(20,26)) 3
((20,26)(20,25)) 1
((20,26)(20,14)) 1
((20,14)(21,21)) 1
((21,21)(20,21)) 1
((16,37)(22,31)) 2
((23,29)(20,25)) 1
((16,14)(21,15)) 5
((20,14)(16,14)) 1
((21,17)(18,7)) 2
((18,7)(20,11)) 1
((20,11)(19,16)) 1
((28,31)(28,31)) 3
((28,31)(28,32)) 3
((28,32)(28,32)) 3
((28,32)(30,31)) 2
((30,31)(30,31)) 2
((30,31)(28,34)) 1
((28,34)(34,32)) 1
((34,32)(34,32)) 4
((34,32)(28,31)) 1
((28,32)(28,31)) 1
((30,31)(21,33)) 1
((21,33)(30,34)) 1
((30,34)(30,34)) 1
((30,34)(34,32)) 1
((34,32)(36,32)) 1
((10,12)(12,13)) 2
((12,13)(12,12)) 1
((12,12)(12,12)) 2
((12,12)(13,14)) 1
((11,14)(9,12)) 1
((8,13)(21,17)) 1
((22,11)(21,12)) 1
((22,10)(22,9)) 3
((22,9)(23,11)) 1
((22,11)(23,11)) 3
((22,11)(22,10)) 2
((19,9)(23,29)) 1
((22,31)(19,34)) 3
((19,34)(16,37)) 5
((19,34)(22,31)) 6
((23,29)(19,9)) 1
((19,18)(18,19)) 1
((18,19)(19,17)) 5
((19,17)(22,9)) 3
((19,17)(28,14)) 1
((17,12)(19,16)) 1
((9,13)(9,12)) 2
((8,13)(19,16)) 4
((9,12)(19,16)) 1
((19,17)(8,13)) 3
((36,27)(36,27)) 8
((36,27)(37,29)) 1
((37,29)(30,11)) 1
((30,11)(30,11)) 1
((30,11)(28,11)) 1
((28,11)(17,12)) 1
((18,17)(20,18)) 1
((20,18)(36,27)) 1
((36,27)(29,7)) 1
((29,7)(28,11)) 1
((28,11)(18,11)) 1
((18,11)(29,7)) 1
((29,7)(16,24)) 1
((16,24)(19,34)) 1
((19,34)(22,19)) 1
((22,19)(15,25)) 1
((22,31)(24,27)) 4
((20,36)(18,17)) 1
((18,35)(16,37)) 2
((18,35)(19,34)) 2
((26,14)(26,14)) 39
((26,14)(23,16)) 6
((23,16)(23,15)) 6
((23,15)(23,16)) 4
((23,16)(26,14)) 4
((26,14)(27,14)) 6
((27,14)(26,14)) 6
((23,15)(26,14)) 2
((24,13)(18,12)) 3
((18,12)(21,17)) 1
((21,17)(19,12)) 1
((21,17)(18,15)) 2
((18,15)(21,17)) 2
((20,12)(18,14)) 8
((18,14)(20,12)) 9
((20,12)(18,6)) 5
((18,6)(20,12)) 5
((18,6)(18,14)) 2
((18,6)(19,5)) 1
((19,5)(19,5)) 1
((19,5)(18,5)) 1
((18,5)(18,6)) 1
((16,21)(17,19)) 3
((17,19)(16,18)) 3
((16,18)(16,18)) 5
((16,18)(16,21)) 1
((16,18)(18,16)) 1
((16,18)(17,19)) 1
((17,19)(16,21)) 1
((17,13)(17,12)) 6
((12,5)(13,8)) 1
((13,8)(12,8)) 6
((13,8)(13,6)) 1
((21,17)(22,19)) 4
((28,14)(26,15)) 2
((21,17)(28,14)) 1
((28,14)(14,14)) 1
((14,14)(28,13)) 2
((28,13)(14,14)) 1
((28,13)(14,13)) 1
((14,13)(21,17)) 2
((21,3)(21,16)) 6
((21,16)(20,14)) 7
((20,14)(21,3)) 2
((20,14)(21,16)) 4
((21,16)(20,17)) 1
((20,17)(21,3)) 1
((29,27)(32,28)) 1
((32,28)(21,17)) 1
((21,17)(16,19)) 1
((16,19)(19,16)) 1
((6,11)(4,10)) 11
((4,10)(3,11)) 2
((3,11)(3,11)) 5
((3,11)(1,12)) 2
((1,12)(1,12)) 9
((1,12)(4,10)) 2
((4,10)(6,11)) 6
((6,11)(8,10)) 2
((8,10)(9,9)) 1
((9,9)(9,8)) 1
((9,8)(17,12)) 1
((24,13)(22,11)) 1
((22,11)(21,10)) 1
((21,10)(19,16)) 1
((23,17)(22,16)) 2
((22,16)(23,16)) 1
((19,15)(24,17)) 1
((24,17)(22,16)) 1
((22,16)(20,15)) 1
((20,15)(22,16)) 1
((22,16)(22,19)) 1
((22,19)(24,16)) 1
((22,17)(36,8)) 3
((36,8)(22,17)) 3
((36,8)(35,8)) 2
((35,8)(35,8)) 9
((20,11)(21,10)) 1
((20,12)(14,12)) 1
((14,12)(20,12)) 1
((18,16)(17,18)) 1
((17,18)(17,17)) 3
((17,17)(18,16)) 3
((18,16)(17,17)) 2
((17,18)(18,17)) 1
((18,17)(17,18)) 1
((21,16)(4,10)) 1
((4,10)(20,12)) 1
((30,13)(31,13)) 6
((31,13)(31,13)) 16
((31,13)(30,13)) 4
((30,13)(22,17)) 1
((22,17)(18,17)) 1
((28,13)(31,13)) 1
((24,39)(22,31)) 5
((30,13)(24,39)) 1
((22,31)(34,26)) 1
((34,26)(37,18)) 1
((37,18)(37,15)) 1
((35,9)(22,31)) 1
((22,31)(21,18)) 1
((21,17)(11,14)) 5
((21,19)(11,14)) 1
((19,11)(19,10)) 3
((19,10)(20,12)) 6
((20,12)(22,22)) 5
((22,22)(22,22)) 13
((22,22)(22,23)) 5
((22,23)(22,22)) 2
((22,22)(20,12)) 2
((20,12)(19,11)) 2
((22,23)(19,10)) 2
((22,22)(21,17)) 1
((21,17)(22,22)) 1
((8,13)(5,12)) 1
((5,12)(4,10)) 1
((4,10)(21,17)) 2
((4,10)(17,0)) 1
((17,0)(6,11)) 1
((9,14)(16,15)) 6
((16,15)(9,14)) 4
((9,14)(14,15)) 2
((14,15)(9,14)) 2
((21,17)(22,8)) 1
((13,11)(12,10)) 2
((19,28)(19,28)) 8
((19,28)(21,20)) 1
((21,20)(21,16)) 2
((21,16)(19,28)) 1
((19,28)(21,16)) 1
((22,31)(19,28)) 1
((19,28)(22,12)) 1
((22,12)(19,28)) 1
((21,7)(22,19)) 1
((22,19)(22,18)) 2
((22,18)(21,18)) 1
((21,18)(22,8)) 1
((24,15)(23,13)) 1
((23,13)(24,15)) 1
((24,15)(22,15)) 1
((22,15)(24,15)) 1
((22,19)(25,20)) 1
((25,20)(21,17)) 1
((21,17)(23,17)) 1
((23,17)(21,17)) 1
((21,17)(23,18)) 5
((23,18)(25,19)) 1
((25,19)(25,19)) 3
((25,19)(25,20)) 1
((25,20)(25,21)) 2
((25,21)(24,19)) 1
((22,18)(23,18)) 1
((23,18)(24,18)) 1
((24,18)(24,18)) 3
((24,18)(24,19)) 1
((24,19)(24,17)) 2
((24,17)(26,15)) 1
((22,31)(29,27)) 1
((24,17)(28,13)) 1
((34,8)(37,22)) 1
((37,22)(37,22)) 1
((37,22)(20,12)) 1
((19,17)(17,20)) 1
((17,20)(16,21)) 1
((16,21)(17,39)) 1
((27,20)(27,20)) 8
((27,20)(26,20)) 3
((26,20)(18,14)) 3
((18,14)(27,20)) 1
((18,14)(26,20)) 3
((26,20)(27,20)) 2
((21,14)(22,14)) 1
((22,14)(21,17)) 2
((21,17)(22,14)) 1
((17,15)(22,20)) 1
((22,20)(19,17)) 1
((13,2)(13,9)) 1
((13,9)(20,12)) 1
((24,13)(7,17)) 1
((18,14)(21,33)) 5
((21,33)(18,14)) 4
((21,33)(16,37)) 1
((16,37)(18,14)) 1
((25,13)(19,18)) 2
((19,18)(25,13)) 2
((19,18)(20,16)) 2
((25,13)(34,6)) 1
((34,6)(34,27)) 1
((12,5)(25,13)) 1
((18,13)(20,14)) 1
((20,14)(18,13)) 1
((16,15)(24,15)) 3
((24,15)(16,15)) 1
((24,15)(16,13)) 1
((16,13)(28,11)) 1
((28,11)(20,12)) 1
((10,16)(10,16)) 7
((10,16)(11,14)) 4
((8,13)(8,12)) 3
((8,12)(10,16)) 2
((8,13)(11,14)) 3
((11,14)(10,16)) 2
((22,20)(17,25)) 1
((17,25)(16,12)) 1
((21,3)(21,2)) 3
((21,2)(21,3)) 2
((20,12)(16,28)) 1
((24,13)(16,21)) 7
((16,37)(20,12)) 1
((34,9)(21,17)) 3
((18,16)(18,15)) 2
((18,16)(20,17)) 2
((20,17)(34,9)) 1
((34,9)(27,14)) 1
((27,14)(24,16)) 4
((35,9)(27,14)) 4
((33,11)(35,9)) 1
((27,14)(22,17)) 1
((21,17)(27,14)) 1
((27,14)(32,12)) 1
((19,15)(25,18)) 1
((25,18)(25,18)) 2
((25,18)(19,14)) 1
((29,13)(29,13)) 19
((29,13)(36,8)) 1
((36,8)(29,13)) 1
((29,13)(28,13)) 1
((21,17)(24,19)) 5
((21,21)(23,24)) 1
((21,18)(23,24)) 1
((15,15)(12,13)) 1
((12,13)(10,9)) 1
((10,9)(23,24)) 1
((17,0)(7,18)) 1
((23,20)(22,19)) 1
((18,16)(22,16)) 1
((22,16)(20,12)) 1
((21,12)(16,12)) 6
((15,13)(14,13)) 9
((14,13)(14,14)) 9
((14,15)(3,10)) 5
((3,10)(3,10)) 5
((3,10)(22,12)) 4
((22,13)(21,12)) 1
((22,16)(21,18)) 1
((21,16)(19,13)) 1
((19,13)(22,16)) 1
((22,18)(27,21)) 1
((19,17)(26,15)) 1
((26,15)(22,17)) 2
((16,5)(10,9)) 4
((10,9)(16,5)) 1
((16,5)(15,15)) 1
((21,17)(16,5)) 1
((9,14)(8,15)) 3
((8,15)(9,14)) 2
((33,10)(33,10)) 4
((33,10)(34,9)) 3
((35,9)(33,10)) 2
((35,9)(24,17)) 1
((26,20)(22,20)) 2
((22,19)(37,18)) 1
((37,18)(35,9)) 1
((34,9)(33,10)) 1
((33,10)(33,11)) 1
((33,11)(21,17)) 1
((34,8)(33,9)) 2
((33,9)(33,9)) 3
((33,9)(29,14)) 1
((29,14)(29,14)) 2
((29,14)(25,20)) 1
((25,20)(16,24)) 1
((16,24)(29,14)) 1
((33,14)(20,14)) 3
((20,14)(33,14)) 2
((20,13)(32,15)) 1
((32,15)(32,15)) 5
((32,15)(32,14)) 1
((32,14)(32,14)) 3
((32,14)(17,12)) 1
((17,12)(28,13)) 3
((28,13)(32,15)) 1
((23,18)(17,16)) 1
((23,18)(19,18)) 1
((19,18)(23,18)) 2
((16,21)(24,13)) 4
((6,5)(6,5)) 2
((6,5)(4,7)) 1
((4,7)(6,5)) 1
((6,5)(21,17)) 1
((21,17)(5,6)) 1
((4,7)(21,17)) 1
((21,17)(17,15)) 2
((6,12)(14,15)) 2
((28,13)(14,26)) 1
((14,26)(20,12)) 1
((24,13)(25,20)) 1
((25,20)(24,13)) 1
((24,13)(24,10)) 2
((24,10)(24,10)) 2
((24,10)(24,13)) 1
((25,20)(24,17)) 1
((24,10)(24,17)) 1
((26,20)(24,19)) 1
((24,13)(26,20)) 1
((17,2)(18,7)) 4
((18,7)(17,2)) 4
((16,1)(20,12)) 1
((6,11)(6,14)) 2
((6,14)(6,14)) 9
((6,14)(6,11)) 1
((6,14)(18,14)) 1
((18,14)(6,14)) 1
((24,13)(21,3)) 1
((21,3)(22,16)) 1
((22,16)(16,15)) 1
((11,14)(18,13)) 2
((17,12)(11,14)) 2
((18,13)(11,14)) 1
((11,14)(17,12)) 2
((17,12)(16,9)) 4
((16,9)(17,12)) 4
((18,12)(20,11)) 1
((16,9)(21,17)) 1
((16,9)(19,11)) 1
((19,11)(20,12)) 3
((14,15)(22,12)) 6
((22,12)(15,13)) 1
((16,13)(22,12)) 1
((16,26)(16,26)) 6
((16,26)(18,26)) 1
((18,26)(17,25)) 1
((17,25)(16,26)) 3
((16,26)(17,25)) 2
((16,26)(16,28)) 1
((19,17)(34,8)) 3
((34,8)(19,17)) 3
((34,8)(22,17)) 2
((19,17)(35,9)) 3
((35,9)(34,8)) 4
((18,16)(21,7)) 2
((21,7)(18,16)) 1
((20,21)(21,21)) 1
((21,21)(23,29)) 1
((23,29)(20,21)) 3
((20,21)(15,11)) 1
((15,11)(15,11)) 7
((15,11)(19,16)) 1
((18,16)(20,21)) 1
((20,21)(23,29)) 2
((24,12)(16,13)) 4
((16,13)(24,12)) 4
((17,12)(15,9)) 1
((15,9)(18,12)) 1
((18,12)(24,12)) 1
((20,18)(20,23)) 2
((20,23)(20,18)) 1
((20,23)(21,23)) 1
((21,23)(21,23)) 1
((21,23)(22,22)) 1
((22,22)(20,23)) 1
((20,23)(21,17)) 1
((17,16)(18,17)) 5
((18,17)(17,16)) 2
((17,16)(18,15)) 1
((18,15)(21,20)) 1
((11,5)(21,17)) 1
((21,17)(11,5)) 1
((11,5)(12,6)) 1
((17,12)(10,6)) 1
((10,6)(10,6)) 1
((17,19)(19,17)) 3
((18,26)(18,19)) 1
((26,12)(7,18)) 1
((14,15)(16,13)) 1
((21,17)(24,15)) 2
((26,12)(24,15)) 1
((26,12)(20,12)) 1
((20,12)(26,12)) 1
((14,15)(24,13)) 2
((23,12)(22,31)) 1
((29,27)(24,13)) 1
((24,13)(12,5)) 1
((12,5)(6,12)) 1
((17,0)(27,10)) 2
((17,0)(24,13)) 1
((24,13)(17,0)) 1
((17,0)(24,12)) 1
((17,17)(4,7)) 2
((4,7)(17,17)) 2
((17,17)(10,9)) 1
((10,9)(17,17)) 1
((17,17)(17,16)) 1
((17,16)(17,12)) 2
((20,12)(21,14)) 1
((21,14)(17,2)) 1
((17,2)(21,14)) 1
((21,14)(20,12)) 1
((18,5)(17,2)) 1
((17,2)(20,12)) 2
((20,12)(17,2)) 2
((7,7)(7,7)) 5
((7,7)(18,14)) 4
((18,14)(7,7)) 4
((7,7)(16,37)) 1
((16,37)(22,17)) 1
((18,16)(8,13)) 3
((8,13)(18,16)) 1
((18,16)(19,18)) 2
((19,18)(18,16)) 2
((8,8)(12,5)) 1
((13,6)(16,4)) 1
((16,4)(13,6)) 1
((32,3)(33,5)) 2
((33,5)(33,5)) 5
((33,5)(34,6)) 2
((34,6)(34,8)) 5
((34,8)(35,9)) 3
((36,8)(35,9)) 4
((35,9)(33,5)) 1
((33,5)(32,3)) 3
((34,6)(36,8)) 1
((34,6)(33,5)) 2
((35,9)(32,3)) 2
((22,17)(21,15)) 1
((21,15)(19,13)) 1
((18,13)(20,17)) 1
((21,20)(23,29)) 1
((23,29)(21,16)) 1
((21,17)(20,24)) 1
((20,24)(20,24)) 2
((20,24)(17,2)) 1
((17,2)(19,9)) 1
((22,17)(34,31)) 1
((34,31)(34,31)) 11
((34,31)(22,17)) 1
((29,27)(14,15)) 1
((14,15)(22,17)) 1
((29,27)(34,31)) 1
((34,31)(14,15)) 1
((14,15)(27,23)) 1
((27,23)(21,17)) 1
((21,17)(34,31)) 2
((20,12)(17,8)) 3
((17,8)(18,11)) 2
((18,11)(20,12)) 1
((20,12)(19,12)) 2
((19,12)(17,8)) 1
((7,18)(19,17)) 1
((24,17)(8,13)) 1
((8,13)(8,15)) 1
((8,15)(12,15)) 1
((12,15)(13,15)) 1
((13,15)(6,12)) 1
((14,14)(14,18)) 1
((14,17)(14,18)) 1
((14,18)(21,17)) 1
((16,9)(16,7)) 1
((16,7)(16,7)) 1
((16,7)(16,8)) 1
((16,8)(16,8)) 2
((16,8)(18,7)) 1
((20,11)(16,8)) 1
((18,16)(21,20)) 2
((20,36)(18,16)) 1
((18,16)(24,13)) 5
((24,13)(23,14)) 2
((23,14)(22,16)) 1
((20,36)(23,24)) 2
((23,24)(21,20)) 3
((20,17)(20,18)) 2
((20,18)(21,20)) 2
((22,31)(26,24)) 1
((26,24)(26,25)) 2
((26,25)(25,22)) 1
((25,22)(22,17)) 1
((22,17)(21,33)) 1
((33,9)(32,9)) 1
((32,9)(29,11)) 1
((29,11)(29,11)) 17
((29,11)(29,12)) 1
((33,9)(33,8)) 1
((37,18)(24,13)) 1
((26,20)(27,24)) 1
((27,24)(22,19)) 1
((22,19)(21,17)) 3
((27,24)(26,20)) 1
((19,18)(18,15)) 3
((18,15)(19,17)) 5
((16,37)(18,15)) 2
((24,16)(24,17)) 2
((24,17)(23,18)) 1
((23,18)(11,14)) 1
((11,14)(14,14)) 2
((14,14)(25,13)) 1
((25,13)(24,14)) 1
((24,14)(24,16)) 1
((16,15)(8,13)) 2
((24,12)(16,15)) 1
((19,17)(21,11)) 1
((21,11)(18,16)) 1
((13,9)(21,17)) 1
((20,12)(19,14)) 3
((19,15)(16,10)) 1
((16,10)(17,12)) 3
((7,18)(24,12)) 1
((24,12)(7,18)) 1
((7,18)(8,13)) 1
((20,17)(20,36)) 1
((10,2)(17,12)) 1
((24,31)(24,31)) 11
((24,31)(24,32)) 4
((24,32)(24,31)) 4
((24,32)(15,25)) 3
((16,24)(24,32)) 2
((16,24)(16,25)) 1
((16,25)(16,25)) 1
((16,25)(16,24)) 1
((16,24)(18,28)) 2
((18,28)(24,32)) 2
((24,32)(16,24)) 1
((19,17)(4,10)) 2
((24,13)(13,14)) 1
((4,10)(14,15)) 1
((14,15)(14,14)) 10
((14,14)(24,13)) 3
((35,31)(37,29)) 1
((37,29)(32,28)) 1
((32,28)(37,29)) 1
((37,29)(36,32)) 2
((36,32)(38,29)) 1
((38,29)(38,29)) 2
((38,29)(37,29)) 1
((34,27)(22,30)) 1
((22,30)(37,29)) 1
((37,29)(38,29)) 1
((21,12)(24,13)) 2
((14,15)(15,14)) 2
((15,14)(17,12)) 1
((7,10)(8,9)) 3
((8,9)(8,9)) 16
((8,9)(7,10)) 1
((8,9)(6,11)) 1
((6,11)(7,11)) 1
((7,11)(7,10)) 1
((18,4)(20,14)) 5
((20,14)(18,4)) 4
((18,4)(16,6)) 1
((16,6)(20,12)) 2
((18,4)(19,9)) 1
((20,14)(19,9)) 1
((19,9)(18,4)) 1
((21,1)(20,16)) 5
((20,16)(21,3)) 2
((20,12)(17,17)) 1
((17,17)(19,16)) 1
((23,18)(20,19)) 1
((20,19)(19,18)) 1
((23,18)(25,17)) 2
((25,17)(20,36)) 2
((20,36)(25,17)) 2
((25,17)(24,18)) 1
((24,18)(29,11)) 2
((29,11)(25,23)) 1
((25,23)(20,36)) 2
((20,36)(24,18)) 1
((29,11)(20,19)) 1
((20,19)(20,36)) 1
((18,12)(23,18)) 1
((23,18)(15,22)) 1
((15,22)(15,22)) 2
((15,22)(23,18)) 1
((20,36)(25,23)) 1
((20,36)(18,38)) 1
((15,15)(20,36)) 1
((16,37)(7,18)) 1
((21,1)(24,1)) 1
((24,1)(24,1)) 1
((24,1)(24,0)) 1
((24,0)(24,0)) 3
((24,0)(21,1)) 1
((22,19)(26,20)) 1
((26,19)(23,18)) 1
((23,18)(20,12)) 2
((22,19)(23,18)) 1
((23,18)(19,12)) 1
((19,12)(23,18)) 1
((16,28)(19,17)) 2
((19,17)(16,28)) 3
((16,28)(19,18)) 1
((19,18)(16,28)) 2
((16,28)(18,26)) 1
((18,26)(17,26)) 1
((20,14)(21,1)) 1
((21,1)(19,14)) 1
((19,14)(20,14)) 1
((20,14)(18,16)) 3
((24,15)(14,14)) 1
((14,14)(24,15)) 1
((18,17)(19,18)) 2
((19,18)(15,25)) 1
((19,18)(22,12)) 1
((22,12)(19,18)) 1
((16,4)(13,2)) 1
((20,12)(23,29)) 1
((22,31)(22,30)) 1
((22,30)(21,20)) 1
((21,20)(24,27)) 4
((24,27)(23,24)) 1
((20,17)(21,18)) 1
((21,18)(21,34)) 1
((12,5)(11,6)) 1
((11,6)(12,5)) 1
((21,17)(10,2)) 2
((10,2)(21,17)) 2
((19,17)(21,1)) 1
((22,9)(15,15)) 1
((7,10)(10,9)) 1
((10,9)(12,13)) 2
((12,13)(15,15)) 2
((15,15)(14,13)) 1
((14,13)(17,12)) 5
((22,17)(8,13)) 1
((8,13)(37,18)) 2
((37,18)(8,13)) 1
((37,18)(34,8)) 1
((18,14)(18,17)) 2
((19,17)(18,14)) 1
((14,15)(14,13)) 2
((14,13)(14,15)) 2
((25,2)(26,2)) 1
((26,2)(26,2)) 1
((26,2)(25,2)) 1
((25,2)(24,8)) 1
((24,8)(22,14)) 1
((22,14)(26,3)) 1
((24,8)(23,14)) 1
((23,14)(22,14)) 1
((22,14)(24,13)) 1
((24,13)(24,2)) 1
((22,12)(23,12)) 1
((18,15)(14,12)) 1
((14,12)(18,15)) 1
((18,15)(12,9)) 1
((12,9)(12,10)) 1
((12,10)(18,15)) 1
((18,15)(18,14)) 1
((18,14)(17,16)) 1
((20,13)(21,17)) 1
((17,12)(20,14)) 1
((21,17)(6,9)) 1
((6,9)(19,17)) 1
((19,17)(10,9)) 1
((10,9)(19,17)) 4
((19,17)(6,9)) 1
((6,9)(10,9)) 1
((10,9)(6,9)) 1
((9,12)(9,13)) 1
((40,18)(21,17)) 3
((21,17)(40,18)) 2
((21,11)(20,11)) 6
((21,11)(18,12)) 1
((14,13)(13,13)) 2
((13,13)(10,11)) 1
((10,11)(10,11)) 2
((10,11)(9,11)) 1
((9,12)(10,12)) 1
((12,13)(14,13)) 1
((14,13)(16,12)) 1
((13,13)(14,13)) 1
((17,12)(14,13)) 5
((20,12)(9,12)) 1
((22,9)(18,16)) 5
((22,9)(22,11)) 2
((22,11)(22,19)) 1
((35,9)(19,34)) 2
((19,34)(18,35)) 4
((18,35)(35,9)) 3
((32,12)(18,35)) 1
((35,9)(18,35)) 1
((18,35)(16,21)) 1
((16,21)(19,16)) 1
((19,16)(32,12)) 1
((32,12)(28,13)) 1
((28,13)(32,12)) 1
((22,17)(26,24)) 1
((26,25)(23,21)) 1
((23,21)(25,22)) 1
((25,22)(25,23)) 1
((25,23)(24,27)) 1
((24,27)(25,21)) 1
((25,21)(25,20)) 2
((24,6)(24,6)) 5
((24,6)(24,13)) 1
((24,13)(24,6)) 1
((24,6)(24,8)) 2
((24,8)(24,13)) 4
((22,12)(21,14)) 1
((21,14)(24,6)) 1
((24,8)(17,12)) 4
((13,9)(19,18)) 1
((21,15)(25,10)) 1
((25,10)(25,5)) 1
((19,11)(18,11)) 5
((17,12)(19,11)) 1
((29,3)(29,3)) 8
((29,3)(26,0)) 4
((15,8)(15,7)) 6
((15,7)(14,7)) 3
((14,7)(15,7)) 1
((15,7)(15,8)) 4
((17,12)(29,3)) 1
((17,12)(26,0)) 4
((26,0)(29,3)) 2
((26,0)(17,12)) 3
((16,13)(17,12)) 2
((14,7)(17,12)) 3
((17,12)(14,7)) 2
((14,7)(15,8)) 1
((26,0)(24,13)) 3
((20,12)(26,0)) 1
((6,7)(20,17)) 1
((21,20)(20,12)) 1
((19,18)(6,7)) 1
((6,7)(19,14)) 1
((13,9)(6,7)) 1
((6,7)(16,12)) 1
((19,17)(16,15)) 3
((16,15)(16,14)) 1
((16,14)(15,13)) 1
((15,13)(16,15)) 1
((17,15)(16,14)) 1
((8,8)(20,12)) 1
((17,12)(6,7)) 1
((10,8)(10,8)) 2
((10,8)(10,9)) 1
((10,9)(8,10)) 2
((8,10)(9,11)) 1
((9,11)(6,11)) 1
((10,9)(10,8)) 1
((21,21)(19,11)) 2
((19,11)(21,21)) 2
((21,21)(18,11)) 1
((18,11)(21,21)) 1
((21,21)(24,27)) 3
((24,27)(21,21)) 4
((21,21)(19,16)) 1
((15,15)(24,17)) 1
((24,17)(23,17)) 1
((23,17)(24,27)) 1
((24,27)(17,19)) 1
((20,16)(19,16)) 8
((19,16)(20,16)) 7
((20,16)(20,15)) 8
((20,15)(20,16)) 9
((20,16)(5,12)) 1
((5,11)(5,12)) 1
((5,12)(6,12)) 1
((6,12)(20,16)) 1
((19,17)(17,19)) 3
((17,19)(17,18)) 1
((17,18)(18,18)) 1
((18,18)(19,17)) 1
((6,11)(24,13)) 1
((24,13)(6,11)) 2
((5,12)(7,18)) 1
((7,18)(5,12)) 1
((14,16)(14,15)) 2
((13,14)(6,11)) 2
((6,12)(7,18)) 1
((20,36)(27,35)) 1
((27,35)(27,35)) 4
((27,35)(28,34)) 1
((28,34)(29,34)) 2
((29,34)(29,34)) 2
((29,34)(27,35)) 1
((27,35)(25,34)) 1
((25,34)(25,34)) 2
((25,34)(28,34)) 1
((24,13)(16,37)) 2
((19,17)(14,14)) 2
((22,9)(19,17)) 2
((18,26)(19,17)) 3
((20,13)(19,14)) 1
((18,26)(19,14)) 2
((19,14)(20,13)) 2
((12,5)(17,16)) 1
((12,5)(13,14)) 2
((13,14)(17,16)) 3
((18,14)(13,14)) 1
((22,19)(19,16)) 3
((18,17)(22,19)) 1
((18,16)(22,8)) 1
((22,8)(22,19)) 1
((16,37)(20,17)) 4
((20,17)(20,14)) 1
((20,15)(16,37)) 1
((19,17)(15,39)) 1
((20,17)(16,38)) 1
((13,8)(16,14)) 1
((16,14)(14,12)) 2
((14,12)(16,14)) 1
((14,12)(13,11)) 1
((13,11)(13,8)) 3
((13,8)(13,11)) 1
((13,8)(18,16)) 1
((15,3)(16,4)) 9
((18,9)(17,9)) 3
((17,9)(17,9)) 3
((17,9)(20,12)) 2
((18,10)(15,3)) 2
((16,4)(20,12)) 5
((20,12)(15,3)) 2
((16,4)(15,3)) 2
((15,3)(17,7)) 1
((18,9)(15,3)) 1
((8,8)(13,11)) 1
((13,14)(21,17)) 2
((29,11)(20,12)) 4
((20,12)(29,11)) 4
((23,17)(17,7)) 2
((17,7)(23,17)) 1
((17,7)(22,16)) 1
((24,13)(25,10)) 1
((24,13)(27,8)) 2
((27,8)(18,10)) 1
((18,10)(13,2)) 2
((13,2)(27,8)) 1
((27,8)(18,12)) 2
((18,12)(18,10)) 2
((13,2)(24,12)) 2
((18,10)(17,7)) 1
((21,17)(24,12)) 1
((24,12)(27,8)) 1
((21,17)(31,19)) 3
((31,19)(20,20)) 2
((20,20)(20,25)) 3
((20,25)(21,17)) 4
((31,19)(28,18)) 1
((28,18)(20,20)) 1
((21,17)(28,18)) 1
((28,18)(31,19)) 2
((31,19)(21,16)) 1
((21,16)(23,16)) 2
((25,20)(28,18)) 3
((31,19)(21,17)) 1
((25,18)(26,16)) 1
((26,15)(26,16)) 1
((26,16)(21,17)) 1
((19,16)(16,28)) 1
((16,29)(18,16)) 1
((18,16)(16,29)) 1
((16,29)(19,17)) 1
((16,29)(20,33)) 1
((20,33)(16,28)) 1
((9,9)(14,14)) 2
((20,12)(10,9)) 3
((9,9)(20,12)) 2
((20,12)(9,9)) 1
((7,10)(15,15)) 2
((15,15)(27,14)) 2
((27,14)(15,15)) 1
((15,15)(7,10)) 1
((18,10)(26,20)) 2
((26,20)(33,25)) 3
((33,25)(33,25)) 5
((33,25)(32,25)) 3
((32,25)(32,25)) 3
((32,25)(26,20)) 1
((32,25)(18,10)) 1
((32,25)(20,12)) 1
((15,15)(22,13)) 1
((21,13)(22,13)) 1
((22,13)(15,15)) 1
((13,2)(18,13)) 1
((18,13)(16,12)) 1
((28,13)(36,8)) 1
((28,13)(17,16)) 1
((18,17)(36,8)) 1
((8,13)(6,12)) 2
((5,11)(21,17)) 1
((19,13)(20,15)) 3
((20,15)(19,13)) 1
((13,3)(10,9)) 3
((10,9)(17,16)) 3
((17,16)(10,9)) 2
((12,5)(21,16)) 1
((21,16)(18,19)) 1
((19,19)(18,16)) 1
((10,9)(13,3)) 1
((13,3)(13,2)) 3
((17,16)(18,19)) 1
((10,15)(11,14)) 1
((6,11)(13,3)) 2
((13,2)(14,7)) 1
((14,7)(13,6)) 1
((13,6)(14,2)) 1
((20,11)(22,16)) 1
((22,16)(21,11)) 1
((21,11)(21,12)) 1
((20,14)(20,16)) 1
((7,15)(8,13)) 1
((8,13)(22,30)) 1
((13,15)(7,15)) 2
((7,15)(14,15)) 1
((21,20)(21,34)) 1
((21,34)(15,15)) 1
((10,14)(7,15)) 1
((7,15)(8,14)) 2
((8,14)(14,15)) 1
((14,15)(21,33)) 1
((21,33)(16,28)) 1
((16,28)(21,34)) 1
((21,34)(21,20)) 1
((21,20)(13,15)) 1
((7,15)(10,14)) 1
((10,14)(13,15)) 1
((14,15)(20,19)) 1
((20,19)(21,33)) 1
((21,33)(21,34)) 1
((16,15)(19,9)) 1
((19,9)(20,18)) 1
((20,18)(6,11)) 1
((2,11)(2,11)) 8
((2,11)(4,10)) 1
((6,11)(8,11)) 2
((8,11)(6,11)) 2
((4,10)(2,11)) 3
((2,11)(6,11)) 1
((2,11)(3,11)) 2
((3,11)(4,10)) 2
((33,14)(18,15)) 1
((18,15)(34,14)) 1
((34,14)(33,14)) 1
((33,14)(26,15)) 1
((17,12)(24,15)) 2
((17,16)(22,20)) 1
((18,16)(22,20)) 1
((22,20)(18,16)) 1
((20,11)(20,10)) 2
((20,10)(17,0)) 1
((20,10)(20,12)) 1
((24,13)(26,0)) 3
((26,0)(25,5)) 1
((25,5)(24,7)) 1
((24,7)(24,7)) 7
((24,7)(21,7)) 1
((21,7)(20,12)) 1
((24,13)(35,9)) 1
((35,9)(26,0)) 1
((26,0)(24,7)) 1
((24,7)(22,7)) 1
((22,7)(21,3)) 1
((21,3)(26,3)) 1
((10,9)(11,9)) 2
((11,9)(10,9)) 2
((20,21)(20,22)) 2
((20,22)(20,21)) 2
((20,21)(17,37)) 1
((17,37)(20,21)) 1
((20,21)(19,21)) 1
((19,21)(20,21)) 1
((20,21)(21,20)) 2
((19,16)(17,12)) 1
((32,12)(19,17)) 4
((19,17)(18,19)) 5
((19,17)(32,12)) 4
((21,17)(32,12)) 2
((32,12)(18,19)) 1
((18,19)(20,16)) 1
((16,12)(15,11)) 1
((15,11)(16,12)) 1
((20,12)(19,16)) 2
((31,10)(31,13)) 1
((21,18)(20,12)) 1
((24,27)(21,17)) 1
((20,14)(24,0)) 1
((15,11)(15,13)) 2
((15,13)(18,12)) 1
((18,12)(15,13)) 2
((19,13)(16,12)) 1
((16,12)(16,9)) 1
((23,9)(22,9)) 1
((20,12)(23,9)) 1
((23,9)(21,12)) 1
((21,12)(23,9)) 1
((21,16)(25,13)) 2
((18,13)(20,12)) 1
((17,12)(21,6)) 1
((18,19)(6,11)) 1
((21,6)(23,8)) 1
((23,8)(24,13)) 1
((11,14)(9,16)) 1
((9,16)(9,16)) 2
((9,16)(11,14)) 1
((11,14)(13,14)) 3
((13,9)(9,16)) 1
((9,16)(13,9)) 1
((13,9)(11,14)) 1
((13,9)(15,11)) 1
((22,20)(20,36)) 1
((22,20)(17,12)) 2
((22,20)(25,23)) 2
((25,23)(22,20)) 1
((23,29)(32,28)) 1
((32,28)(23,29)) 1
((23,29)(31,28)) 1
((31,28)(20,12)) 1
((17,13)(21,17)) 1
((21,17)(17,13)) 1
((17,13)(18,14)) 1
((21,3)(17,10)) 1
((17,10)(21,3)) 1
((16,9)(22,31)) 1
((22,31)(19,37)) 1
((19,37)(16,36)) 1
((16,10)(8,8)) 1
((24,13)(14,15)) 1
((20,17)(21,16)) 1
((14,14)(16,21)) 1
((16,21)(14,14)) 1
((24,12)(19,18)) 1
((12,10)(12,11)) 1
((12,11)(16,15)) 1
((16,15)(14,13)) 2
((14,13)(21,20)) 1
((21,20)(15,13)) 1
((32,28)(36,32)) 1
((26,20)(23,20)) 1
((23,20)(20,23)) 1
((20,23)(20,25)) 1
((19,17)(7,10)) 1
((7,10)(26,24)) 1
((26,24)(25,23)) 1
((25,23)(16,14)) 1
((16,14)(13,11)) 1
((13,11)(20,16)) 1
((20,16)(20,36)) 1
((20,36)(20,35)) 1
((20,35)(20,35)) 2
((35,8)(36,8)) 2
((14,17)(12,14)) 1
((15,19)(17,19)) 1
((17,19)(14,17)) 1
((14,17)(17,19)) 1
((15,15)(7,18)) 1
((18,11)(26,20)) 1
((26,20)(16,37)) 1
((16,15)(20,18)) 1
((23,18)(22,12)) 1
((22,12)(19,17)) 1
((19,17)(21,15)) 1
((20,12)(24,3)) 1
((21,9)(21,17)) 3
((16,37)(21,15)) 2
((21,15)(15,15)) 1
((15,15)(21,15)) 1
((21,15)(16,37)) 1
((21,15)(20,31)) 1
((20,31)(16,21)) 1
((16,21)(14,18)) 1
((14,18)(11,14)) 1
((7,18)(8,15)) 1
((8,15)(8,13)) 1
((36,32)(20,16)) 2
((20,16)(18,14)) 1
((18,14)(21,17)) 2
((34,31)(36,32)) 1
((20,16)(36,32)) 1
((12,13)(8,11)) 1
((23,4)(23,7)) 1
((23,7)(23,7)) 2
((23,7)(22,12)) 2
((22,12)(23,4)) 1
((24,12)(23,11)) 1
((23,11)(19,17)) 1
((24,12)(24,16)) 1
((26,15)(19,17)) 1
((22,12)(22,31)) 1
((20,33)(16,37)) 1
((24,27)(19,16)) 1
((17,14)(24,27)) 1
((30,28)(19,17)) 1
((19,27)(19,27)) 2
((19,27)(19,17)) 1
((19,17)(13,14)) 4
((19,17)(19,27)) 1
((19,27)(13,14)) 1
((13,14)(20,16)) 2
((34,8)(22,31)) 2
((22,31)(17,12)) 1
((17,12)(16,37)) 2
((15,18)(20,15)) 1
((21,16)(18,16)) 1
((18,16)(15,16)) 1
((15,16)(14,18)) 1
((14,18)(13,18)) 1
((13,18)(21,17)) 1
((18,13)(21,17)) 1
((18,13)(16,21)) 1
((24,13)(18,10)) 1
((19,14)(19,13)) 2
((16,15)(16,16)) 2
((16,16)(16,16)) 4
((16,16)(16,15)) 2
((17,12)(22,13)) 1
((22,12)(23,7)) 1
((17,12)(14,2)) 1
((14,2)(10,9)) 3
((10,9)(22,17)) 1
((22,17)(22,9)) 1
((16,4)(16,5)) 4
((18,13)(21,11)) 1
((16,5)(16,4)) 1
((22,16)(17,11)) 1
((17,11)(22,12)) 1
((6,12)(9,8)) 1
((9,8)(16,12)) 1
((37,29)(35,28)) 1
((35,28)(37,29)) 1
((17,14)(21,12)) 1
((18,14)(21,12)) 1
((19,17)(16,12)) 1
((16,12)(21,12)) 1
((16,12)(22,17)) 1
((17,0)(21,17)) 1
((22,17)(16,12)) 1
((25,13)(23,20)) 1
((23,20)(21,21)) 1
((21,3)(22,3)) 2
((22,3)(22,3)) 2
((22,3)(17,12)) 1
((14,15)(15,26)) 1
((15,26)(14,26)) 1
((14,26)(15,25)) 1
((15,25)(19,17)) 3
((12,4)(8,10)) 2
((8,10)(12,4)) 2
((18,12)(8,10)) 1
((8,10)(17,14)) 1
((16,13)(20,17)) 1
((12,8)(20,12)) 1
((13,9)(13,8)) 2
((12,8)(17,12)) 2
((17,12)(13,8)) 1
((12,8)(13,7)) 1
((13,7)(13,7)) 1
((21,33)(36,32)) 3
((36,32)(21,33)) 2
((21,33)(20,38)) 2
((20,38)(21,33)) 2
((20,36)(20,38)) 5
((36,32)(20,38)) 1
((16,21)(19,34)) 1
((16,37)(15,25)) 1
((25,20)(19,15)) 1
((19,16)(24,39)) 1
((24,39)(25,20)) 1
((26,20)(19,18)) 3
((19,18)(24,39)) 2
((24,39)(20,28)) 1
((20,28)(24,39)) 1
((14,14)(11,14)) 1
((10,14)(6,11)) 1
((6,11)(10,14)) 1
((14,15)(18,12)) 1
((17,0)(17,17)) 1
((17,17)(20,12)) 1
((22,9)(19,16)) 1
((19,16)(24,17)) 2
((24,17)(21,0)) 1
((21,0)(20,12)) 3
((22,19)(24,19)) 1
((24,19)(22,19)) 1
((22,19)(18,17)) 1
((22,19)(35,24)) 1
((35,24)(35,24)) 1
((35,24)(23,19)) 1
((22,17)(30,13)) 1
((30,13)(24,19)) 1
((18,16)(18,14)) 1
((18,14)(18,16)) 1
((16,12)(14,15)) 1
((14,15)(18,15)) 1
((14,15)(16,36)) 1
((16,37)(19,29)) 1
((19,29)(19,29)) 1
((23,29)(25,20)) 1
((19,16)(37,29)) 2
((7,17)(13,15)) 1
((13,15)(15,15)) 1
((27,10)(17,25)) 1
((22,8)(16,37)) 1
((16,37)(21,17)) 1
((25,20)(22,17)) 1
((20,36)(22,33)) 1
((17,2)(18,4)) 1
((18,4)(9,11)) 1
((9,11)(10,11)) 1
((10,11)(14,13)) 1
((18,8)(18,4)) 3
((18,4)(17,2)) 1
((17,2)(17,12)) 1
((14,13)(9,11)) 1
((19,18)(9,8)) 1
((9,8)(8,8)) 1
((20,16)(8,8)) 1
((19,18)(8,8)) 2
((10,9)(19,18)) 1
((8,4)(19,18)) 1
((33,29)(26,20)) 1
((26,20)(16,29)) 1
((16,29)(14,17)) 1
((14,17)(19,34)) 1
((19,34)(33,29)) 1
((19,14)(22,9)) 1
((11,9)(13,11)) 1
((13,6)(16,9)) 1
((17,12)(19,15)) 1
((19,15)(18,12)) 1
((18,12)(11,9)) 1
((32,3)(35,9)) 1
((35,9)(30,13)) 2
((32,3)(28,13)) 1
((22,13)(22,17)) 1
((19,15)(19,17)) 1
((36,16)(36,16)) 9
((36,16)(18,16)) 1
((19,17)(28,13)) 2
((28,13)(29,13)) 3
((29,13)(36,16)) 1
((36,16)(17,14)) 1
((17,14)(36,16)) 1
((36,16)(39,14)) 1
((32,28)(35,9)) 1
((35,9)(33,11)) 1
((34,6)(16,37)) 1
((16,37)(21,33)) 1
((16,28)(18,35)) 1
((16,37)(34,6)) 1
((23,24)(23,23)) 1
((14,14)(8,13)) 1
((8,13)(19,17)) 1
((20,17)(18,17)) 1
((18,17)(16,12)) 1
((16,12)(22,12)) 1
((21,15)(19,15)) 1
((18,15)(20,17)) 1
((21,16)(18,18)) 1
((18,18)(19,16)) 1
((19,16)(21,16)) 1
((15,15)(21,16)) 1
((21,16)(15,19)) 1
((15,19)(17,12)) 1
((32,3)(20,12)) 1
((31,28)(30,28)) 1
((30,28)(29,27)) 1
((19,16)(14,15)) 1
((14,15)(13,15)) 2
((24,19)(24,13)) 3
((24,13)(24,19)) 3
((17,12)(21,1)) 1
((19,13)(29,5)) 1
((29,5)(18,13)) 1
((18,13)(21,20)) 1
((21,20)(25,25)) 1
((24,25)(20,12)) 1
((32,3)(34,8)) 1
((34,8)(27,13)) 1
((27,13)(25,13)) 1
((25,13)(17,16)) 1
((17,16)(21,16)) 2
((21,16)(32,3)) 1
((20,12)(32,3)) 1
((32,3)(19,17)) 1
((11,14)(20,15)) 1
((20,15)(12,5)) 1
((12,5)(20,15)) 1
((23,39)(22,31)) 3
((19,18)(18,14)) 1
((18,14)(19,18)) 1
((19,18)(23,39)) 1
((22,31)(15,25)) 2
((22,17)(7,18)) 1
((20,12)(18,15)) 1
((13,11)(15,13)) 1
((30,13)(10,9)) 1
((10,9)(30,13)) 1
((27,30)(14,18)) 1
((14,18)(16,21)) 1
((16,21)(19,17)) 1
((17,12)(22,18)) 1
((17,12)(22,17)) 1
((17,15)(18,15)) 1
((18,15)(22,17)) 1
((22,17)(16,13)) 1
((16,13)(16,14)) 1
((16,14)(22,16)) 1
((23,24)(20,18)) 1
((20,18)(21,33)) 1
((21,33)(19,16)) 1
((19,16)(15,11)) 1
((15,13)(19,16)) 1
((17,0)(18,3)) 1
((18,3)(17,3)) 1
((17,3)(17,3)) 1
((17,3)(17,0)) 1
((11,9)(6,7)) 1
((6,7)(11,9)) 1
((9,11)(8,13)) 2
((21,17)(15,25)) 1
((27,14)(18,17)) 2
((27,14)(27,13)) 1
((27,13)(17,12)) 1
((7,14)(6,12)) 1
((8,14)(8,13)) 1
((13,1)(6,11)) 1
((6,11)(8,14)) 1
((8,14)(6,11)) 1
((7,14)(7,15)) 1
((7,15)(8,15)) 1
((10,7)(14,15)) 2
((18,17)(10,9)) 1
((10,9)(10,7)) 1
((15,15)(14,16)) 1
((14,15)(18,17)) 1
((18,17)(17,14)) 1
((17,14)(19,15)) 1
((19,15)(16,28)) 2
((16,28)(17,27)) 1
((17,27)(17,27)) 1
((17,27)(16,28)) 1
((16,28)(22,17)) 1
((22,17)(18,26)) 1
((18,26)(22,17)) 1
((27,15)(28,14)) 1
((21,20)(19,15)) 1
((24,13)(25,2)) 1
((25,2)(26,0)) 1
((26,0)(22,12)) 1
((22,12)(24,0)) 1
((24,0)(22,12)) 1
((10,9)(17,12)) 1
((6,11)(19,17)) 3
((22,17)(35,9)) 1
((35,9)(37,15)) 2
((37,15)(19,34)) 2
((22,31)(37,15)) 1
((24,14)(26,15)) 1
((11,14)(10,13)) 1
((10,13)(22,19)) 1
((22,19)(10,12)) 1
((24,13)(26,15)) 1
((28,13)(24,16)) 1
((13,4)(10,9)) 1
((10,9)(7,10)) 1
((4,10)(10,9)) 1
((34,8)(20,17)) 1
((32,9)(19,17)) 1
((19,17)(32,9)) 1
((32,12)(26,15)) 1
((26,15)(33,11)) 1
((33,11)(32,12)) 2
((32,12)(33,11)) 1
((32,12)(21,17)) 1
((22,19)(14,15)) 1
((13,6)(13,10)) 1
((13,10)(13,10)) 1
((13,10)(13,6)) 1
((13,6)(19,15)) 1
((19,15)(17,2)) 1
((18,35)(37,21)) 1
((37,21)(37,15)) 1
((37,15)(22,31)) 1
((24,27)(30,13)) 1
((30,13)(37,15)) 1
((37,15)(36,15)) 1
((21,16)(22,15)) 2
((22,15)(19,17)) 1
((20,18)(26,24)) 1
((28,18)(20,18)) 1
((20,18)(25,20)) 1
((17,16)(16,12)) 1
((16,12)(24,15)) 1
((24,15)(16,24)) 1
((10,12)(11,14)) 1
((11,14)(10,12)) 2
((11,12)(22,20)) 1
((25,23)(27,30)) 1
((27,30)(28,34)) 1
((28,34)(22,17)) 1
((21,17)(10,12)) 1
((12,14)(13,8)) 1
((12,8)(13,14)) 1
((13,14)(12,12)) 1
((12,12)(13,6)) 1
((13,6)(13,14)) 2
((24,17)(21,15)) 1
((28,13)(22,18)) 1
((28,14)(18,16)) 1
((24,13)(27,13)) 1
((27,13)(22,17)) 1
((18,17)(28,13)) 1
((20,12)(27,9)) 1
((17,12)(19,18)) 1
((21,17)(20,22)) 1
((20,22)(20,12)) 1
((34,19)(33,19)) 1
((33,19)(24,17)) 1
((24,17)(25,13)) 1
((35,19)(26,12)) 1
((26,12)(28,13)) 2
((29,13)(30,14)) 2
((30,14)(31,15)) 2
((31,15)(31,15)) 2
((31,15)(26,12)) 1
((31,15)(35,19)) 1
((16,12)(16,37)) 1
((18,8)(18,10)) 1
((27,21)(18,10)) 1
((18,4)(18,8)) 1
((20,16)(22,20)) 1
((22,20)(21,18)) 2
((24,13)(29,5)) 1
((27,13)(20,12)) 1
((18,12)(26,13)) 1
((26,13)(17,12)) 1
((17,12)(11,10)) 1
((11,10)(11,10)) 1
((29,27)(20,36)) 1
((15,25)(18,26)) 1
((18,26)(17,21)) 1
((17,21)(17,21)) 2
((17,21)(21,17)) 1
((21,17)(34,6)) 1
((34,6)(29,9)) 1
((29,9)(21,17)) 1
((18,17)(20,17)) 1
((22,15)(17,21)) 1
((10,2)(20,12)) 1
((12,5)(20,12)) 1
((21,12)(24,2)) 1
((24,17)(21,20)) 1
((20,14)(21,20)) 1
((21,20)(24,13)) 1
((11,14)(10,15)) 1
((17,39)(40,18)) 1
((40,18)(38,18)) 1
((38,18)(33,19)) 1
((28,18)(26,20)) 1
((22,16)(20,16)) 1
((20,16)(22,31)) 1
((17,39)(36,24)) 1
((36,24)(37,18)) 1
((17,16)(6,12)) 1
((20,17)(4,10)) 1
((20,17)(6,12)) 1
((24,12)(25,12)) 2
((25,12)(24,13)) 1
((25,13)(17,0)) 1
((17,0)(22,16)) 1
((22,16)(22,15)) 1
((22,15)(21,16)) 1
((22,3)(17,0)) 1
((14,14)(9,11)) 1
((9,11)(16,24)) 1
((16,24)(17,12)) 1
((17,12)(16,10)) 1
((34,19)(34,30)) 1
((34,30)(34,30)) 2
((34,30)(34,31)) 1
((34,31)(36,30)) 1
((34,19)(36,30)) 2
((36,32)(34,30)) 1
((33,12)(20,12)) 2
((33,12)(34,8)) 1
((34,8)(33,12)) 1
((19,13)(21,33)) 1
((21,33)(19,12)) 1
((19,12)(18,12)) 2
((18,12)(11,3)) 1
((11,3)(11,3)) 1
((11,3)(10,3)) 1
((10,3)(10,3)) 3
((10,3)(18,12)) 1
((18,12)(19,12)) 1
((19,12)(18,14)) 1
((22,37)(23,37)) 1
((20,36)(21,15)) 1
((21,17)(20,11)) 1
((20,11)(28,13)) 1
((20,11)(17,12)) 1
((19,18)(19,16)) 1
((19,16)(17,18)) 1
((17,18)(19,16)) 1
((22,14)(18,18)) 1
((18,18)(18,16)) 1
((33,29)(38,21)) 1
((38,21)(33,29)) 1
((33,30)(36,32)) 1
((21,33)(33,29)) 1
((35,31)(33,30)) 1
((21,35)(20,34)) 1
((20,34)(22,28)) 2
((22,28)(22,28)) 2
((22,28)(22,29)) 2
((14,14)(17,16)) 1
((14,15)(6,7)) 1
((20,17)(21,33)) 3
((20,38)(20,17)) 2
((20,38)(22,18)) 1
((22,18)(16,12)) 1
((16,12)(20,35)) 1
((24,17)(6,12)) 1
((6,11)(22,18)) 1
((18,4)(18,7)) 3
((18,7)(18,8)) 3
((17,5)(18,4)) 2
((19,9)(22,12)) 2
((22,12)(17,5)) 1
((17,5)(18,5)) 1
((18,5)(17,5)) 1
((28,13)(22,16)) 1
((23,14)(24,13)) 1
((21,17)(22,16)) 1
((18,11)(19,12)) 1
((21,0)(21,17)) 1
((20,17)(21,0)) 1
((20,12)(21,0)) 1
((22,17)(18,16)) 1
((22,17)(20,18)) 1
((20,18)(22,17)) 1
((19,17)(22,16)) 2
((16,21)(20,11)) 1
((20,11)(19,17)) 1
((19,17)(16,21)) 3
((16,21)(24,17)) 1
((24,17)(16,21)) 1
((16,21)(16,12)) 1
((16,12)(16,21)) 1
((16,21)(7,18)) 1
((21,12)(24,17)) 1
((26,20)(22,19)) 1
((22,19)(19,17)) 1
((19,17)(22,12)) 2
((19,17)(26,20)) 1
((19,18)(26,20)) 2
((24,15)(19,16)) 1
((16,13)(31,20)) 1
((31,20)(14,12)) 1
((28,13)(26,17)) 1
((26,17)(24,16)) 1
((20,12)(29,12)) 1
((29,12)(26,15)) 1
((24,16)(21,12)) 1
((21,12)(29,12)) 1
((10,14)(14,15)) 1
((14,15)(12,15)) 1
((12,15)(9,14)) 1
((19,17)(15,25)) 1
((15,25)(15,39)) 1
((15,39)(24,13)) 1
((16,21)(15,25)) 3
((30,6)(30,6)) 1
((30,6)(21,18)) 1
((22,18)(20,18)) 1
((29,36)(21,18)) 2
((29,36)(33,35)) 1
((33,35)(33,35)) 1
((33,35)(29,36)) 1
((14,15)(17,0)) 1
((17,0)(21,16)) 1
((21,16)(17,0)) 1
((20,17)(18,16)) 1
((21,17)(20,21)) 1
((21,20)(22,17)) 1
((35,9)(36,9)) 1
((19,17)(23,18)) 1
((23,18)(36,9)) 1
((36,8)(19,17)) 1
((21,17)(36,8)) 1
((36,9)(21,17)) 1
((22,31)(35,9)) 2
((22,20)(15,19)) 1
((15,19)(22,20)) 1
((28,18)(18,12)) 1
((17,14)(16,15)) 1
((16,15)(22,20)) 1
((21,18)(17,14)) 1
((17,14)(21,18)) 1
((14,13)(13,14)) 1
((16,37)(13,14)) 1
((13,14)(13,11)) 2
((22,16)(19,17)) 1
((18,13)(21,12)) 1
((22,17)(16,15)) 2
((19,17)(22,18)) 1
((6,11)(12,5)) 1
((14,13)(13,12)) 1
((13,12)(11,9)) 1
((15,13)(13,6)) 1
((12,14)(19,16)) 1
((20,12)(14,13)) 1
((21,8)(19,17)) 1
((21,17)(21,8)) 1
((7,18)(14,18)) 1
((14,17)(15,17)) 1
((15,17)(17,16)) 1
((17,16)(22,19)) 1
((20,12)(16,6)) 2
((28,13)(27,23)) 1
((27,23)(18,25)) 1
((18,25)(21,18)) 1
((28,13)(22,31)) 1
((22,31)(16,28)) 1
((16,28)(16,24)) 1
((16,24)(15,25)) 1
((15,25)(7,17)) 1
((7,17)(8,13)) 1
((14,15)(22,20)) 1
((26,20)(34,27)) 1
((34,27)(16,24)) 1
((13,11)(17,16)) 1
((17,16)(13,6)) 1
((13,6)(12,11)) 1
((12,11)(13,6)) 1
((14,2)(13,4)) 1
((13,4)(12,4)) 1
((10,7)(10,9)) 1
((13,3)(13,4)) 1
((13,4)(6,11)) 1
((6,11)(9,9)) 1
((9,9)(14,2)) 1
((14,2)(7,10)) 1
((24,13)(13,0)) 1
((13,0)(13,0)) 1
((13,0)(18,14)) 1
((18,14)(18,13)) 1
((18,13)(18,14)) 1
((18,14)(24,13)) 1
((25,20)(18,15)) 2
((18,15)(20,15)) 1
((20,16)(20,11)) 1
((20,11)(17,0)) 2
((17,0)(33,19)) 1
((18,15)(20,24)) 1
((20,24)(25,20)) 1
((25,20)(33,19)) 1
((25,20)(19,13)) 1
((20,15)(13,9)) 1
((13,9)(15,3)) 1
((15,3)(13,9)) 1
((21,1)(21,17)) 1
((14,15)(21,1)) 1
((21,1)(14,15)) 1
((20,2)(21,3)) 2
((18,16)(20,2)) 1
((21,3)(22,8)) 1
((22,8)(21,3)) 1
((21,33)(25,23)) 1
((25,23)(21,33)) 1
((23,29)(20,18)) 1
((20,18)(20,12)) 1
((21,20)(21,21)) 1
((21,21)(22,22)) 1
((22,22)(23,24)) 1
((24,25)(24,27)) 1
((23,29)(22,30)) 1
((22,30)(21,33)) 1
((21,33)(25,34)) 1
((25,23)(20,14)) 1
((22,20)(28,34)) 1
((28,34)(21,14)) 1
((21,14)(26,24)) 1
((26,24)(29,36)) 1
((29,36)(28,34)) 1
((28,34)(21,17)) 1
((26,6)(25,8)) 1
((25,8)(20,12)) 1
((20,12)(22,20)) 1
((22,20)(26,6)) 1
((26,6)(24,13)) 1
((24,14)(22,17)) 1
((24,14)(24,17)) 1
((24,13)(22,13)) 1
((21,17)(4,10)) 1
((21,17)(22,26)) 2
((6,11)(22,27)) 1
((24,12)(13,6)) 1
((24,13)(13,9)) 1
((10,9)(13,6)) 1
((13,6)(20,12)) 1
((23,12)(20,12)) 1
((24,13)(28,15)) 1
((28,15)(17,22)) 1
((17,22)(17,22)) 1
((17,22)(28,15)) 1
((28,15)(20,12)) 1
((24,16)(23,12)) 1
((12,5)(16,9)) 1
((19,7)(16,37)) 1
((21,15)(15,9)) 1
((15,9)(29,5)) 1
((25,20)(37,18)) 2
((36,19)(24,19)) 1
((24,19)(28,18)) 1
((28,18)(21,17)) 1
((33,19)(37,18)) 1
((11,2)(11,2)) 1
((11,2)(14,7)) 1
((14,7)(29,9)) 1
((29,9)(27,9)) 2
((27,9)(24,12)) 2
((24,15)(29,9)) 2
((29,9)(26,12)) 1
((26,12)(29,9)) 1
((29,9)(29,11)) 1
((29,11)(22,9)) 1
((27,9)(29,9)) 1
((29,9)(19,17)) 1
((20,16)(29,9)) 1
((16,4)(21,12)) 1
((18,9)(21,12)) 2
((20,14)(16,21)) 1
((15,25)(20,12)) 1
((19,7)(13,2)) 2
((13,2)(18,8)) 2
((13,1)(19,7)) 1
((18,10)(21,16)) 1
((18,10)(17,12)) 2
((17,12)(25,8)) 1
((25,8)(18,10)) 1
((20,8)(26,6)) 1
((26,6)(27,6)) 1
((27,6)(27,6)) 1
((27,6)(19,9)) 1
((38,18)(40,18)) 1
((37,18)(33,30)) 1
((33,30)(29,27)) 1
((22,20)(19,11)) 1
((20,18)(18,16)) 1
((16,28)(19,34)) 1
((20,12)(22,5)) 1
((21,12)(18,17)) 1
((16,15)(20,16)) 1
((21,16)(16,15)) 1
((17,12)(22,12)) 1
((20,12)(14,2)) 1
((32,3)(28,7)) 1
((28,7)(25,13)) 1
((32,3)(26,3)) 1
((20,12)(16,13)) 1
((16,13)(17,14)) 1
((13,14)(24,15)) 1
((21,18)(22,20)) 1
((22,19)(18,12)) 1
((16,24)(16,21)) 1
((20,36)(20,28)) 1
((20,28)(21,17)) 1
((21,9)(17,16)) 1
((19,17)(20,14)) 1
((24,15)(19,17)) 1
((19,17)(18,35)) 1
((12,6)(13,6)) 1
((13,6)(17,15)) 1
((17,15)(16,15)) 1
((15,14)(10,9)) 1
((11,6)(13,6)) 1
((6,11)(11,6)) 1
((23,16)(21,16)) 1
((15,3)(18,9)) 2
((16,12)(16,15)) 1
((17,9)(15,3)) 1
((35,31)(24,13)) 1
((24,17)(36,32)) 1
((21,13)(19,17)) 1
((8,13)(22,12)) 1
((20,11)(21,13)) 1
((21,13)(19,12)) 1
((19,12)(22,12)) 1
((18,14)(20,17)) 1
((20,17)(21,20)) 1
((21,20)(16,12)) 1
((20,29)(19,16)) 2
((19,16)(20,29)) 1
((21,29)(23,29)) 1
((23,29)(20,29)) 1
((24,13)(25,14)) 2
((25,14)(27,12)) 2
((20,12)(33,11)) 1
((33,11)(10,9)) 1
((10,9)(16,12)) 1
((15,15)(20,11)) 1
((21,17)(19,15)) 1
((16,15)(19,16)) 1
((19,18)(24,15)) 1
((34,6)(10,9)) 1
((10,9)(20,12)) 1
((34,6)(14,14)) 1
((14,14)(10,9)) 1
((14,14)(16,12)) 1
((30,13)(35,9)) 1
((24,13)(15,15)) 1
((27,10)(18,11)) 1
((18,11)(24,13)) 1
((24,27)(22,30)) 1
((15,14)(17,14)) 1
((30,18)(21,17)) 2
((21,17)(14,14)) 1
((14,14)(30,18)) 1
((21,18)(30,18)) 1
((18,13)(19,17)) 2
((22,24)(17,37)) 1
((21,8)(19,15)) 1
((19,14)(21,8)) 1
((19,17)(3,12)) 1
((3,12)(3,12)) 1
((3,12)(6,11)) 1
((21,17)(25,16)) 1
((25,16)(26,16)) 1
((26,16)(25,16)) 1
((25,16)(21,17)) 1
((21,3)(19,2)) 1
((19,2)(21,16)) 1
((21,16)(19,9)) 1
((17,0)(21,1)) 1
((21,16)(22,9)) 1
((1,12)(3,11)) 1
((6,11)(8,9)) 1
((8,9)(8,10)) 1
((8,10)(4,10)) 1
((12,14)(15,19)) 1
((15,19)(13,14)) 1
((13,11)(10,9)) 1
((24,16)(17,12)) 1
((36,8)(20,12)) 1
((20,17)(17,16)) 2
((21,17)(24,39)) 2
((31,13)(21,17)) 1
((32,28)(30,13)) 1
((19,17)(22,22)) 1
((16,15)(6,12)) 1
((6,12)(9,14)) 1
((11,14)(8,12)) 1
((34,9)(34,10)) 1
((34,10)(27,14)) 1
((27,14)(35,9)) 1
((24,19)(23,24)) 1
((30,13)(23,16)) 2
((23,16)(30,13)) 3
((31,13)(23,16)) 1
((24,13)(19,13)) 1
((34,8)(21,17)) 1
((20,12)(33,14)) 1
((33,14)(32,15)) 1
((32,15)(33,14)) 1
((33,14)(20,12)) 1
((20,13)(20,14)) 1
((20,14)(26,14)) 1
((26,14)(26,15)) 1
((23,18)(20,18)) 1
((20,18)(23,18)) 1
((21,17)(16,9)) 1
((18,17)(26,20)) 1
((21,17)(6,12)) 1
((6,12)(18,17)) 1
((18,17)(33,11)) 1
((27,10)(17,0)) 1
((21,20)(18,16)) 1
((18,16)(20,36)) 1
((22,17)(24,12)) 1
((24,12)(21,12)) 1
((15,13)(14,14)) 1
((14,15)(12,14)) 1
((13,14)(14,15)) 1
((25,12)(26,11)) 1
((26,11)(21,17)) 1
((24,32)(37,21)) 1
((37,21)(38,21)) 1
((37,21)(24,32)) 1
((20,15)(14,15)) 1
((18,7)(18,4)) 1
((20,16)(21,4)) 1
((21,4)(20,3)) 1
((20,3)(20,3)) 1
((20,3)(21,1)) 1
((20,16)(21,1)) 1
((20,36)(33,11)) 1
((33,11)(23,18)) 1
((22,17)(20,36)) 1
((25,17)(22,17)) 1
((22,17)(15,22)) 1
((15,22)(30,10)) 1
((30,10)(30,10)) 1
((30,10)(20,36)) 1
((22,18)(21,15)) 1
((21,15)(21,18)) 1
((21,18)(24,19)) 1
((24,19)(23,18)) 1
((18,17)(22,18)) 1
((13,1)(18,10)) 1
((18,10)(21,12)) 1
((21,17)(24,27)) 1
((20,36)(24,27)) 1
((24,27)(10,9)) 1
((18,14)(19,14)) 1
((20,12)(21,13)) 1
((21,13)(21,17)) 1
((20,17)(22,9)) 1
((17,12)(24,8)) 1
((24,8)(24,7)) 1
((24,7)(26,0)) 1
((16,12)(6,7)) 1
((6,7)(11,14)) 1
((21,20)(10,9)) 1
((21,21)(22,17)) 1
((22,17)(24,27)) 1
((24,27)(22,20)) 1
((22,20)(18,14)) 1
((20,16)(21,15)) 1
((10,3)(17,16)) 1
((17,16)(13,14)) 1
((13,14)(10,3)) 1
((10,3)(12,5)) 1
((21,16)(17,16)) 1
((23,13)(21,15)) 1
((21,15)(22,13)) 1
((17,12)(7,18)) 1
((17,16)(15,3)) 1
((14,13)(21,15)) 1
((17,16)(24,13)) 1
((24,13)(24,7)) 2
((24,7)(24,8)) 1
