(20,36): 0.013
(16,13): 0.002
(20,11): 0.005
(22,18): 0.001
(31,22): 0.001
(19,2): 0.001
(23,29): 0.004
(35,9): 0.002
(22,11): 0.002
(19,16): 0.008
(25,13): 0.004
(18,8): 0.006
(24,8): 0.002
(31,28): 0.003
(22,8): 0.002
(21,12): 0.008
(22,16): 0.009
(24,12): 0.007
(14,13): 0.008
(12,5): 0.006
(15,19): 0.003
(17,12): 0.03
(29,9): 0.001
(31,23): 0.002
(7,18): 0.012
(18,19): 0.002
(18,16): 0.017
(14,15): 0.015
(21,6): 0.004
(18,10): 0.004
(20,12): 0.05
(24,13): 0.034
(16,37): 0.008
(38,28): 0.003
(15,16): 0.001
(30,28): 0.001
(37,29): 0.007
(21,17): 0.048
(22,7): 0.001
(26,20): 0.003
(19,14): 0.005
(21,16): 0.014
(22,17): 0.018
(16,5): 0.002
(17,11): 0.001
(13,14): 0.003
(22,9): 0.005
(22,31): 0.007
(16,12): 0.01
(17,0): 0.018
(20,17): 0.01
(16,15): 0.011
(19,18): 0.009
(11,14): 0.01
(19,17): 0.026
(22,19): 0.007
(15,15): 0.016
(20,14): 0.003
(38,18): 0.001
(21,20): 0.008
(21,8): 0.004
(8,8): 0.006
(33,29): 0.003
(11,9): 0.002
(30,13): 0.006
(21,15): 0.01
(27,9): 0.003
(18,25): 0.002
(23,24): 0.006
(18,23): 0.001
(21,1): 0.009
(19,15): 0.002
(24,25): 0.003
(32,3): 0.006
(20,15): 0.003
(18,14): 0.002
(24,17): 0.011
(22,12): 0.01
(23,18): 0.003
(17,16): 0.004
(21,33): 0.01
(9,11): 0.003
(8,14): 0.002
(28,14): 0.002
(18,9): 0.004
(34,8): 0.006
(25,8): 0.001
(10,12): 0.003
(14,2): 0.003
(32,9): 0.002
(16,9): 0.003
(20,38): 0.004
(21,21): 0.003
(18,35): 0.005
(23,37): 0.001
(18,21): 0.001
(20,18): 0.003
(24,15): 0.005
(14,14): 0.006
(10,7): 0.003
(12,8): 0.002
(17,14): 0.002
(20,22): 0.002
(29,5): 0.002
(18,17): 0.001
(20,8): 0.003
(12,10): 0.003
(8,13): 0.008
(13,9): 0.004
(29,27): 0.001
(29,10): 0.001
(20,16): 0.003
(24,2): 0.002
(17,39): 0.002
(21,10): 0.003
(4,10): 0.002
(29,30): 0.001
(32,33): 0.002
(36,30): 0.001
(22,37): 0.003
(26,19): 0.001
(24,39): 0.003
(34,27): 0.003
(22,29): 0.002
(16,28): 0.003
(17,5): 0.001
(10,9): 0.004
(33,30): 0.001
(22,0): 0.001
(13,11): 0.004
(17,15): 0.002
(29,12): 0.002
(10,14): 0.002
(29,36): 0.001
(20,21): 0.003
(22,20): 0.005
(12,6): 0.001
(24,19): 0.002
(6,11): 0.008
(26,24): 0.002
(21,4): 0.001
(26,6): 0.002
(22,27): 0.002
(33,19): 0.001
(17,1): 0.001
(22,6): 0.001
(13,6): 0.003
(15,28): 0.002
(25,9): 0.002
(15,1): 0.002
(24,16): 0.001
(19,20): 0.001
(6,9): 0.001
(13,15): 0.003
(21,3): 0.005
(16,6): 0.001
(36,32): 0.002
(28,5): 0.001
(21,13): 0.001
(31,19): 0.001
(26,11): 0.002
(18,5): 0.002
(26,15): 0.001
(19,22): 0.001
(20,29): 0.002
(7,10): 0.003
(27,24): 0.001
(17,8): 0.001
(23,12): 0.004
(18,12): 0.002
(25,23): 0.002
(27,10): 0.003
(24,32): 0.002
(16,19): 0.001
(21,2): 0.001
(19,13): 0.002
(7,8): 0.001
(18,7): 0.002
(6,7): 0.002
(6,10): 0.002
(17,19): 0.002
(16,1): 0.001
(19,9): 0.003
(25,16): 0.002
(20,1): 0.002
(20,25): 0.001
(16,14): 0.001
(28,31): 0.001
(23,11): 0.002
(36,27): 0.001
(26,14): 0.002
(16,21): 0.003
(28,13): 0.002
(23,17): 0.001
(19,11): 0.003
(13,2): 0.002
(9,14): 0.003
(19,28): 0.001
(21,7): 0.001
(27,20): 0.001
(21,14): 0.001
(10,16): 0.001
(29,13): 0.001
(23,20): 0.001
(33,10): 0.001
(33,14): 0.002
(6,5): 0.001
(17,2): 0.002
(16,26): 0.001
(11,5): 0.001
(26,12): 0.001
(17,17): 0.001
(7,7): 0.001
(33,9): 0.001
(37,18): 0.001
(24,14): 0.002
(21,18): 0.001
(24,31): 0.001
(35,31): 0.002
(18,4): 0.003
(25,2): 0.001
(18,15): 0.002
(20,13): 0.001
(9,13): 0.001
(40,18): 0.001
(32,12): 0.003
(24,6): 0.001
(29,3): 0.001
(10,8): 0.001
(18,26): 0.001
(13,8): 0.001
(15,3): 0.003
(29,11): 0.001
(25,18): 0.001
(9,9): 0.001
(36,9): 0.001
(6,12): 0.001
(19,10): 0.001
(7,15): 0.001
(2,11): 0.001
(26,0): 0.002
(19,34): 0.002
(20,19): 0.001
(34,9): 0.002
(15,11): 0.001
(35,8): 0.001
(23,4): 0.001
(24,27): 0.002
(19,27): 0.001
(22,13): 0.003
(16,4): 0.002
(12,4): 0.001
(25,20): 0.003
(36,16): 0.001
(15,25): 0.003
(27,14): 0.001
(27,15): 0.001
(37,15): 0.001
(13,4): 0.001
(28,18): 0.001
(11,12): 0.001
(34,19): 0.002
(26,13): 0.001
(16,10): 0.001
(22,14): 0.001
(21,0): 0.002
(14,12): 0.001
(30,6): 0.001
(34,6): 0.002
(11,2): 0.001
(16,0): 0.001
(13,1): 0.001
(21,9): 0.001
(23,16): 0.001
(30,18): 0.001
(19,7): 0.001
(18,6): 0.001
(1,12): 0.001
(36,8): 0.001
(10,3): 0.001
