(20,36): 0.015
(16,12): 0.009
(32,10): 0.001
(22,18): 0.005
(22,9): 0.009
(11,8): 0.001
(15,15): 0.013
(34,9): 0.003
(23,9): 0.003
(25,13): 0.003
(13,14): 0.004
(20,23): 0.001
(23,8): 0.002
(17,0): 0.023
(23,29): 0.001
(17,12): 0.036
(13,9): 0.007
(19,18): 0.002
(20,12): 0.048
(13,6): 0.006
(14,17): 0.002
(20,11): 0.003
(31,23): 0.001
(7,18): 0.013
(18,19): 0.003
(22,17): 0.02
(19,17): 0.029
(21,17): 0.053
(17,11): 0.004
(21,6): 0.001
(22,12): 0.008
(26,20): 0.003
(13,15): 0.003
(20,31): 0.002
(38,28): 0.002
(7,11): 0.002
(24,12): 0.008
(22,20): 0.002
(21,16): 0.004
(16,15): 0.005
(6,11): 0.012
(17,14): 0.004
(22,31): 0.005
(18,13): 0.002
(24,13): 0.038
(11,14): 0.006
(23,18): 0.005
(18,16): 0.008
(8,13): 0.011
(38,18): 0.002
(36,8): 0.002
(37,29): 0.003
(27,10): 0.003
(21,33): 0.008
(8,8): 0.005
(33,29): 0.003
(23,13): 0.003
(10,10): 0.001
(30,13): 0.007
(28,13): 0.009
(23,23): 0.002
(17,38): 0.001
(24,27): 0.001
(28,27): 0.001
(21,1): 0.007
(7,17): 0.002
(20,17): 0.006
(14,15): 0.009
(32,3): 0.005
(5,11): 0.002
(23,39): 0.001
(25,11): 0.001
(21,8): 0.005
(23,6): 0.001
(17,16): 0.008
(9,11): 0.004
(21,0): 0.004
(27,14): 0.002
(7,14): 0.001
(15,19): 0.001
(34,8): 0.004
(37,15): 0.002
(21,18): 0.002
(22,19): 0.004
(18,28): 0.001
(33,8): 0.003
(20,38): 0.004
(22,38): 0.001
(20,16): 0.003
(15,9): 0.001
(28,18): 0.002
(14,7): 0.001
(10,12): 0.002
(8,18): 0.001
(20,22): 0.001
(37,21): 0.001
(29,5): 0.004
(20,8): 0.001
(15,13): 0.003
(5,6): 0.002
(22,37): 0.003
(19,7): 0.001
(10,2): 0.004
(24,3): 0.001
(6,7): 0.005
(17,39): 0.003
(21,10): 0.002
(10,9): 0.006
(29,30): 0.001
(24,17): 0.007
(32,33): 0.002
(36,32): 0.005
(33,12): 0.002
(19,16): 0.005
(18,26): 0.002
(33,19): 0.001
(19,14): 0.002
(34,27): 0.001
(18,22): 0.001
(17,5): 0.002
(14,14): 0.005
(33,30): 0.002
(16,38): 0.001
(24,39): 0.004
(21,3): 0.007
(16,13): 0.001
(29,12): 0.001
(17,1): 0.001
(9,14): 0.004
(24,34): 0.001
(20,21): 0.003
(36,9): 0.002
(35,28): 0.001
(18,12): 0.006
(27,24): 0.001
(21,19): 0.003
(18,25): 0.001
(15,8): 0.001
(26,24): 0.002
(15,7): 0.001
(20,2): 0.002
(21,5): 0.001
(28,34): 0.001
(14,2): 0.004
(26,6): 0.001
(22,26): 0.001
(22,8): 0.003
(21,12): 0.008
(24,19): 0.003
(25,8): 0.001
(22,5): 0.001
(16,37): 0.013
(22,6): 0.001
(12,5): 0.001
(15,25): 0.005
(16,29): 0.001
(25,16): 0.002
(19,20): 0.001
(9,8): 0.002
(18,8): 0.004
(16,1): 0.003
(13,11): 0.002
(16,21): 0.003
(20,13): 0.001
(11,7): 0.001
(20,39): 0.002
(16,10): 0.002
(22,16): 0.004
(20,15): 0.002
(33,27): 0.002
(31,19): 0.001
(21,20): 0.008
(29,8): 0.001
(18,5): 0.002
(24,16): 0.002
(20,29): 0.002
(14,16): 0.001
(27,12): 0.002
(38,30): 0.001
(34,6): 0.003
(25,9): 0.001
(33,11): 0.003
(15,14): 0.001
(12,14): 0.001
(32,28): 0.001
(17,13): 0.002
(18,14): 0.005
(23,12): 0.003
(34,7): 0.001
(24,8): 0.001
(13,13): 0.001
(25,23): 0.001
(7,8): 0.001
(17,19): 0.003
(18,9): 0.003
(19,12): 0.002
(21,14): 0.001
(18,7): 0.003
(20,7): 0.001
(22,24): 0.001
(19,19): 0.001
(18,20): 0.001
(19,9): 0.004
(13,3): 0.001
(22,33): 0.002
(20,26): 0.002
(16,14): 0.001
(9,12): 0.002
(28,14): 0.002
(26,14): 0.002
(18,6): 0.002
(35,8): 0.001
(31,13): 0.002
(22,23): 0.001
(4,10): 0.002
(13,2): 0.003
(19,28): 0.001
(24,15): 0.001
(26,15): 0.003
(27,20): 0.001
(10,16): 0.001
(16,28): 0.003
(19,15): 0.002
(23,24): 0.003
(3,10): 0.001
(16,5): 0.001
(8,15): 0.001
(29,14): 0.001
(32,15): 0.001
(17,15): 0.001
(6,14): 0.001
(21,7): 0.001
(10,6): 0.001
(26,12): 0.001
(6,12): 0.002
(17,2): 0.002
(34,31): 0.001
(18,11): 0.002
(16,8): 0.001
(24,32): 0.001
(38,29): 0.001
(8,9): 0.001
(9,13): 0.002
(18,4): 0.002
(18,38): 0.001
(17,26): 0.001
(24,2): 0.002
(20,14): 0.001
(6,9): 0.001
(32,12): 0.003
(25,20): 0.001
(25,5): 0.001
(26,0): 0.002
(10,8): 0.001
(21,21): 0.002
(5,12): 0.002
(29,34): 0.001
(15,3): 0.001
(29,11): 0.001
(23,17): 0.001
(27,8): 0.001
(9,9): 0.002
(21,34): 0.001
(3,11): 0.001
(26,3): 0.002
(11,6): 0.002
(19,13): 0.001
(24,0): 0.001
(16,9): 0.002
(15,11): 0.001
(14,13): 0.001
(20,35): 0.002
(23,4): 0.001
(30,28): 0.001
(13,7): 0.001
(19,29): 0.001
(17,25): 0.001
(27,9): 0.002
(11,9): 0.001
(39,14): 0.001
(29,27): 0.001
(35,9): 0.003
(18,15): 0.001
(8,14): 0.001
(10,13): 0.001
(19,34): 0.002
(36,15): 0.001
(22,15): 0.002
(16,24): 0.002
(35,19): 0.001
(11,10): 0.001
(17,21): 0.001
(10,15): 0.001
(34,30): 0.001
(14,12): 0.001
(29,36): 0.001
(16,6): 0.001
(25,34): 0.001
(29,9): 0.001
(18,17): 0.002
(15,28): 0.001
(18,35): 0.001
(23,16): 0.001
(21,13): 0.001
(26,11): 0.001
(22,30): 0.001
(30,18): 0.001
(6,10): 0.001
(23,11): 0.001
(22,22): 0.001
(24,31): 0.001
(24,7): 0.001
