(20,19): 0.004
(26,22): 0.417
(22,15): 0.032
(26,21): 0.177
(27,22): 0.026
(24,21): 0.02
(25,15): 0.08
(30,16): 0.017
(27,12): 0.001
(26,25): 0.001
(23,20): 0.008
(26,15): 0.016
(27,20): 0.009
(27,21): 0.029
(32,18): 0.001
(25,21): 0.022
(25,18): 0.002
(27,2): 0.003
(25,22): 0.005
(40,4): 0.001
(17,2): 0.002
(27,19): 0.006
(18,18): 0.005
(25,14): 0.003
(35,17): 0.002
(26,23): 0.014
(20,16): 0.001
(27,4): 0.002
(22,20): 0.001
(27,24): 0.002
(22,12): 0.001
(11,16): 0.002
(29,17): 0.001
(17,17): 0.006
(14,17): 0.001
(22,0): 0.002
(12,16): 0.001
(23,19): 0.004
(26,20): 0.008
(28,22): 0.007
(18,19): 0.004
(30,34): 0.001
(25,16): 0.001
(31,19): 0.002
(21,15): 0.003
(31,20): 0.001
(21,0): 0.005
(22,16): 0.002
(26,32): 0.001
(28,16): 0.001
(17,19): 0.001
(18,17): 0.001
(12,11): 0.004
(24,22): 0.002
(16,18): 0.002
(29,15): 0.001
(23,15): 0.004
(22,22): 0.001
(25,45): 0.004
(28,25): 0.002
(15,17): 0.001
(46,36): 0.001
(22,17): 0.001
(22,18): 0.001
(30,18): 0.002
(26,14): 0.001
(31,29): 0.001
(31,16): 0.001
(23,21): 0.002
(20,15): 0.002
(24,13): 0.001
(30,32): 0.001
