(39,24): 0.001
(15,6): 0.005
(12,12): 0.003
(30,17): 0.001
(28,22): 0.017
(35,17): 0.005
(17,3): 0.005
(20,19): 0.015
(3,14): 0.001
(8,9): 0.002
(40,15): 0.005
(43,12): 0.002
(26,15): 0.009
(29,11): 0.001
(16,12): 0.006
(28,25): 0.004
(30,16): 0.031
(22,15): 0.033
(24,21): 0.034
(26,19): 0.005
(47,35): 0.001
(26,22): 0.053
(20,27): 0.003
(17,22): 0.001
(20,6): 0.003
(25,15): 0.065
(25,47): 0.002
(30,49): 0.004
(46,36): 0.005
(27,41): 0.001
(10,10): 0.008
(26,20): 0.005
(39,35): 0.002
(30,32): 0.003
(18,18): 0.011
(38,16): 0.001
(30,21): 0.008
(27,10): 0.006
(28,24): 0.004
(11,14): 0.001
(10,18): 0.002
(46,19): 0.001
(24,22): 0.007
(22,17): 0.001
(27,42): 0.001
(16,17): 0.001
(9,23): 0.012
(25,45): 0.007
(30,18): 0.002
(30,2): 0.001
(14,17): 0.014
(7,9): 0.001
(31,22): 0.002
(40,41): 0.001
(45,40): 0.008
(24,16): 0.002
(28,46): 0.001
(27,19): 0.004
(42,36): 0.002
(23,5): 0.001
(48,23): 0.001
(21,47): 0.002
(36,15): 0.001
(14,18): 0.001
(24,14): 0.001
(32,4): 0.002
(32,25): 0.008
(26,25): 0.007
(32,30): 0.002
(27,2): 0.007
(36,12): 0.001
(28,15): 0.011
(21,0): 0.012
(24,9): 0.001
(23,12): 0.002
(27,7): 0.002
(21,35): 0.003
(18,19): 0.016
(14,8): 0.001
(29,20): 0.002
(27,39): 0.009
(25,36): 0.002
(24,18): 0.006
(27,24): 0.003
(23,16): 0.002
(33,18): 0.003
(22,18): 0.01
(11,11): 0.001
(24,13): 0.002
(17,2): 0.004
(11,16): 0.008
(43,10): 0.004
(23,20): 0.013
(25,14): 0.007
(30,39): 0.001
(16,18): 0.005
(25,18): 0.008
(23,18): 0.004
(18,9): 0.002
(21,20): 0.008
(27,15): 0.003
(19,4): 0.002
(17,17): 0.012
(19,14): 0.002
(34,10): 0.002
(5,12): 0.005
(12,11): 0.01
(26,21): 0.016
(15,17): 0.001
(34,13): 0.002
(25,21): 0.008
(22,0): 0.002
(9,12): 0.002
(29,36): 0.002
(19,19): 0.001
(28,30): 0.001
(16,19): 0.004
(8,15): 0.001
(31,16): 0.001
(22,45): 0.001
(31,19): 0.003
(26,23): 0.007
(20,16): 0.005
(24,12): 0.002
(28,6): 0.001
(26,14): 0.002
(21,13): 0.001
(31,20): 0.001
(8,14): 0.001
(13,9): 0.001
(16,13): 0.005
(19,23): 0.004
(19,17): 0.001
(16,11): 0.001
(20,12): 0.002
(22,12): 0.002
(13,3): 0.001
(9,16): 0.001
(7,14): 0.007
(25,22): 0.003
(21,9): 0.001
(37,14): 0.002
(24,20): 0.002
(27,22): 0.007
(22,20): 0.003
(38,24): 0.001
(27,21): 0.006
(37,16): 0.003
(23,26): 0.002
(31,21): 0.001
(27,20): 0.01
(34,15): 0.002
(22,9): 0.001
(34,18): 0.002
(27,3): 0.001
(30,1): 0.001
(31,11): 0.002
(17,15): 0.001
(35,34): 0.001
(28,20): 0.003
(21,15): 0.005
(24,23): 0.002
(7,15): 0.003
(17,19): 0.002
(21,19): 0.001
(40,4): 0.003
(23,24): 0.002
(16,8): 0.001
(23,9): 0.002
(33,25): 0.001
(21,2): 0.002
(15,16): 0.003
(23,6): 0.002
(24,15): 0.003
(25,32): 0.001
(35,40): 0.001
(28,14): 0.001
(21,18): 0.001
(24,42): 0.001
(30,20): 0.001
(31,6): 0.001
(18,22): 0.004
(3,16): 0.001
(15,13): 0.002
(26,10): 0.003
(34,25): 0.001
(28,16): 0.002
(17,13): 0.002
(22,16): 0.001
(18,3): 0.001
(23,15): 0.002
(21,32): 0.001
(37,23): 0.001
(28,18): 0.002
(10,19): 0.001
(42,12): 0.001
(25,16): 0.002
(7,16): 0.001
(25,11): 0.002
(28,37): 0.001
(22,24): 0.001
(22,22): 0.001
(23,7): 0.003
(26,17): 0.001
(48,18): 0.001
(22,19): 0.001
(27,12): 0.002
(32,18): 0.001
(18,32): 0.002
(28,45): 0.001
(25,20): 0.002
(19,18): 0.002
(28,23): 0.001
(21,10): 0.002
(23,22): 0.001
(36,43): 0.001
(31,8): 0.001
(23,13): 0.001
(23,14): 0.002
(26,27): 0.001
(23,21): 0.006
(34,44): 0.001
(43,19): 0.001
(19,10): 0.001
(33,26): 0.001
(13,23): 0.001
(10,14): 0.001
(25,24): 0.001
(13,19): 0.001
(27,4): 0.002
(6,8): 0.001
(45,10): 0.001
(20,15): 0.002
(29,5): 0.001
(20,18): 0.001
(27,17): 0.002
(22,13): 0.001
(23,17): 0.002
(23,10): 0.002
(36,34): 0.003
(42,13): 0.001
(40,35): 0.001
(42,24): 0.001
(25,19): 0.001
(29,48): 0.001
(30,19): 0.002
(18,17): 0.003
(43,29): 0.001
(19,32): 0.001
(13,15): 0.002
(18,14): 0.001
(6,10): 0.001
(44,31): 0.001
(18,1): 0.002
(34,11): 0.001
(36,7): 0.003
(29,10): 0.001
(19,6): 0.001
(37,12): 0.001
(21,49): 0.001
(37,37): 0.001
(43,24): 0.001
(34,17): 0.001
(32,21): 0.001
(13,18): 0.001
(27,23): 0.001
(17,16): 0.001
(43,39): 0.001
(17,8): 0.001
(8,19): 0.001
(30,24): 0.001
(26,41): 0.002
(33,8): 0.001
(26,33): 0.001
(37,11): 0.001
(12,18): 0.001
(27,16): 0.001
(16,1): 0.001
(20,5): 0.001
(8,12): 0.001
(15,7): 0.001
(18,7): 0.001
(42,34): 0.001
(26,26): 0.001
(33,20): 0.001
(24,27): 0.001
(10,16): 0.001
(34,31): 0.001
(31,29): 0.001
(30,40): 0.001
(26,4): 0.001
(20,24): 0.001
(22,21): 0.001
