(39,24): 0.001
(27,20): 0.006
(12,12): 0.002
(18,18): 0.014
(28,22): 0.023
(45,11): 0.005
(17,3): 0.004
(26,43): 0.002
(5,12): 0.005
(10,7): 0.001
(40,15): 0.005
(43,12): 0.003
(25,15): 0.049
(29,11): 0.001
(9,22): 0.001
(25,19): 0.001
(30,16): 0.042
(13,3): 0.004
(24,21): 0.032
(26,19): 0.003
(48,35): 0.001
(9,14): 0.003
(19,32): 0.004
(20,6): 0.003
(22,15): 0.022
(25,45): 0.012
(30,49): 0.003
(26,22): 0.033
(27,41): 0.002
(10,10): 0.004
(16,12): 0.004
(26,21): 0.023
(39,35): 0.002
(24,23): 0.001
(38,16): 0.002
(30,21): 0.014
(27,10): 0.007
(27,22): 0.007
(11,14): 0.002
(10,18): 0.001
(48,18): 0.001
(23,15): 0.004
(27,42): 0.002
(16,17): 0.001
(42,18): 0.001
(33,15): 0.002
(16,7): 0.001
(15,6): 0.002
(30,3): 0.001
(14,17): 0.005
(5,13): 0.002
(40,41): 0.002
(45,37): 0.002
(24,16): 0.004
(28,46): 0.001
(27,18): 0.002
(42,36): 0.004
(22,6): 0.001
(29,22): 0.005
(26,25): 0.008
(21,47): 0.003
(36,15): 0.001
(14,18): 0.003
(23,14): 0.001
(32,4): 0.002
(26,15): 0.015
(30,34): 0.004
(32,30): 0.001
(7,14): 0.015
(27,2): 0.005
(36,12): 0.001
(21,2): 0.003
(24,9): 0.003
(23,12): 0.005
(27,7): 0.003
(19,35): 0.001
(18,19): 0.015
(31,20): 0.004
(13,8): 0.001
(29,20): 0.002
(25,49): 0.003
(26,36): 0.004
(21,16): 0.002
(42,8): 0.001
(31,29): 0.002
(21,15): 0.005
(26,32): 0.001
(28,14): 0.001
(21,20): 0.01
(33,18): 0.006
(23,8): 0.003
(11,10): 0.002
(26,24): 0.001
(16,3): 0.001
(4,12): 0.002
(18,49): 0.001
(20,31): 0.001
(22,4): 0.001
(23,20): 0.01
(23,21): 0.006
(17,17): 0.006
(12,15): 0.004
(37,3): 0.002
(7,15): 0.006
(10,17): 0.007
(20,18): 0.002
(19,4): 0.003
(16,16): 0.001
(19,14): 0.003
(3,14): 0.002
(13,12): 0.002
(46,36): 0.005
(28,25): 0.006
(24,22): 0.002
(14,12): 0.001
(18,22): 0.003
(16,8): 0.002
(27,39): 0.003
(9,23): 0.008
(27,4): 0.006
(25,14): 0.004
(30,17): 0.005
(20,16): 0.003
(22,18): 0.003
(17,13): 0.001
(27,12): 0.003
(42,34): 0.004
(26,17): 0.001
(14,8): 0.003
(32,25): 0.006
(21,1): 0.002
(6,18): 0.002
(28,23): 0.001
(23,24): 0.003
(22,20): 0.002
(12,11): 0.005
(13,18): 0.003
(26,33): 0.001
(25,12): 0.001
(8,9): 0.006
(45,40): 0.002
(23,19): 0.001
(21,9): 0.002
(35,17): 0.006
(29,12): 0.001
(16,18): 0.003
(31,19): 0.001
(22,31): 0.001
(25,26): 0.001
(42,15): 0.002
(25,17): 0.001
(33,14): 0.002
(23,7): 0.002
(32,20): 0.002
(29,10): 0.002
(24,27): 0.002
(34,15): 0.002
(24,13): 0.002
(21,0): 0.011
(47,37): 0.002
(11,16): 0.007
(43,8): 0.001
(31,11): 0.002
(10,16): 0.003
(34,31): 0.002
(21,35): 0.001
(30,32): 0.002
(26,23): 0.005
(24,18): 0.003
(32,28): 0.001
(28,37): 0.002
(23,23): 0.001
(21,24): 0.002
(29,23): 0.001
(23,9): 0.003
(27,31): 0.001
(26,20): 0.003
(30,22): 0.001
(33,8): 0.002
(17,22): 0.001
(23,2): 0.001
(24,15): 0.003
(43,39): 0.001
(29,14): 0.001
(22,12): 0.003
(11,15): 0.001
(22,45): 0.001
(23,44): 0.001
(20,27): 0.003
(35,18): 0.001
(12,13): 0.001
(11,11): 0.001
(30,20): 0.001
(23,11): 0.001
(30,13): 0.001
(35,8): 0.002
(30,12): 0.001
(27,29): 0.001
(15,17): 0.001
(26,18): 0.002
(21,33): 0.001
(16,13): 0.002
(14,16): 0.001
(4,17): 0.001
(30,18): 0.002
(27,25): 0.001
(34,25): 0.001
(28,16): 0.001
(21,45): 0.001
(23,28): 0.001
(23,16): 0.001
(20,46): 0.002
(22,27): 0.001
(37,16): 0.001
(28,30): 0.003
(20,36): 0.001
(39,16): 0.001
(30,15): 0.001
(10,19): 0.002
(22,17): 0.002
(32,18): 0.002
(41,20): 0.001
(21,32): 0.003
(43,10): 0.003
(25,27): 0.001
(20,12): 0.001
(33,16): 0.001
(22,22): 0.001
(22,3): 0.001
(19,23): 0.002
(34,37): 0.001
(34,26): 0.001
(25,42): 0.001
(28,18): 0.001
(30,39): 0.001
(8,13): 0.001
(23,6): 0.001
(25,20): 0.002
(28,15): 0.004
(23,47): 0.001
(36,2): 0.001
(31,13): 0.001
(27,17): 0.001
(23,34): 0.001
(33,44): 0.001
(50,22): 0.001
(31,8): 0.001
(23,13): 0.003
(18,24): 0.005
(25,18): 0.002
(19,24): 0.001
(36,43): 0.001
(23,33): 0.001
(13,4): 0.001
(20,47): 0.002
(29,2): 0.001
(43,25): 0.001
(28,24): 0.002
(17,2): 0.003
(14,19): 0.001
(19,10): 0.001
(27,19): 0.005
(27,15): 0.001
(22,19): 0.002
(25,35): 0.001
(30,19): 0.001
(27,21): 0.003
(41,10): 0.002
(31,28): 0.001
(18,13): 0.001
(24,20): 0.001
(35,43): 0.001
(29,36): 0.001
(32,24): 0.001
(26,14): 0.001
(29,15): 0.001
(38,35): 0.001
(31,12): 0.001
(20,20): 0.001
(23,10): 0.003
(13,17): 0.001
(36,34): 0.001
(20,10): 0.001
(21,18): 0.001
(42,13): 0.001
(22,23): 0.001
(43,24): 0.001
(8,8): 0.001
(13,9): 0.001
(30,48): 0.001
(38,17): 0.001
(22,16): 0.001
(23,25): 0.001
(41,35): 0.001
(34,17): 0.001
(20,15): 0.001
(43,18): 0.001
(47,23): 0.001
(27,24): 0.001
(25,47): 0.002
(42,14): 0.001
(20,19): 0.001
(29,47): 0.001
(21,10): 0.001
(41,18): 0.001
(34,11): 0.001
(47,27): 0.001
(36,7): 0.002
(29,5): 0.001
(19,11): 0.001
(19,6): 0.001
(15,7): 0.001
(30,2): 0.001
(19,48): 0.001
(37,37): 0.001
(31,22): 0.001
(21,48): 0.001
(41,15): 0.001
(42,40): 0.001
(26,41): 0.002
(27,0): 0.001
(26,11): 0.001
(30,0): 0.001
(30,43): 0.001
(46,12): 0.001
(10,23): 0.001
(25,21): 0.001
(32,31): 0.001
(25,2): 0.001
(17,8): 0.001
(31,42): 0.001
(18,23): 0.001
(28,33): 0.001
(20,0): 0.001
(47,28): 0.001
(22,11): 0.001
(21,5): 0.001
(8,12): 0.001
(19,16): 0.001
(32,17): 0.001
(13,11): 0.001
(18,32): 0.001
(25,22): 0.001
(27,26): 0.001
(46,23): 0.001
(27,3): 0.002
(44,9): 0.001
(19,3): 0.001
(26,10): 0.001
