(14,8): 0.006
(5,14): 0.009
(11,11): 0.041
(14,12): 0.031
(15,9): 0.063
(12,28): 0.006
(4,9): 0.004
(9,8): 0.008
(11,10): 0.005
(7,6): 0.008
(13,9): 0.044
(8,5): 0.004
(12,11): 0.015
(16,13): 0.061
(9,7): 0.006
(15,29): 0.001
(17,13): 0.017
(15,8): 0.008
(16,11): 0.015
(7,7): 0.005
(15,21): 0.004
(11,19): 0.004
(15,13): 0.015
(15,12): 0.017
(4,5): 0.002
(13,14): 0.002
(21,20): 0.005
(11,4): 0.001
(11,6): 0.001
(13,10): 0.011
(15,27): 0.013
(16,9): 0.004
(24,2): 0.004
(15,15): 0.003
(14,15): 0.002
(18,9): 0.028
(15,28): 0.002
(20,9): 0.003
(16,0): 0.003
(27,21): 0.006
(9,11): 0.01
(16,2): 0.006
(13,0): 0.005
(27,22): 0.001
(7,9): 0.002
(13,12): 0.024
(28,15): 0.001
(10,13): 0.001
(20,18): 0.002
(13,18): 0.001
(12,21): 0.003
(19,3): 0.001
(14,9): 0.005
(16,14): 0.005
(20,7): 0.003
(6,6): 0.007
(16,10): 0.005
(21,15): 0.002
(24,21): 0.001
(14,11): 0.007
(17,8): 0.002
(18,12): 0.006
(14,13): 0.01
(12,0): 0.01
(14,10): 0.006
(14,28): 0.001
(16,7): 0.006
(6,5): 0.001
(9,4): 0.005
(10,1): 0.005
(3,10): 0.001
(9,3): 0.002
(15,6): 0.003
(10,10): 0.011
(10,11): 0.003
(4,8): 0.01
(14,14): 0.001
(11,14): 0.001
(20,15): 0.002
(11,9): 0.004
(9,10): 0.002
(15,11): 0.007
(14,4): 0.005
(15,1): 0.001
(18,13): 0.005
(25,24): 0.001
(16,1): 0.009
(17,10): 0.004
(16,5): 0.001
(18,29): 0.005
(7,8): 0.002
(16,12): 0.013
(12,9): 0.008
(6,7): 0.001
(17,12): 0.005
(14,7): 0.005
(16,6): 0.005
(3,7): 0.004
(19,15): 0.006
(16,4): 0.004
(14,21): 0.002
(8,10): 0.003
(18,11): 0.006
(19,10): 0.005
(18,14): 0.003
(25,14): 0.002
(17,18): 0.002
(5,13): 0.006
(17,6): 0.001
(12,4): 0.001
(6,11): 0.001
(25,7): 0.001
(17,9): 0.007
(4,4): 0.001
(29,13): 0.001
(17,21): 0.003
(13,26): 0.002
(8,3): 0.002
(18,10): 0.006
(13,13): 0.004
(13,2): 0.001
(5,5): 0.002
(27,6): 0.002
(17,29): 0.001
(26,23): 0.001
(15,25): 0.001
(6,10): 0.007
(7,5): 0.002
(4,7): 0.002
(12,18): 0.001
(28,22): 0.001
(27,24): 0.005
(5,8): 0.001
(3,5): 0.001
(18,20): 0.002
(24,14): 0.002
(18,6): 0.003
(6,9): 0.004
(11,5): 0.002
(21,10): 0.004
(17,14): 0.002
(15,16): 0.003
(19,25): 0.001
(11,29): 0.001
(30,13): 0.001
(8,2): 0.002
(12,5): 0.003
(16,25): 0.007
(20,6): 0.002
(23,14): 0.001
(20,10): 0.002
(7,11): 0.003
(12,8): 0.002
(11,8): 0.002
(13,7): 0.003
(6,8): 0.001
(5,4): 0.001
(15,3): 0.001
(26,7): 0.003
(23,21): 0.002
(26,6): 0.002
(15,10): 0.003
(13,8): 0.003
(28,21): 0.001
(21,25): 0.001
(13,6): 0.001
(16,15): 0.004
(18,7): 0.002
(5,6): 0.001
(25,22): 0.001
(13,17): 0.001
(14,6): 0.001
(10,8): 0.001
(17,4): 0.001
(16,8): 0.002
(21,11): 0.001
(21,13): 0.001
(24,9): 0.001
(9,9): 0.002
(14,16): 0.002
(12,16): 0.002
(8,9): 0.001
(11,0): 0.001
(12,3): 0.003
(21,9): 0.001
(18,1): 0.001
(12,29): 0.001
(10,6): 0.001
(13,11): 0.002
(16,23): 0.003
(25,20): 0.001
(10,5): 0.002
(19,18): 0.002
(10,9): 0.001
(22,9): 0.001
(18,16): 0.001
(19,2): 0.001
(15,14): 0.003
(16,3): 0.001
(13,5): 0.001
(29,10): 0.002
(14,0): 0.001
(22,10): 0.001
(20,8): 0.001
(20,16): 0.002
(20,17): 0.001
(15,17): 0.001
(18,17): 0.001
(17,22): 0.001
(14,5): 0.001
(11,13): 0.002
(14,27): 0.001
(15,7): 0.001
(13,19): 0.001
(11,12): 0.001
(19,12): 0.001
(22,22): 0.001
(16,17): 0.002
(17,7): 0.001
(19,11): 0.001
(17,11): 0.001
(23,10): 0.001
(18,19): 0.001
(13,3): 0.001
(25,17): 0.001
