(14,8): 0.009
(5,14): 0.009
(18,13): 0.008
(14,12): 0.039
(12,0): 0.011
(15,9): 0.05
(13,9): 0.045
(9,11): 0.006
(18,9): 0.023
(10,11): 0.002
(15,8): 0.003
(8,5): 0.004
(4,8): 0.015
(4,5): 0.005
(17,12): 0.004
(9,7): 0.004
(19,15): 0.009
(15,29): 0.003
(16,13): 0.073
(16,12): 0.008
(16,2): 0.005
(18,10): 0.014
(7,7): 0.003
(13,27): 0.002
(11,19): 0.007
(11,5): 0.001
(15,15): 0.007
(14,7): 0.004
(14,11): 0.003
(5,5): 0.001
(17,13): 0.019
(11,12): 0.001
(21,20): 0.002
(11,6): 0.002
(6,7): 0.001
(16,15): 0.006
(10,9): 0.001
(15,27): 0.015
(25,20): 0.002
(14,13): 0.009
(12,9): 0.006
(9,8): 0.003
(24,6): 0.001
(5,7): 0.003
(19,12): 0.004
(18,11): 0.001
(13,11): 0.004
(12,11): 0.008
(24,2): 0.007
(29,10): 0.001
(8,10): 0.002
(14,16): 0.002
(15,21): 0.003
(11,11): 0.026
(20,9): 0.005
(17,9): 0.005
(27,21): 0.006
(7,9): 0.007
(18,7): 0.002
(16,1): 0.007
(26,20): 0.001
(15,13): 0.007
(20,18): 0.004
(14,15): 0.002
(20,5): 0.002
(12,21): 0.005
(25,5): 0.001
(20,10): 0.002
(19,3): 0.001
(15,14): 0.005
(10,10): 0.005
(18,17): 0.002
(6,6): 0.013
(16,7): 0.006
(12,28): 0.005
(17,8): 0.002
(19,19): 0.002
(5,13): 0.005
(18,5): 0.004
(7,6): 0.009
(13,2): 0.003
(17,17): 0.003
(12,19): 0.001
(6,5): 0.001
(9,4): 0.006
(14,9): 0.005
(10,1): 0.01
(14,5): 0.003
(18,6): 0.001
(9,3): 0.001
(15,5): 0.001
(13,10): 0.005
(5,8): 0.002
(13,19): 0.001
(11,14): 0.002
(18,14): 0.003
(11,9): 0.003
(16,10): 0.003
(15,11): 0.003
(19,6): 0.002
(12,27): 0.003
(14,28): 0.002
(15,1): 0.003
(16,0): 0.002
(15,19): 0.002
(27,18): 0.001
(7,10): 0.002
(13,7): 0.003
(13,12): 0.011
(6,9): 0.003
(20,11): 0.002
(16,5): 0.002
(18,29): 0.003
(14,4): 0.005
(21,10): 0.009
(7,8): 0.003
(12,14): 0.002
(18,12): 0.008
(27,6): 0.003
(16,6): 0.005
(21,5): 0.001
(23,10): 0.005
(16,17): 0.002
(3,7): 0.003
(9,9): 0.003
(13,16): 0.001
(14,21): 0.001
(5,3): 0.001
(19,16): 0.002
(20,15): 0.004
(19,0): 0.003
(16,11): 0.004
(21,4): 0.001
(26,7): 0.003
(17,6): 0.002
(2,7): 0.001
(12,4): 0.003
(7,11): 0.002
(14,1): 0.001
(24,11): 0.001
(28,14): 0.002
(18,8): 0.002
(12,7): 0.003
(26,6): 0.002
(15,16): 0.002
(17,22): 0.001
(13,14): 0.003
(13,13): 0.002
(4,9): 0.005
(8,8): 0.002
(25,17): 0.002
(26,23): 0.002
(13,18): 0.002
(12,18): 0.003
(14,14): 0.002
(13,8): 0.001
(7,5): 0.001
(5,6): 0.001
(18,23): 0.001
(27,24): 0.004
(13,3): 0.003
(4,6): 0.001
(17,21): 0.003
(21,14): 0.001
(15,23): 0.001
(25,14): 0.003
(19,1): 0.001
(24,9): 0.002
(8,3): 0.001
(21,26): 0.001
(16,14): 0.004
(7,2): 0.001
(14,25): 0.001
(11,2): 0.001
(22,8): 0.001
(20,6): 0.002
(19,11): 0.002
(12,10): 0.002
(10,13): 0.002
(10,2): 0.001
(13,0): 0.002
(15,26): 0.001
(21,13): 0.001
(6,10): 0.004
(15,3): 0.001
(17,7): 0.001
(10,5): 0.005
(19,18): 0.003
(20,22): 0.001
(13,6): 0.003
(28,21): 0.001
(17,3): 0.003
(23,21): 0.002
(16,8): 0.002
(12,12): 0.002
(15,12): 0.007
(21,25): 0.001
(16,9): 0.004
(16,23): 0.003
(19,17): 0.001
(13,1): 0.001
(20,7): 0.003
(16,25): 0.003
(25,21): 0.001
(8,7): 0.001
(18,20): 0.001
(22,4): 0.001
(10,8): 0.001
(5,10): 0.001
(22,13): 0.001
(8,9): 0.001
(28,16): 0.001
(15,28): 0.002
(14,18): 0.001
(12,16): 0.003
(27,11): 0.001
(13,17): 0.001
(11,13): 0.002
(25,11): 0.001
(11,0): 0.001
(11,3): 0.001
(18,1): 0.001
(22,6): 0.001
(16,26): 0.001
(12,29): 0.001
(4,10): 0.001
(24,25): 0.001
(24,7): 0.001
(25,22): 0.001
(13,26): 0.002
(13,4): 0.001
(22,27): 0.001
(27,9): 0.001
(3,5): 0.001
(16,4): 0.002
(22,3): 0.001
(12,1): 0.001
(15,6): 0.002
(12,5): 0.002
(15,10): 0.002
(8,6): 0.002
(27,12): 0.001
(20,8): 0.001
(11,10): 0.002
(17,1): 0.001
(14,10): 0.001
(13,15): 0.002
(13,5): 0.001
(20,17): 0.001
(17,14): 0.001
(15,7): 0.002
(17,18): 0.001
(18,19): 0.001
(16,18): 0.001
(28,22): 0.001
(9,10): 0.001
(8,11): 0.001
(6,13): 0.001
(14,6): 0.001
(17,15): 0.001
