(25,15): 2044
(26,22): 2366
(28,22): 548
(30,16): 1094
(21,20): 220
(25,14): 258
(23,21): 58
(28,25): 452
(32,16): 16
(28,36): 28
(25,43): 4
(26,44): 32
(27,21): 652
(23,20): 600
(24,23): 160
(24,21): 1288
(23,19): 38
(25,18): 344
(22,15): 1524
(21,0): 400
(23,16): 38
(23,10): 64
(26,15): 320
(26,19): 74
(16,18): 132
(27,19): 274
(26,23): 132
(23,9): 24
(24,20): 104
(27,20): 396
(23,15): 140
(11,12): 150
(25,22): 20
(38,16): 20
(26,21): 1316
(45,40): 58
(32,28): 8
(27,12): 260
(30,21): 158
(18,19): 256
(18,18): 404
(23,13): 32
(12,11): 148
(20,19): 352
(20,26): 6
(24,18): 130
(9,12): 4
(28,15): 300
(26,10): 44
(22,20): 122
(25,21): 392
(24,16): 48
(18,32): 14
(19,32): 36
(27,10): 194
(27,15): 70
(16,3): 8
(18,9): 8
(19,10): 8
(13,10): 24
(19,9): 14
(22,17): 156
(38,35): 148
(32,25): 268
(7,14): 234
(11,16): 378
(19,7): 28
(29,29): 8
(19,16): 40
(27,9): 22
(27,4): 80
(34,11): 40
(35,17): 170
(17,17): 426
(22,14): 52
(21,26): 4
(22,12): 116
(34,38): 8
(18,22): 34
(14,17): 98
(16,13): 44
(34,31): 30
(24,13): 8
(23,44): 30
(22,44): 16
(21,47): 46
(27,23): 4
(34,29): 90
(23,8): 4
(28,2): 30
(27,2): 150
(20,16): 364
(16,8): 74
(28,37): 68
(17,2): 54
(23,5): 160
(30,17): 108
(7,17): 4
(28,24): 78
(27,22): 314
(26,25): 152
(26,18): 14
(32,20): 40
(24,24): 24
(26,6): 14
(25,19): 26
(46,36): 124
(25,11): 22
(22,11): 10
(29,11): 20
(29,7): 14
(34,14): 6
(32,18): 30
(15,6): 134
(5,12): 58
(40,12): 86
(30,13): 28
(29,16): 18
(22,16): 52
(19,23): 54
(21,24): 18
(25,24): 146
(18,8): 32
(19,6): 16
(19,5): 12
(24,22): 112
(47,37): 12
(30,15): 4
(32,17): 64
(12,15): 32
(20,15): 196
(23,22): 8
(30,18): 10
(30,24): 10
(20,36): 6
(29,17): 42
(25,45): 234
(24,14): 70
(33,15): 12
(23,18): 20
(23,24): 32
(40,13): 2
(28,30): 10
(37,16): 24
(8,12): 12
(22,22): 50
(43,10): 82
(30,32): 20
(9,23): 54
(16,12): 50
(10,10): 94
(35,23): 10
(26,20): 132
(18,17): 96
(20,5): 10
(31,25): 6
(27,17): 58
(25,27): 20
(20,12): 26
(31,16): 96
(15,12): 2
(33,44): 20
(17,8): 2
(26,17): 26
(31,20): 32
(20,47): 18
(21,15): 118
(27,41): 46
(24,15): 18
(17,5): 2
(20,20): 70
(22,18): 176
(30,3): 80
(30,2): 18
(17,18): 8
(48,18): 12
(33,26): 8
(23,17): 22
(11,14): 68
(7,15): 32
(22,0): 102
(22,31): 14
(17,15): 4
(21,19): 18
(14,8): 10
(27,7): 38
(22,23): 6
(22,33): 4
(27,25): 10
(40,15): 78
(11,10): 6
(24,11): 2
(23,12): 46
(32,4): 4
(20,14): 16
(43,12): 10
(29,15): 6
(24,42): 38
(31,10): 40
(27,16): 38
(44,39): 32
(18,11): 12
(11,11): 4
(45,37): 6
(33,18): 6
(35,22): 2
(42,25): 2
(43,24): 2
(42,34): 8
(18,14): 2
(24,17): 6
(28,26): 8
(21,33): 6
(28,14): 20
(21,21): 6
(22,13): 18
(26,14): 12
(21,23): 24
(20,27): 36
(22,21): 10
(24,19): 30
(22,28): 32
(9,21): 18
(27,39): 158
(34,13): 14
(34,12): 10
(27,18): 14
(18,24): 26
(36,16): 44
(37,17): 80
(39,19): 16
(36,7): 10
(28,18): 8
(21,28): 8
(24,27): 2
(10,18): 4
(27,24): 14
(29,22): 6
(47,36): 4
(28,23): 88
(31,19): 14
(23,47): 14
(30,19): 6
(31,8): 38
(30,34): 70
(9,14): 4
(33,16): 52
(33,25): 24
(30,22): 10
(25,13): 18
(17,3): 68
(22,26): 10
(23,26): 2
(13,8): 10
(42,36): 34
(30,49): 86
(28,20): 88
(18,23): 40
(21,13): 2
(26,13): 4
(40,4): 14
(16,19): 24
(21,10): 6
(9,9): 4
(19,19): 4
(30,0): 2
(36,34): 58
(35,43): 18
(19,11): 6
(31,13): 16
(19,18): 8
(22,9): 2
(31,6): 6
(21,17): 14
(34,17): 12
(10,17): 6
(45,11): 62
(32,29): 32
(41,31): 2
(10,16): 4
(25,44): 14
(31,22): 4
(25,42): 4
(31,9): 2
(21,2): 22
(29,19): 2
(9,10): 30
(12,13): 4
(17,20): 4
(13,9): 44
(26,26): 2
(33,19): 4
(32,21): 10
(31,21): 2
(30,23): 2
(12,20): 8
(29,47): 8
(24,9): 2
(27,3): 10
(32,0): 4
(14,18): 4
(42,7): 2
(22,19): 8
(25,16): 46
(25,47): 4
(44,10): 2
(36,25): 6
(15,18): 10
(34,26): 12
(41,15): 4
(17,19): 14
(32,30): 16
(9,20): 2
(2,15): 4
(18,15): 2
(27,0): 2
(39,16): 4
(25,36): 22
(15,16): 2
(21,16): 6
(20,28): 32
(24,35): 10
(33,17): 6
(37,37): 10
(25,20): 22
(19,31): 2
(23,23): 6
(23,33): 8
(13,16): 2
(14,16): 2
(23,7): 8
(26,27): 18
(42,40): 2
(12,16): 8
(14,12): 6
(21,35): 16
(20,6): 4
(27,34): 14
(36,33): 14
(38,17): 6
(21,1): 10
(20,25): 2
(16,9): 2
(13,17): 2
(20,30): 10
(25,49): 12
(27,13): 2
(31,24): 2
(32,26): 2
(18,7): 2
(29,36): 10
(45,30): 8
(39,28): 12
(33,8): 10
(6,8): 2
(41,20): 4
(36,12): 46
(43,39): 10
(28,12): 4
(8,14): 6
(19,14): 2
(36,6): 4
(28,21): 10
(10,14): 4
(23,27): 12
(13,18): 16
(25,2): 2
(46,19): 2
(9,7): 6
(8,9): 2
(27,14): 2
(20,34): 2
(21,14): 6
(27,11): 2
(26,36): 2
(9,18): 2
(42,38): 8
(24,6): 2
(15,17): 2
(42,15): 2
(28,16): 2
(12,10): 2
(41,35): 2
(41,24): 6
(28,29): 2
(26,2): 4
(29,12): 2
(39,25): 12
(10,20): 2
