((5,7)(5,7)) 0.7617977528089888
((5,7)(4,4)) 0.04044943820224719
((5,7)(4,6)) 0.0022471910112359553
((5,7)(4,3)) 0.006741573033707865
((5,7)(5,4)) 0.04269662921348315
((5,7)(5,3)) 0.0044943820224719105
((5,7)(6,8)) 0.006741573033707865
((5,7)(6,6)) 0.008988764044943821
((5,7)(4,2)) 0.0044943820224719105
((5,7)(5,8)) 0.02696629213483146
((5,7)(4,8)) 0.01348314606741573
((5,7)(6,9)) 0.011235955056179775
((5,7)(8,2)) 0.0044943820224719105
((5,7)(5,5)) 0.0044943820224719105
((5,7)(5,9)) 0.008988764044943821
((5,7)(6,7)) 0.0022471910112359553
((5,7)(4,7)) 0.0044943820224719105
((5,7)(4,5)) 0.0022471910112359553
((5,7)(7,7)) 0.0022471910112359553
((5,7)(6,4)) 0.0044943820224719105
((5,7)(1,2)) 0.0022471910112359553
((5,7)(5,2)) 0.0022471910112359553
((5,7)(3,3)) 0.008988764044943821
((5,7)(3,6)) 0.0022471910112359553
((5,7)(4,9)) 0.0044943820224719105
((5,7)(8,7)) 0.008988764044943821
((5,7)(9,6)) 0.0022471910112359553
((5,7)(4,1)) 0.0022471910112359553
((5,7)(7,3)) 0.0022471910112359553
((4,4)(4,4)) 0.7759259259259259
((4,4)(5,7)) 0.005246913580246914
((4,4)(4,6)) 0.0033950617283950617
((4,4)(5,4)) 0.05771604938271605
((4,4)(2,3)) 0.009567901234567902
((4,4)(4,3)) 0.030864197530864196
((4,4)(4,2)) 0.0024691358024691358
((4,4)(3,3)) 0.01574074074074074
((4,4)(5,5)) 0.008024691358024692
((4,4)(4,9)) 0.005555555555555556
((4,4)(2,2)) 0.0049382716049382715
((4,4)(6,4)) 0.002777777777777778
((4,4)(5,3)) 0.01574074074074074
((4,4)(3,4)) 0.010185185185185186
((4,4)(6,5)) 0.002777777777777778
((4,4)(6,3)) 0.011419753086419753
((4,4)(5,2)) 0.003703703703703704
((4,4)(4,5)) 0.006481481481481481
((4,4)(4,8)) 0.0012345679012345679
((4,4)(5,0)) 0.000925925925925926
((4,4)(6,9)) 0.00030864197530864197
((4,4)(1,3)) 0.0015432098765432098
((4,4)(1,4)) 0.002777777777777778
((4,4)(7,3)) 0.0006172839506172839
((4,4)(3,6)) 0.000925925925925926
((4,4)(8,2)) 0.0012345679012345679
((4,4)(1,2)) 0.004012345679012346
((4,4)(5,9)) 0.0024691358024691358
((4,4)(5,6)) 0.0006172839506172839
((4,4)(3,1)) 0.00030864197530864197
((4,4)(2,0)) 0.00030864197530864197
((4,4)(6,0)) 0.0006172839506172839
((4,4)(4,7)) 0.0015432098765432098
((4,4)(3,0)) 0.000925925925925926
((4,4)(8,3)) 0.00030864197530864197
((4,4)(6,6)) 0.0012345679012345679
((4,4)(9,8)) 0.0006172839506172839
((4,4)(2,1)) 0.00030864197530864197
((4,4)(6,2)) 0.00030864197530864197
((4,4)(7,7)) 0.0006172839506172839
((4,4)(5,8)) 0.0006172839506172839
((4,4)(8,7)) 0.00030864197530864197
((4,4)(7,1)) 0.00030864197530864197
((4,4)(5,1)) 0.000925925925925926
((4,4)(3,2)) 0.0006172839506172839
((4,4)(3,9)) 0.00030864197530864197
((4,4)(7,4)) 0.00030864197530864197
((4,4)(2,4)) 0.00030864197530864197
((4,6)(4,6)) 0.7309941520467836
((4,6)(5,7)) 0.029239766081871343
((4,6)(6,9)) 0.029239766081871343
((4,6)(5,4)) 0.03508771929824561
((4,6)(5,3)) 0.011695906432748537
((4,6)(4,7)) 0.023391812865497075
((4,6)(4,9)) 0.005847953216374269
((4,6)(4,3)) 0.023391812865497075
((4,6)(3,6)) 0.017543859649122806
((4,6)(6,8)) 0.017543859649122806
((4,6)(4,4)) 0.04093567251461988
((4,6)(4,5)) 0.017543859649122806
((4,6)(9,7)) 0.005847953216374269
((4,6)(7,3)) 0.005847953216374269
((4,6)(3,7)) 0.005847953216374269
((4,3)(4,3)) 0.8060809193200862
((4,3)(5,7)) 0.00047881254488867607
((4,3)(5,3)) 0.03615034713909505
((4,3)(3,3)) 0.016758439071103665
((4,3)(5,4)) 0.021307158247546084
((4,3)(2,3)) 0.005266937993775437
((4,3)(3,4)) 0.0019152501795547043
((4,3)(5,2)) 0.0062245630835527895
((4,3)(4,2)) 0.014364376346660282
((4,3)(4,4)) 0.028968158965764903
((4,3)(2,2)) 0.007182188173330141
((4,3)(6,4)) 0.0011970313622216902
((4,3)(6,5)) 0.0021546564519990424
((4,3)(3,1)) 0.004309312903998085
((4,3)(4,1)) 0.0038305003591094086
((4,3)(6,3)) 0.012449126167105579
((4,3)(5,5)) 0.0011970313622216902
((4,3)(6,2)) 0.0011970313622216902
((4,3)(5,0)) 0.0011970313622216902
((4,3)(1,1)) 0.0031122815417763947
((4,3)(7,3)) 0.0011970313622216902
((4,3)(2,0)) 0.0019152501795547043
((4,3)(7,2)) 0.0007182188173330142
((4,3)(4,0)) 0.00047881254488867607
((4,3)(3,2)) 0.006942781900885803
((4,3)(5,8)) 0.0011970313622216902
((4,3)(9,8)) 0.0014364376346660283
((4,3)(6,0)) 0.0009576250897773521
((4,3)(4,5)) 0.0007182188173330142
((4,3)(4,6)) 0.0007182188173330142
((4,3)(3,6)) 0.00023940627244433804
((4,3)(8,2)) 0.0011970313622216902
((4,3)(1,2)) 0.0011970313622216902
((4,3)(3,0)) 0.0007182188173330142
((4,3)(7,4)) 0.00023940627244433804
((4,3)(1,4)) 0.0009576250897773521
((4,3)(7,7)) 0.00023940627244433804
((4,3)(6,6)) 0.0009576250897773521
((4,3)(5,9)) 0.00023940627244433804
((4,3)(6,9)) 0.0007182188173330142
((4,3)(6,1)) 0.0007182188173330142
((4,3)(5,1)) 0.00023940627244433804
((4,3)(8,6)) 0.00023940627244433804
((4,3)(9,7)) 0.00023940627244433804
((4,3)(2,1)) 0.00023940627244433804
((3,3)(3,3)) 0.7801724137931034
((3,3)(4,3)) 0.03793103448275862
((3,3)(4,4)) 0.020689655172413793
((3,3)(5,4)) 0.03017241379310345
((3,3)(5,3)) 0.02586206896551724
((3,3)(2,3)) 0.026293103448275863
((3,3)(4,2)) 0.0034482758620689655
((3,3)(1,3)) 0.0034482758620689655
((3,3)(2,2)) 0.008620689655172414
((3,3)(1,2)) 0.003879310344827586
((3,3)(3,4)) 0.009051724137931035
((3,3)(6,3)) 0.005603448275862069
((3,3)(1,4)) 0.002586206896551724
((3,3)(5,9)) 0.0008620689655172414
((3,3)(3,1)) 0.003879310344827586
((3,3)(2,0)) 0.0008620689655172414
((3,3)(4,5)) 0.001293103448275862
((3,3)(3,2)) 0.008189655172413794
((3,3)(7,3)) 0.0047413793103448275
((3,3)(5,0)) 0.0008620689655172414
((3,3)(0,2)) 0.003017241379310345
((3,3)(8,7)) 0.0004310344827586207
((3,3)(6,2)) 0.0017241379310344827
((3,3)(5,2)) 0.0034482758620689655
((3,3)(1,1)) 0.0004310344827586207
((3,3)(5,6)) 0.0008620689655172414
((3,3)(5,5)) 0.00603448275862069
((3,3)(5,8)) 0.0004310344827586207
((3,3)(5,1)) 0.0004310344827586207
((3,3)(5,7)) 0.0017241379310344827
((3,3)(7,1)) 0.0004310344827586207
((3,3)(6,9)) 0.0004310344827586207
((3,3)(6,6)) 0.0008620689655172414
((3,3)(4,6)) 0.0004310344827586207
((3,3)(4,7)) 0.0008620689655172414
((5,3)(5,3)) 0.7484914313299541
((5,3)(5,0)) 0.0065170166545981175
((5,3)(4,3)) 0.03499879314506396
((5,3)(4,2)) 0.012792662321988897
((5,3)(6,3)) 0.028481776490465845
((5,3)(5,2)) 0.025343953656770456
((5,3)(4,4)) 0.011827178373159546
((5,3)(3,3)) 0.01448225923244026
((5,3)(8,1)) 0.0004827419744146754
((5,3)(8,2)) 0.0019309678976587015
((5,3)(5,4)) 0.04730871349263818
((5,3)(4,9)) 0.0012068549360366883
((5,3)(6,6)) 0.001448225923244026
((5,3)(6,4)) 0.003861935795317403
((5,3)(5,1)) 0.002896451846488052
((5,3)(3,1)) 0.0012068549360366883
((5,3)(4,1)) 0.008447984552256819
((5,3)(6,1)) 0.002896451846488052
((5,3)(7,1)) 0.0009654839488293508
((5,3)(6,5)) 0.000724112961622013
((5,3)(4,0)) 0.00724112961622013
((5,3)(2,0)) 0.000724112961622013
((5,3)(7,3)) 0.004586048756939416
((5,3)(5,5)) 0.0024137098720733766
((5,3)(1,2)) 0.0004827419744146754
((5,3)(3,0)) 0.0033791938209027277
((5,3)(3,4)) 0.002172338884866039
((5,3)(5,8)) 0.0004827419744146754
((5,3)(2,3)) 0.0012068549360366883
((5,3)(6,0)) 0.004827419744146753
((5,3)(8,3)) 0.0012068549360366883
((5,3)(5,6)) 0.001448225923244026
((5,3)(5,9)) 0.0004827419744146754
((5,3)(6,2)) 0.001448225923244026
((5,3)(7,2)) 0.0026550808592807145
((5,3)(3,2)) 0.000724112961622013
((5,3)(2,2)) 0.0019309678976587015
((5,3)(5,7)) 0.0004827419744146754
((5,3)(2,1)) 0.0004827419744146754
((5,3)(1,4)) 0.0002413709872073377
((5,3)(9,7)) 0.0002413709872073377
((5,3)(7,6)) 0.0002413709872073377
((5,3)(4,5)) 0.0009654839488293508
((5,3)(1,3)) 0.0002413709872073377
((5,3)(9,2)) 0.0002413709872073377
((5,3)(4,8)) 0.0002413709872073377
((5,3)(6,9)) 0.001448225923244026
((5,3)(3,6)) 0.0002413709872073377
((5,3)(8,0)) 0.0002413709872073377
((5,3)(4,6)) 0.0004827419744146754
((5,3)(4,7)) 0.0004827419744146754
((5,0)(5,0)) 0.8653846153846154
((5,0)(5,3)) 0.024725274725274724
((5,0)(3,3)) 0.005494505494505495
((5,0)(5,4)) 0.024725274725274724
((5,0)(6,1)) 0.0013736263736263737
((5,0)(4,1)) 0.0027472527472527475
((5,0)(4,0)) 0.008241758241758242
((5,0)(5,1)) 0.020604395604395604
((5,0)(4,2)) 0.006868131868131868
((5,0)(5,2)) 0.01510989010989011
((5,0)(4,4)) 0.004120879120879121
((5,0)(6,3)) 0.0027472527472527475
((5,0)(6,0)) 0.0027472527472527475
((5,0)(4,3)) 0.005494505494505495
((5,0)(7,0)) 0.0013736263736263737
((5,0)(5,9)) 0.0013736263736263737
((5,0)(5,8)) 0.0013736263736263737
((5,0)(8,0)) 0.005494505494505495
((5,4)(5,4)) 0.847671777399205
((5,4)(5,2)) 0.004684838160136286
((5,4)(3,3)) 0.009085746734809767
((5,4)(5,0)) 0.002271436683702442
((5,4)(5,7)) 0.0026973310618966496
((5,4)(4,3)) 0.01192504258943782
((5,4)(4,4)) 0.024701873935264053
((5,4)(5,3)) 0.02654741624077229
((5,4)(8,2)) 0.002981260647359455
((5,4)(5,5)) 0.006672345258375923
((5,4)(4,5)) 0.0012776831345826234
((5,4)(4,2)) 0.0017035775127768314
((5,4)(6,3)) 0.01036342986939239
((5,4)(4,7)) 0.0007098239636570131
((5,4)(6,6)) 0.0026973310618966496
((5,4)(6,5)) 0.004968767745599092
((5,4)(2,3)) 0.00326519023282226
((5,4)(7,2)) 0.0005678591709256105
((5,4)(1,2)) 0.0008517887563884157
((5,4)(4,9)) 0.00042589437819420784
((5,4)(7,4)) 0.001135718341851221
((5,4)(5,6)) 0.0019875070982396364
((5,4)(3,4)) 0.0008517887563884157
((5,4)(2,2)) 0.0014196479273140261
((5,4)(7,1)) 0.00014196479273140261
((5,4)(6,4)) 0.007950028392958546
((5,4)(9,7)) 0.002271436683702442
((5,4)(7,3)) 0.0019875070982396364
((5,4)(1,4)) 0.0007098239636570131
((5,4)(9,4)) 0.00042589437819420784
((5,4)(4,0)) 0.00014196479273140261
((5,4)(4,1)) 0.0009937535491198182
((5,4)(9,2)) 0.0012776831345826234
((5,4)(5,9)) 0.0008517887563884157
((5,4)(5,8)) 0.0009937535491198182
((5,4)(2,4)) 0.00028392958546280523
((5,4)(4,6)) 0.0008517887563884157
((5,4)(8,4)) 0.0007098239636570131
((5,4)(3,5)) 0.00014196479273140261
((5,4)(5,1)) 0.0007098239636570131
((5,4)(8,7)) 0.0005678591709256105
((5,4)(2,0)) 0.00014196479273140261
((5,4)(10,4)) 0.00028392958546280523
((5,4)(8,3)) 0.0009937535491198182
((5,4)(1,3)) 0.0007098239636570131
((5,4)(8,5)) 0.00028392958546280523
((5,4)(7,6)) 0.0005678591709256105
((5,4)(3,2)) 0.0005678591709256105
((5,4)(9,8)) 0.0014196479273140261
((5,4)(7,7)) 0.00014196479273140261
((5,4)(3,6)) 0.00028392958546280523
((5,4)(9,3)) 0.00014196479273140261
((5,4)(3,0)) 0.00014196479273140261
((5,4)(6,1)) 0.00014196479273140261
((5,4)(3,1)) 0.00014196479273140261
((5,4)(7,9)) 0.00042589437819420784
((5,4)(8,6)) 0.0009937535491198182
((5,4)(6,2)) 0.00014196479273140261
((5,2)(5,2)) 0.7739602169981917
((5,2)(5,0)) 0.013562386980108499
((5,2)(5,3)) 0.09674502712477397
((5,2)(4,4)) 0.013562386980108499
((5,2)(5,4)) 0.02802893309222423
((5,2)(5,7)) 0.0018083182640144665
((5,2)(4,3)) 0.0216998191681736
((5,2)(5,1)) 0.006329113924050633
((5,2)(4,1)) 0.003616636528028933
((5,2)(6,2)) 0.007233273056057866
((5,2)(6,6)) 0.0009041591320072332
((5,2)(4,2)) 0.003616636528028933
((5,2)(3,3)) 0.006329113924050633
((5,2)(2,2)) 0.0009041591320072332
((5,2)(2,3)) 0.003616636528028933
((5,2)(4,5)) 0.0018083182640144665
((5,2)(4,7)) 0.0009041591320072332
((5,2)(4,0)) 0.0009041591320072332
((5,2)(3,9)) 0.0009041591320072332
((5,2)(6,3)) 0.0027124773960217
((5,2)(7,6)) 0.0018083182640144665
((5,2)(5,8)) 0.0018083182640144665
((5,2)(1,2)) 0.0018083182640144665
((5,2)(6,1)) 0.0018083182640144665
((5,2)(3,2)) 0.0009041591320072332
((5,2)(6,4)) 0.0009041591320072332
((5,2)(3,4)) 0.0009041591320072332
((5,2)(7,3)) 0.0009041591320072332
((4,0)(4,0)) 0.9185750636132316
((4,0)(5,3)) 0.03816793893129771
((4,0)(5,0)) 0.005089058524173028
((4,0)(5,4)) 0.002544529262086514
((4,0)(4,3)) 0.003816793893129771
((4,0)(1,2)) 0.001272264631043257
((4,0)(4,2)) 0.008905852417302799
((4,0)(4,1)) 0.020356234096692113
((4,0)(3,1)) 0.001272264631043257
((2,3)(2,3)) 0.8073394495412844
((2,3)(4,2)) 0.0009174311926605505
((2,3)(4,4)) 0.025688073394495414
((2,3)(3,3)) 0.06330275229357799
((2,3)(3,2)) 0.0009174311926605505
((2,3)(5,4)) 0.023853211009174313
((2,3)(5,3)) 0.0045871559633027525
((2,3)(1,4)) 0.009174311926605505
((2,3)(4,3)) 0.01926605504587156
((2,3)(2,2)) 0.01834862385321101
((2,3)(1,2)) 0.007339449541284404
((2,3)(2,4)) 0.0045871559633027525
((2,3)(1,3)) 0.007339449541284404
((2,3)(6,4)) 0.0009174311926605505
((2,3)(8,2)) 0.0009174311926605505
((2,3)(3,1)) 0.0027522935779816515
((2,3)(6,3)) 0.0009174311926605505
((2,3)(9,7)) 0.0009174311926605505
((2,3)(6,6)) 0.0009174311926605505
((4,2)(4,2)) 0.7253269916765755
((4,2)(4,3)) 0.07966706302021404
((4,2)(4,4)) 0.008323424494649227
((4,2)(2,2)) 0.0023781212841854932
((4,2)(5,4)) 0.016646848989298454
((4,2)(6,5)) 0.0047562425683709865
((4,2)(6,3)) 0.0035671819262782403
((4,2)(5,2)) 0.005945303210463734
((4,2)(4,1)) 0.027348394768133173
((4,2)(1,1)) 0.0047562425683709865
((4,2)(5,3)) 0.07609988109393578
((4,2)(5,0)) 0.0023781212841854932
((4,2)(3,3)) 0.007134363852556481
((4,2)(3,0)) 0.005945303210463734
((4,2)(3,1)) 0.005945303210463734
((4,2)(4,0)) 0.011890606420927468
((4,2)(3,2)) 0.0035671819262782403
((4,2)(7,5)) 0.0023781212841854932
((4,2)(5,5)) 0.0011890606420927466
((4,2)(1,3)) 0.0011890606420927466
((4,2)(5,7)) 0.0011890606420927466
((4,2)(6,2)) 0.0011890606420927466
((4,2)(2,0)) 0.0011890606420927466
((6,3)(6,3)) 0.7731910946196661
((6,3)(9,7)) 0.0027829313543599257
((6,3)(5,4)) 0.02736549165120594
((6,3)(6,2)) 0.020871985157699443
((6,3)(5,3)) 0.05333951762523191
((6,3)(4,3)) 0.025974025974025976
((6,3)(3,3)) 0.00927643784786642
((6,3)(3,4)) 0.002319109461966605
((6,3)(8,2)) 0.002319109461966605
((6,3)(4,5)) 0.0027829313543599257
((6,3)(7,3)) 0.011131725417439703
((6,3)(6,4)) 0.02504638218923933
((6,3)(7,2)) 0.0027829313543599257
((6,3)(8,0)) 0.00046382189239332097
((6,3)(5,0)) 0.0009276437847866419
((6,3)(6,5)) 0.0027829313543599257
((6,3)(5,2)) 0.0037105751391465678
((6,3)(4,4)) 0.01437847866419295
((6,3)(5,5)) 0.0009276437847866419
((6,3)(2,3)) 0.00046382189239332097
((6,3)(6,1)) 0.0018552875695732839
((6,3)(6,0)) 0.00463821892393321
((6,3)(5,1)) 0.00046382189239332097
((6,3)(1,2)) 0.0013914656771799629
((6,3)(4,1)) 0.00046382189239332097
((6,3)(8,3)) 0.0009276437847866419
((6,3)(9,3)) 0.00046382189239332097
((6,3)(7,1)) 0.0027829313543599257
((6,3)(3,2)) 0.0013914656771799629
((6,3)(4,2)) 0.00046382189239332097
((6,3)(9,2)) 0.0009276437847866419
((6,3)(9,5)) 0.00046382189239332097
((6,3)(3,6)) 0.00046382189239332097
((6,3)(5,9)) 0.00046382189239332097
((9,7)(9,7)) 0.8125
((9,7)(6,3)) 0.022321428571428572
((9,7)(5,4)) 0.04017857142857143
((9,7)(9,8)) 0.04017857142857143
((9,7)(8,1)) 0.004464285714285714
((9,7)(9,4)) 0.004464285714285714
((9,7)(8,6)) 0.013392857142857142
((9,7)(8,7)) 0.013392857142857142
((9,7)(6,5)) 0.013392857142857142
((9,7)(4,4)) 0.022321428571428572
((9,7)(3,6)) 0.004464285714285714
((9,7)(5,3)) 0.004464285714285714
((9,7)(4,3)) 0.004464285714285714
((3,4)(3,4)) 0.8067542213883677
((3,4)(4,3)) 0.013133208255159476
((3,4)(8,1)) 0.001876172607879925
((3,4)(4,4)) 0.0450281425891182
((3,4)(5,4)) 0.01876172607879925
((3,4)(4,5)) 0.009380863039399626
((3,4)(3,3)) 0.043151969981238276
((3,4)(2,3)) 0.001876172607879925
((3,4)(3,1)) 0.001876172607879925
((3,4)(1,3)) 0.001876172607879925
((3,4)(6,3)) 0.0075046904315197
((3,4)(4,2)) 0.00375234521575985
((3,4)(8,5)) 0.001876172607879925
((3,4)(7,3)) 0.00375234521575985
((3,4)(5,3)) 0.016885553470919325
((3,4)(4,7)) 0.005628517823639775
((3,4)(1,2)) 0.00375234521575985
((3,4)(7,7)) 0.001876172607879925
((3,4)(2,0)) 0.001876172607879925
((3,4)(5,5)) 0.001876172607879925
((3,4)(5,0)) 0.001876172607879925
((3,4)(8,4)) 0.001876172607879925
((3,4)(6,2)) 0.001876172607879925
((3,4)(2,4)) 0.001876172607879925
((3,2)(3,2)) 0.7653333333333333
((3,2)(2,3)) 0.0026666666666666666
((3,2)(3,3)) 0.02666666666666667
((3,2)(4,7)) 0.0026666666666666666
((3,2)(4,3)) 0.09066666666666667
((3,2)(2,2)) 0.024
((3,2)(4,4)) 0.005333333333333333
((3,2)(3,1)) 0.013333333333333334
((3,2)(6,0)) 0.0026666666666666666
((3,2)(4,2)) 0.010666666666666666
((3,2)(5,4)) 0.024
((3,2)(5,5)) 0.0026666666666666666
((3,2)(5,3)) 0.010666666666666666
((3,2)(6,3)) 0.008
((3,2)(4,5)) 0.005333333333333333
((3,2)(5,2)) 0.0026666666666666666
((3,2)(6,4)) 0.0026666666666666666
((8,2)(8,2)) 0.7708333333333334
((8,2)(5,4)) 0.041666666666666664
((8,2)(8,3)) 0.01488095238095238
((8,2)(5,3)) 0.017857142857142856
((8,2)(8,1)) 0.020833333333333332
((8,2)(6,3)) 0.023809523809523808
((8,2)(7,3)) 0.02976190476190476
((8,2)(6,4)) 0.008928571428571428
((8,2)(4,4)) 0.017857142857142856
((8,2)(9,2)) 0.017857142857142856
((8,2)(8,0)) 0.002976190476190476
((8,2)(9,4)) 0.005952380952380952
((8,2)(4,8)) 0.005952380952380952
((8,2)(7,2)) 0.005952380952380952
((8,2)(5,1)) 0.002976190476190476
((8,2)(4,3)) 0.005952380952380952
((8,2)(8,7)) 0.002976190476190476
((8,2)(8,6)) 0.002976190476190476
((8,3)(8,3)) 0.7272727272727273
((8,3)(8,6)) 0.010101010101010102
((8,3)(5,3)) 0.06060606060606061
((8,3)(8,4)) 0.010101010101010102
((8,3)(4,3)) 0.030303030303030304
((8,3)(5,4)) 0.06060606060606061
((8,3)(7,3)) 0.010101010101010102
((8,3)(8,2)) 0.04040404040404041
((8,3)(4,8)) 0.010101010101010102
((8,3)(4,9)) 0.010101010101010102
((8,3)(6,3)) 0.010101010101010102
((8,3)(6,4)) 0.010101010101010102
((8,3)(9,3)) 0.010101010101010102
((8,6)(8,6)) 0.7349397590361446
((8,6)(9,6)) 0.024096385542168676
((8,6)(2,3)) 0.024096385542168676
((8,6)(6,5)) 0.03614457831325301
((8,6)(1,4)) 0.012048192771084338
((8,6)(9,7)) 0.03614457831325301
((8,6)(5,3)) 0.012048192771084338
((8,6)(4,9)) 0.012048192771084338
((8,6)(3,6)) 0.04819277108433735
((8,6)(4,6)) 0.012048192771084338
((8,6)(8,2)) 0.012048192771084338
((8,6)(5,4)) 0.03614457831325301
((9,6)(9,6)) 0.5833333333333334
((9,6)(4,9)) 0.041666666666666664
((9,6)(7,6)) 0.041666666666666664
((9,6)(9,5)) 0.08333333333333333
((9,6)(5,7)) 0.041666666666666664
((9,6)(8,7)) 0.08333333333333333
((9,6)(9,3)) 0.041666666666666664
((9,6)(9,8)) 0.041666666666666664
((9,6)(6,6)) 0.041666666666666664
((4,9)(4,9)) 0.8349514563106796
((4,9)(5,4)) 0.009708737864077669
((4,9)(4,4)) 0.0412621359223301
((4,9)(4,5)) 0.014563106796116505
((4,9)(5,6)) 0.014563106796116505
((4,9)(5,8)) 0.007281553398058253
((4,9)(4,8)) 0.014563106796116505
((4,9)(5,9)) 0.024271844660194174
((4,9)(4,7)) 0.009708737864077669
((4,9)(4,6)) 0.0024271844660194173
((4,9)(5,3)) 0.007281553398058253
((4,9)(3,9)) 0.0048543689320388345
((4,9)(8,2)) 0.0024271844660194173
((4,9)(10,4)) 0.0048543689320388345
((4,9)(4,3)) 0.0024271844660194173
((4,9)(3,6)) 0.0024271844660194173
((4,9)(6,9)) 0.0024271844660194173
((5,5)(5,5)) 0.7855113636363636
((5,5)(4,4)) 0.036931818181818184
((5,5)(6,3)) 0.002840909090909091
((5,5)(5,4)) 0.05397727272727273
((5,5)(6,6)) 0.005681818181818182
((5,5)(4,9)) 0.0014204545454545455
((5,5)(5,6)) 0.011363636363636364
((5,5)(6,5)) 0.011363636363636364
((5,5)(4,2)) 0.008522727272727272
((5,5)(7,3)) 0.0014204545454545455
((5,5)(5,3)) 0.015625
((5,5)(4,5)) 0.005681818181818182
((5,5)(5,7)) 0.005681818181818182
((5,5)(8,3)) 0.0014204545454545455
((5,5)(5,9)) 0.014204545454545454
((5,5)(7,4)) 0.005681818181818182
((5,5)(3,3)) 0.008522727272727272
((5,5)(4,3)) 0.009943181818181818
((5,5)(5,8)) 0.004261363636363636
((5,5)(4,6)) 0.0014204545454545455
((5,5)(4,8)) 0.0014204545454545455
((5,5)(3,4)) 0.0014204545454545455
((5,5)(1,2)) 0.0014204545454545455
((5,5)(4,0)) 0.0014204545454545455
((5,5)(8,5)) 0.0014204545454545455
((5,5)(2,3)) 0.0014204545454545455
((6,2)(6,2)) 0.7374301675977654
((6,2)(5,3)) 0.013966480446927373
((6,2)(6,3)) 0.12849162011173185
((6,2)(4,3)) 0.0335195530726257
((6,2)(6,0)) 0.0111731843575419
((6,2)(6,5)) 0.002793296089385475
((6,2)(6,1)) 0.01675977653631285
((6,2)(3,1)) 0.00558659217877095
((6,2)(5,4)) 0.0111731843575419
((6,2)(6,4)) 0.008379888268156424
((6,2)(7,2)) 0.008379888268156424
((6,2)(4,5)) 0.002793296089385475
((6,2)(4,4)) 0.002793296089385475
((6,2)(5,2)) 0.008379888268156424
((6,2)(7,1)) 0.002793296089385475
((6,2)(3,3)) 0.00558659217877095
((2,2)(2,2)) 0.8218390804597702
((2,2)(3,2)) 0.0028735632183908046
((2,2)(3,3)) 0.020114942528735632
((2,2)(4,3)) 0.033524904214559385
((2,2)(2,1)) 0.005747126436781609
((2,2)(1,2)) 0.04118773946360153
((2,2)(5,7)) 0.0009578544061302681
((2,2)(1,4)) 0.0009578544061302681
((2,2)(2,3)) 0.01532567049808429
((2,2)(3,0)) 0.0028735632183908046
((2,2)(3,1)) 0.01053639846743295
((2,2)(0,2)) 0.0019157088122605363
((2,2)(4,5)) 0.0009578544061302681
((2,2)(6,3)) 0.0028735632183908046
((2,2)(1,1)) 0.005747126436781609
((2,2)(4,4)) 0.017241379310344827
((2,2)(1,3)) 0.0028735632183908046
((2,2)(5,3)) 0.007662835249042145
((2,2)(5,4)) 0.0028735632183908046
((2,2)(4,2)) 0.0009578544061302681
((2,2)(7,3)) 0.0009578544061302681
((2,1)(2,1)) 0.7686567164179104
((2,1)(5,4)) 0.007462686567164179
((2,1)(3,1)) 0.05223880597014925
((2,1)(2,2)) 0.04477611940298507
((2,1)(4,3)) 0.022388059701492536
((2,1)(2,0)) 0.022388059701492536
((2,1)(1,1)) 0.022388059701492536
((2,1)(1,2)) 0.007462686567164179
((2,1)(5,3)) 0.007462686567164179
((2,1)(1,3)) 0.04477611940298507
((4,5)(4,5)) 0.7099236641221374
((4,5)(2,2)) 0.003816793893129771
((4,5)(3,4)) 0.022900763358778626
((4,5)(5,3)) 0.015267175572519083
((4,5)(5,4)) 0.019083969465648856
((4,5)(3,3)) 0.011450381679389313
((4,5)(4,4)) 0.07251908396946564
((4,5)(4,3)) 0.015267175572519083
((4,5)(6,3)) 0.030534351145038167
((4,5)(5,7)) 0.007633587786259542
((4,5)(4,9)) 0.030534351145038167
((4,5)(5,2)) 0.011450381679389313
((4,5)(4,6)) 0.015267175572519083
((4,5)(3,2)) 0.019083969465648856
((4,5)(3,6)) 0.003816793893129771
((4,5)(5,5)) 0.007633587786259542
((4,5)(7,3)) 0.003816793893129771
((1,2)(1,2)) 0.775112443778111
((1,2)(2,2)) 0.049475262368815595
((1,2)(4,4)) 0.017991004497751123
((1,2)(1,3)) 0.053973013493253376
((1,2)(3,3)) 0.008995502248875561
((1,2)(3,1)) 0.008995502248875561
((1,2)(0,2)) 0.014992503748125937
((1,2)(2,3)) 0.017991004497751123
((1,2)(5,3)) 0.0029985007496251873
((1,2)(8,4)) 0.0014992503748125937
((1,2)(1,1)) 0.0014992503748125937
((1,2)(2,1)) 0.004497751124437781
((1,2)(2,0)) 0.0014992503748125937
((1,2)(5,4)) 0.013493253373313344
((1,2)(3,5)) 0.0014992503748125937
((1,2)(5,0)) 0.0014992503748125937
((1,2)(4,3)) 0.0074962518740629685
((1,2)(6,3)) 0.0014992503748125937
((1,2)(7,3)) 0.004497751124437781
((1,2)(3,0)) 0.005997001499250375
((1,2)(5,5)) 0.0014992503748125937
((1,2)(0,3)) 0.0014992503748125937
((1,2)(3,6)) 0.0014992503748125937
((1,4)(1,4)) 0.7788018433179723
((1,4)(4,2)) 0.004608294930875576
((1,4)(3,3)) 0.04608294930875576
((1,4)(4,4)) 0.055299539170506916
((1,4)(5,3)) 0.013824884792626729
((1,4)(2,3)) 0.018433179723502304
((1,4)(4,7)) 0.004608294930875576
((1,4)(3,4)) 0.004608294930875576
((1,4)(5,4)) 0.018433179723502304
((1,4)(2,4)) 0.018433179723502304
((1,4)(4,3)) 0.009216589861751152
((1,4)(3,6)) 0.004608294930875576
((1,4)(1,3)) 0.004608294930875576
((1,4)(6,5)) 0.004608294930875576
((1,4)(3,5)) 0.004608294930875576
((1,4)(5,1)) 0.004608294930875576
((1,4)(5,8)) 0.004608294930875576
((6,6)(6,6)) 0.7676470588235295
((6,6)(9,6)) 0.0029411764705882353
((6,6)(6,5)) 0.05588235294117647
((6,6)(4,4)) 0.014705882352941176
((6,6)(4,2)) 0.0058823529411764705
((6,6)(5,4)) 0.020588235294117647
((6,6)(5,2)) 0.0029411764705882353
((6,6)(6,4)) 0.014705882352941176
((6,6)(5,6)) 0.0058823529411764705
((6,6)(5,3)) 0.03529411764705882
((6,6)(1,1)) 0.0029411764705882353
((6,6)(8,5)) 0.008823529411764706
((6,6)(3,3)) 0.008823529411764706
((6,6)(4,3)) 0.01764705882352941
((6,6)(5,8)) 0.0058823529411764705
((6,6)(7,6)) 0.0058823529411764705
((6,6)(5,5)) 0.008823529411764706
((6,6)(5,9)) 0.0058823529411764705
((6,6)(5,7)) 0.0029411764705882353
((6,6)(1,4)) 0.0029411764705882353
((6,6)(7,8)) 0.0029411764705882353
((7,6)(7,6)) 0.696969696969697
((7,6)(6,6)) 0.015151515151515152
((7,6)(8,7)) 0.045454545454545456
((7,6)(5,4)) 0.06060606060606061
((7,6)(5,2)) 0.015151515151515152
((7,6)(6,5)) 0.015151515151515152
((7,6)(4,3)) 0.030303030303030304
((7,6)(6,4)) 0.045454545454545456
((7,6)(7,8)) 0.030303030303030304
((7,6)(5,9)) 0.015151515151515152
((7,6)(7,7)) 0.015151515151515152
((7,6)(9,8)) 0.015151515151515152
((6,5)(6,5)) 0.7337461300309598
((6,5)(6,6)) 0.02631578947368421
((6,5)(2,3)) 0.0015479876160990713
((6,5)(5,4)) 0.08513931888544891
((6,5)(6,4)) 0.04179566563467492
((6,5)(4,4)) 0.010835913312693499
((6,5)(6,3)) 0.007739938080495356
((6,5)(5,3)) 0.006191950464396285
((6,5)(4,3)) 0.017027863777089782
((6,5)(9,8)) 0.006191950464396285
((6,5)(6,2)) 0.0015479876160990713
((6,5)(7,5)) 0.007739938080495356
((6,5)(10,4)) 0.0015479876160990713
((6,5)(4,2)) 0.0030959752321981426
((6,5)(8,6)) 0.0046439628482972135
((6,5)(7,4)) 0.0030959752321981426
((6,5)(5,2)) 0.0015479876160990713
((6,5)(9,7)) 0.0030959752321981426
((6,5)(7,3)) 0.0030959752321981426
((6,5)(9,4)) 0.0030959752321981426
((6,5)(8,7)) 0.0030959752321981426
((6,5)(6,7)) 0.0015479876160990713
((6,5)(5,5)) 0.0030959752321981426
((6,5)(7,6)) 0.0030959752321981426
((6,5)(8,4)) 0.007739938080495356
((6,5)(5,9)) 0.0046439628482972135
((6,5)(3,3)) 0.0015479876160990713
((6,5)(1,4)) 0.0015479876160990713
((6,5)(5,1)) 0.0015479876160990713
((6,5)(9,5)) 0.0015479876160990713
((6,5)(6,1)) 0.0015479876160990713
((6,4)(6,4)) 0.7167630057803468
((6,4)(6,6)) 0.010115606936416185
((6,4)(5,4)) 0.09104046242774566
((6,4)(6,5)) 0.05346820809248555
((6,4)(8,2)) 0.004335260115606936
((6,4)(6,3)) 0.05202312138728324
((6,4)(5,3)) 0.011560693641618497
((6,4)(4,3)) 0.005780346820809248
((6,4)(4,4)) 0.010115606936416185
((6,4)(9,2)) 0.001445086705202312
((6,4)(7,3)) 0.0072254335260115606
((6,4)(5,6)) 0.001445086705202312
((6,4)(8,3)) 0.001445086705202312
((6,4)(7,2)) 0.002890173410404624
((6,4)(6,2)) 0.004335260115606936
((6,4)(2,3)) 0.002890173410404624
((6,4)(7,7)) 0.001445086705202312
((6,4)(5,5)) 0.001445086705202312
((6,4)(1,4)) 0.001445086705202312
((6,4)(7,4)) 0.004335260115606936
((6,4)(8,7)) 0.001445086705202312
((6,4)(9,8)) 0.005780346820809248
((6,4)(4,5)) 0.001445086705202312
((6,4)(5,2)) 0.004335260115606936
((6,4)(3,2)) 0.001445086705202312
((3,1)(3,1)) 0.8102466793168881
((3,1)(4,3)) 0.036053130929791274
((3,1)(2,1)) 0.017077798861480076
((3,1)(5,4)) 0.003795066413662239
((3,1)(3,0)) 0.024667931688804556
((3,1)(2,2)) 0.015180265654648957
((3,1)(3,3)) 0.015180265654648957
((3,1)(3,4)) 0.011385199240986717
((3,1)(1,2)) 0.013282732447817837
((3,1)(2,0)) 0.011385199240986717
((3,1)(3,2)) 0.011385199240986717
((3,1)(5,3)) 0.0056925996204933585
((3,1)(6,2)) 0.003795066413662239
((3,1)(7,0)) 0.0018975332068311196
((3,1)(4,2)) 0.003795066413662239
((3,1)(2,3)) 0.0056925996204933585
((3,1)(8,0)) 0.0018975332068311196
((3,1)(4,1)) 0.0018975332068311196
((3,1)(4,0)) 0.003795066413662239
((3,1)(5,2)) 0.0018975332068311196
((4,1)(4,1)) 0.7763401109057301
((4,1)(4,3)) 0.024029574861367836
((4,1)(5,3)) 0.04805914972273567
((4,1)(4,2)) 0.06839186691312385
((4,1)(5,2)) 0.009242144177449169
((4,1)(5,4)) 0.011090573012939002
((4,1)(3,0)) 0.014787430683918669
((4,1)(5,5)) 0.0018484288354898336
((4,1)(3,3)) 0.0036968576709796672
((4,1)(4,0)) 0.022181146025878003
((4,1)(4,4)) 0.0073937153419593345
((4,1)(3,2)) 0.0036968576709796672
((4,1)(5,0)) 0.0036968576709796672
((4,1)(5,1)) 0.0018484288354898336
((4,1)(1,4)) 0.0018484288354898336
((4,1)(2,2)) 0.0018484288354898336
((4,7)(4,7)) 0.7904191616766467
((4,7)(3,2)) 0.005988023952095809
((4,7)(4,4)) 0.041916167664670656
((4,7)(4,6)) 0.023952095808383235
((4,7)(4,9)) 0.029940119760479042
((4,7)(5,4)) 0.029940119760479042
((4,7)(4,8)) 0.005988023952095809
((4,7)(3,7)) 0.011976047904191617
((4,7)(5,3)) 0.029940119760479042
((4,7)(3,5)) 0.005988023952095809
((4,7)(8,0)) 0.005988023952095809
((4,7)(3,6)) 0.005988023952095809
((4,7)(5,7)) 0.005988023952095809
((4,7)(3,3)) 0.005988023952095809
((8,1)(8,1)) 0.8849557522123894
((8,1)(6,4)) 0.008849557522123894
((8,1)(5,3)) 0.02654867256637168
((8,1)(7,2)) 0.008849557522123894
((8,1)(8,2)) 0.05309734513274336
((8,1)(8,6)) 0.008849557522123894
((8,1)(2,2)) 0.008849557522123894
((7,2)(7,2)) 0.6272727272727273
((7,2)(6,3)) 0.06363636363636363
((7,2)(6,1)) 0.00909090909090909
((7,2)(7,1)) 0.045454545454545456
((7,2)(5,3)) 0.10909090909090909
((7,2)(4,2)) 0.01818181818181818
((7,2)(5,1)) 0.00909090909090909
((7,2)(5,2)) 0.00909090909090909
((7,2)(5,9)) 0.01818181818181818
((7,2)(8,2)) 0.03636363636363636
((7,2)(6,2)) 0.02727272727272727
((7,2)(4,3)) 0.01818181818181818
((7,2)(5,4)) 0.00909090909090909
((7,3)(7,3)) 0.7762096774193549
((7,3)(5,4)) 0.036290322580645164
((7,3)(1,3)) 0.0020161290322580645
((7,3)(5,3)) 0.024193548387096774
((7,3)(3,3)) 0.02217741935483871
((7,3)(9,2)) 0.010080645161290322
((7,3)(6,3)) 0.04838709677419355
((7,3)(8,2)) 0.024193548387096774
((7,3)(4,3)) 0.010080645161290322
((7,3)(3,4)) 0.0020161290322580645
((7,3)(1,2)) 0.0020161290322580645
((7,3)(7,2)) 0.010080645161290322
((7,3)(6,0)) 0.0020161290322580645
((7,3)(4,4)) 0.006048387096774193
((7,3)(8,4)) 0.0020161290322580645
((7,3)(5,2)) 0.004032258064516129
((7,3)(4,2)) 0.0020161290322580645
((7,3)(4,5)) 0.0020161290322580645
((7,3)(6,4)) 0.004032258064516129
((7,3)(6,5)) 0.004032258064516129
((7,3)(5,7)) 0.004032258064516129
((7,3)(8,3)) 0.0020161290322580645
((1,3)(1,3)) 0.7380952380952381
((1,3)(1,2)) 0.09863945578231292
((1,3)(2,3)) 0.03741496598639456
((1,3)(3,3)) 0.023809523809523808
((1,3)(4,4)) 0.023809523809523808
((1,3)(2,2)) 0.006802721088435374
((1,3)(3,0)) 0.003401360544217687
((1,3)(5,4)) 0.02040816326530612
((1,3)(3,4)) 0.003401360544217687
((1,3)(1,4)) 0.003401360544217687
((1,3)(5,3)) 0.003401360544217687
((1,3)(5,6)) 0.003401360544217687
((1,3)(3,2)) 0.006802721088435374
((1,3)(4,1)) 0.003401360544217687
((1,3)(1,1)) 0.003401360544217687
((1,3)(2,1)) 0.017006802721088437
((1,3)(0,3)) 0.003401360544217687
((6,8)(6,8)) 0.8148148148148148
((6,8)(5,7)) 0.05555555555555555
((6,8)(3,6)) 0.018518518518518517
((6,8)(4,6)) 0.018518518518518517
((6,8)(6,7)) 0.037037037037037035
((6,8)(4,8)) 0.05555555555555555
((7,8)(7,8)) 0.6956521739130435
((7,8)(6,7)) 0.043478260869565216
((7,8)(7,7)) 0.043478260869565216
((7,8)(7,6)) 0.08695652173913043
((7,8)(6,5)) 0.043478260869565216
((7,8)(5,8)) 0.043478260869565216
((7,8)(3,3)) 0.043478260869565216
((6,7)(6,7)) 0.7692307692307693
((6,7)(6,6)) 0.038461538461538464
((6,7)(5,7)) 0.038461538461538464
((6,7)(4,6)) 0.038461538461538464
((6,7)(6,8)) 0.038461538461538464
((6,7)(7,8)) 0.038461538461538464
((6,7)(6,4)) 0.038461538461538464
((6,1)(6,1)) 0.6981132075471698
((6,1)(7,1)) 0.018867924528301886
((6,1)(5,3)) 0.12264150943396226
((6,1)(6,3)) 0.04716981132075472
((6,1)(2,2)) 0.018867924528301886
((6,1)(5,2)) 0.018867924528301886
((6,1)(4,3)) 0.03773584905660377
((6,1)(6,0)) 0.02830188679245283
((6,1)(5,4)) 0.009433962264150943
((7,1)(7,1)) 0.7699115044247787
((7,1)(5,3)) 0.035398230088495575
((7,1)(7,2)) 0.02654867256637168
((7,1)(4,4)) 0.008849557522123894
((7,1)(4,3)) 0.008849557522123894
((7,1)(3,3)) 0.008849557522123894
((7,1)(6,2)) 0.035398230088495575
((7,1)(6,1)) 0.008849557522123894
((7,1)(6,3)) 0.04424778761061947
((7,1)(4,5)) 0.008849557522123894
((7,1)(8,0)) 0.008849557522123894
((7,1)(6,0)) 0.02654867256637168
((7,1)(5,4)) 0.008849557522123894
((7,4)(7,4)) 0.6888888888888889
((7,4)(5,4)) 0.08888888888888889
((7,4)(5,5)) 0.07777777777777778
((7,4)(6,5)) 0.05555555555555555
((7,4)(9,4)) 0.011111111111111112
((7,4)(7,3)) 0.011111111111111112
((7,4)(6,4)) 0.011111111111111112
((7,4)(8,4)) 0.022222222222222223
((7,4)(7,5)) 0.03333333333333333
((5,1)(5,1)) 0.7560975609756098
((5,1)(5,3)) 0.07804878048780488
((5,1)(5,2)) 0.03414634146341464
((5,1)(5,0)) 0.06829268292682927
((5,1)(4,2)) 0.004878048780487805
((5,1)(2,3)) 0.004878048780487805
((5,1)(3,3)) 0.00975609756097561
((5,1)(5,4)) 0.01951219512195122
((5,1)(4,9)) 0.004878048780487805
((5,1)(6,0)) 0.004878048780487805
((5,1)(4,4)) 0.00975609756097561
((5,1)(4,3)) 0.004878048780487805
((8,0)(8,0)) 0.8785046728971962
((8,0)(4,4)) 0.009345794392523364
((8,0)(8,1)) 0.018691588785046728
((8,0)(5,4)) 0.009345794392523364
((8,0)(7,1)) 0.018691588785046728
((8,0)(8,7)) 0.009345794392523364
((8,0)(5,0)) 0.04672897196261682
((8,0)(5,3)) 0.009345794392523364
((5,6)(5,6)) 0.6923076923076923
((5,6)(4,9)) 0.038461538461538464
((5,6)(5,5)) 0.05128205128205128
((5,6)(5,9)) 0.01282051282051282
((5,6)(5,4)) 0.12179487179487179
((5,6)(5,3)) 0.02564102564102564
((5,6)(5,8)) 0.02564102564102564
((5,6)(1,4)) 0.00641025641025641
((5,6)(7,4)) 0.00641025641025641
((5,6)(2,3)) 0.00641025641025641
((5,6)(6,6)) 0.00641025641025641
((5,6)(4,4)) 0.00641025641025641
((5,8)(5,8)) 0.7833333333333333
((5,8)(5,6)) 0.006666666666666667
((5,8)(5,9)) 0.03
((5,8)(4,8)) 0.01
((5,8)(5,7)) 0.04
((5,8)(8,4)) 0.0033333333333333335
((5,8)(4,9)) 0.006666666666666667
((5,8)(4,3)) 0.02
((5,8)(4,4)) 0.013333333333333334
((5,8)(5,5)) 0.02666666666666667
((5,8)(3,3)) 0.01
((5,8)(5,4)) 0.02
((5,8)(9,8)) 0.01
((5,8)(6,5)) 0.0033333333333333335
((5,8)(5,3)) 0.0033333333333333335
((5,8)(5,0)) 0.0033333333333333335
((5,8)(7,3)) 0.0033333333333333335
((5,8)(6,6)) 0.0033333333333333335
((5,8)(7,8)) 0.0033333333333333335
((5,9)(5,9)) 0.8448687350835322
((5,9)(4,9)) 0.031026252983293555
((5,9)(3,3)) 0.002386634844868735
((5,9)(5,8)) 0.026252983293556086
((5,9)(6,9)) 0.00477326968973747
((5,9)(6,6)) 0.00954653937947494
((5,9)(4,4)) 0.016706443914081145
((5,9)(5,3)) 0.002386634844868735
((5,9)(6,4)) 0.002386634844868735
((5,9)(5,4)) 0.014319809069212411
((5,9)(5,5)) 0.021479713603818614
((5,9)(4,8)) 0.002386634844868735
((5,9)(3,6)) 0.002386634844868735
((5,9)(5,0)) 0.002386634844868735
((5,9)(7,6)) 0.002386634844868735
((5,9)(5,7)) 0.00477326968973747
((5,9)(6,5)) 0.007159904534606206
((5,9)(6,3)) 0.002386634844868735
((3,0)(3,0)) 0.8798283261802575
((3,0)(3,1)) 0.030042918454935622
((3,0)(2,2)) 0.012875536480686695
((3,0)(1,2)) 0.008583690987124463
((3,0)(5,3)) 0.01072961373390558
((3,0)(4,2)) 0.01072961373390558
((3,0)(4,1)) 0.034334763948497854
((3,0)(5,8)) 0.002145922746781116
((3,0)(5,2)) 0.002145922746781116
((3,0)(4,3)) 0.004291845493562232
((3,0)(2,3)) 0.002145922746781116
((3,0)(4,4)) 0.002145922746781116
((1,1)(1,1)) 0.7894736842105263
((1,1)(4,2)) 0.03289473684210526
((1,1)(3,1)) 0.006578947368421052
((1,1)(5,4)) 0.006578947368421052
((1,1)(4,4)) 0.006578947368421052
((1,1)(5,3)) 0.019736842105263157
((1,1)(4,3)) 0.039473684210526314
((1,1)(2,1)) 0.019736842105263157
((1,1)(1,2)) 0.013157894736842105
((1,1)(2,2)) 0.05263157894736842
((1,1)(3,2)) 0.013157894736842105
((4,8)(4,8)) 0.6923076923076923
((4,8)(4,9)) 0.0673076923076923
((4,8)(5,4)) 0.009615384615384616
((4,8)(5,7)) 0.057692307692307696
((4,8)(5,8)) 0.019230769230769232
((4,8)(4,7)) 0.019230769230769232
((4,8)(3,6)) 0.019230769230769232
((4,8)(8,2)) 0.019230769230769232
((4,8)(8,3)) 0.009615384615384616
((4,8)(9,3)) 0.028846153846153848
((4,8)(4,3)) 0.009615384615384616
((4,8)(4,6)) 0.009615384615384616
((4,8)(7,9)) 0.009615384615384616
((4,8)(4,4)) 0.009615384615384616
((4,8)(5,9)) 0.009615384615384616
((4,8)(6,5)) 0.009615384615384616
((9,4)(9,4)) 0.6923076923076923
((9,4)(5,4)) 0.07692307692307693
((9,4)(8,4)) 0.038461538461538464
((9,4)(9,5)) 0.038461538461538464
((9,4)(9,6)) 0.019230769230769232
((9,4)(5,7)) 0.019230769230769232
((9,4)(8,0)) 0.019230769230769232
((9,4)(9,2)) 0.019230769230769232
((9,4)(8,7)) 0.019230769230769232
((9,4)(6,2)) 0.019230769230769232
((9,4)(6,5)) 0.038461538461538464
((7,7)(7,7)) 0.7837837837837838
((7,7)(8,7)) 0.02702702702702703
((7,7)(8,8)) 0.013513513513513514
((7,7)(5,7)) 0.02702702702702703
((7,7)(4,4)) 0.02702702702702703
((7,7)(5,4)) 0.013513513513513514
((7,7)(9,6)) 0.013513513513513514
((7,7)(9,8)) 0.06756756756756757
((7,7)(6,7)) 0.02702702702702703
((8,7)(8,7)) 0.8494623655913979
((8,7)(8,8)) 0.005376344086021506
((8,7)(9,8)) 0.021505376344086023
((8,7)(3,3)) 0.005376344086021506
((8,7)(5,4)) 0.010752688172043012
((8,7)(5,7)) 0.03763440860215054
((8,7)(6,4)) 0.010752688172043012
((8,7)(9,7)) 0.016129032258064516
((8,7)(9,6)) 0.005376344086021506
((8,7)(7,6)) 0.021505376344086023
((8,7)(4,4)) 0.005376344086021506
((8,7)(8,6)) 0.005376344086021506
((8,7)(3,4)) 0.005376344086021506
((8,8)(8,8)) 0.7027027027027027
((8,8)(9,8)) 0.1891891891891892
((8,8)(7,6)) 0.02702702702702703
((8,8)(8,7)) 0.02702702702702703
((8,8)(5,4)) 0.05405405405405406
((9,8)(9,8)) 0.7175141242937854
((9,8)(7,7)) 0.03389830508474576
((9,8)(8,8)) 0.04519774011299435
((9,8)(4,3)) 0.02824858757062147
((9,8)(6,5)) 0.022598870056497175
((9,8)(9,7)) 0.03389830508474576
((9,8)(1,4)) 0.005649717514124294
((9,8)(5,4)) 0.04519774011299435
((9,8)(5,8)) 0.01694915254237288
((9,8)(8,7)) 0.005649717514124294
((9,8)(8,4)) 0.011299435028248588
((9,8)(4,9)) 0.005649717514124294
((9,8)(6,4)) 0.022598870056497175
((9,8)(6,3)) 0.005649717514124294
((2,0)(2,0)) 0.7070707070707071
((2,0)(4,3)) 0.10101010101010101
((2,0)(3,1)) 0.08080808080808081
((2,0)(2,1)) 0.010101010101010102
((2,0)(1,2)) 0.010101010101010102
((2,0)(1,1)) 0.010101010101010102
((2,0)(5,4)) 0.030303030303030304
((2,0)(3,3)) 0.020202020202020204
((2,0)(4,4)) 0.010101010101010102
((2,0)(5,3)) 0.010101010101010102
((2,0)(4,2)) 0.010101010101010102
((6,9)(6,9)) 0.7777777777777778
((6,9)(4,6)) 0.04040404040404041
((6,9)(3,3)) 0.010101010101010102
((6,9)(5,7)) 0.04040404040404041
((6,9)(4,3)) 0.030303030303030304
((6,9)(3,4)) 0.010101010101010102
((6,9)(5,4)) 0.010101010101010102
((6,9)(5,3)) 0.06060606060606061
((6,9)(7,9)) 0.010101010101010102
((6,9)(4,4)) 0.010101010101010102
((0,2)(0,2)) 0.6041666666666666
((0,2)(0,3)) 0.125
((0,2)(2,2)) 0.0625
((0,2)(5,3)) 0.10416666666666667
((0,2)(1,2)) 0.10416666666666667
((0,3)(0,3)) 0.7333333333333333
((0,3)(1,2)) 0.1
((0,3)(1,3)) 0.03333333333333333
((0,3)(6,1)) 0.03333333333333333
((0,3)(0,2)) 0.06666666666666667
((0,3)(2,2)) 0.03333333333333333
((9,2)(9,2)) 0.7717391304347826
((9,2)(7,3)) 0.03260869565217391
((9,2)(5,4)) 0.08695652173913043
((9,2)(6,4)) 0.021739130434782608
((9,2)(9,3)) 0.010869565217391304
((9,2)(8,1)) 0.021739130434782608
((9,2)(8,2)) 0.043478260869565216
((9,2)(6,3)) 0.010869565217391304
((8,4)(8,4)) 0.7162162162162162
((8,4)(5,4)) 0.05405405405405406
((8,4)(2,2)) 0.013513513513513514
((8,4)(9,4)) 0.04054054054054054
((8,4)(6,6)) 0.013513513513513514
((8,4)(7,4)) 0.02702702702702703
((8,4)(6,5)) 0.06756756756756757
((8,4)(9,7)) 0.02702702702702703
((8,4)(7,2)) 0.013513513513513514
((8,4)(5,5)) 0.02702702702702703
((2,4)(2,4)) 0.6410256410256411
((2,4)(3,3)) 0.10256410256410256
((2,4)(2,3)) 0.07692307692307693
((2,4)(5,4)) 0.05128205128205128
((2,4)(1,4)) 0.07692307692307693
((2,4)(2,2)) 0.02564102564102564
((2,4)(4,5)) 0.02564102564102564
((3,6)(3,6)) 0.875
((3,6)(4,6)) 0.019230769230769232
((3,6)(4,4)) 0.014423076923076924
((3,6)(6,8)) 0.004807692307692308
((3,6)(4,5)) 0.014423076923076924
((3,6)(5,3)) 0.004807692307692308
((3,6)(5,9)) 0.004807692307692308
((3,6)(9,7)) 0.004807692307692308
((3,6)(5,4)) 0.004807692307692308
((3,6)(8,6)) 0.019230769230769232
((3,6)(5,1)) 0.004807692307692308
((3,6)(4,7)) 0.009615384615384616
((3,6)(3,7)) 0.004807692307692308
((3,6)(3,4)) 0.009615384615384616
((3,6)(1,2)) 0.004807692307692308
((6,0)(6,0)) 0.7486631016042781
((6,0)(6,1)) 0.0053475935828877
((6,0)(5,3)) 0.10695187165775401
((6,0)(4,3)) 0.0213903743315508
((6,0)(6,2)) 0.026737967914438502
((6,0)(7,0)) 0.016042780748663103
((6,0)(6,3)) 0.058823529411764705
((6,0)(6,5)) 0.0053475935828877
((6,0)(7,1)) 0.0106951871657754
((3,7)(3,7)) 0.7894736842105263
((3,7)(3,6)) 0.10526315789473684
((3,7)(4,7)) 0.10526315789473684
((9,3)(9,3)) 0.6818181818181818
((9,3)(8,3)) 0.09090909090909091
((9,3)(8,2)) 0.045454545454545456
((9,3)(5,4)) 0.045454545454545456
((9,3)(4,8)) 0.13636363636363635
((3,5)(3,5)) 0.5
((3,5)(1,1)) 0.125
((3,5)(3,4)) 0.25
((3,5)(6,6)) 0.125
((8,5)(8,5)) 0.8974358974358975
((8,5)(6,5)) 0.02564102564102564
((8,5)(6,6)) 0.02564102564102564
((8,5)(9,6)) 0.02564102564102564
((8,5)(8,4)) 0.02564102564102564
((9,5)(9,5)) 0.75
((9,5)(9,4)) 0.14285714285714285
((9,5)(9,6)) 0.03571428571428571
((9,5)(9,3)) 0.03571428571428571
((9,5)(7,5)) 0.03571428571428571
((7,5)(7,5)) 0.5714285714285714
((7,5)(8,6)) 0.03571428571428571
((7,5)(6,5)) 0.10714285714285714
((7,5)(4,3)) 0.03571428571428571
((7,5)(4,2)) 0.07142857142857142
((7,5)(6,1)) 0.03571428571428571
((7,5)(7,4)) 0.14285714285714285
((10,4)(10,4)) 0.5555555555555556
((10,4)(6,5)) 0.1111111111111111
((10,4)(5,4)) 0.1111111111111111
((10,4)(8,6)) 0.1111111111111111
((10,4)(9,6)) 0.1111111111111111
((7,0)(7,0)) 0.6875
((7,0)(3,2)) 0.0625
((7,0)(6,1)) 0.125
((7,0)(6,2)) 0.0625
((7,0)(6,0)) 0.0625
((3,9)(3,9)) 0.6666666666666666
((3,9)(3,6)) 0.16666666666666666
((3,9)(4,9)) 0.16666666666666666
((7,9)(7,9)) 0.6153846153846154
((7,9)(5,4)) 0.23076923076923078
((7,9)(6,8)) 0.15384615384615385
