(5,7): 0.013
(3,3): 0.065
(5,4): 0.111
(4,0): 0.025
(4,3): 0.078
(6,3): 0.058
(2,3): 0.027
(4,2): 0.021
(4,4): 0.074
(5,5): 0.02
(5,2): 0.033
(6,2): 0.014
(2,2): 0.03
(1,4): 0.018
(6,6): 0.01
(2,1): 0.006
(4,7): 0.006
(6,5): 0.015
(8,2): 0.007
(5,3): 0.104
(4,9): 0.007
(7,8): 0.003
(7,4): 0.004
(8,0): 0.005
(5,6): 0.008
(4,1): 0.015
(3,0): 0.009
(6,1): 0.003
(3,1): 0.015
(1,1): 0.006
(4,5): 0.006
(4,8): 0.002
(5,0): 0.017
(3,4): 0.005
(6,4): 0.011
(3,2): 0.011
(5,9): 0.012
(7,7): 0.003
(6,9): 0.003
(7,3): 0.016
(2,0): 0.007
(1,2): 0.017
(4,6): 0.007
(3,6): 0.003
(5,8): 0.008
(8,4): 0.003
(8,3): 0.004
(8,8): 0.002
(6,0): 0.004
(1,3): 0.006
(6,7): 0.001
(9,7): 0.009
(7,2): 0.002
(7,6): 0.002
(8,6): 0.003
(9,4): 0.002
(8,7): 0.004
(9,2): 0.002
(9,5): 0.001
(5,1): 0.006
(2,4): 0.002
(7,1): 0.004
(7,9): 0.001
(3,7): 0.001
(9,8): 0.001
(7,5): 0.001
(8,1): 0.001
