(5,7): 0.009
(5,0): 0.02
(4,0): 0.026
(4,3): 0.089
(9,7): 0.01
(5,3): 0.085
(2,3): 0.024
(4,2): 0.025
(4,4): 0.058
(4,9): 0.016
(5,5): 0.022
(5,4): 0.13
(6,2): 0.012
(5,2): 0.024
(2,2): 0.034
(6,6): 0.012
(2,1): 0.006
(4,7): 0.007
(6,5): 0.012
(8,1): 0.003
(6,3): 0.048
(3,3): 0.04
(7,2): 0.002
(1,4): 0.017
(8,0): 0.003
(5,6): 0.004
(3,1): 0.013
(3,0): 0.008
(6,1): 0.008
(4,1): 0.017
(5,1): 0.007
(5,9): 0.013
(6,4): 0.016
(1,3): 0.006
(9,8): 0.007
(4,5): 0.008
(4,8): 0.002
(6,9): 0.005
(7,3): 0.014
(9,2): 0.006
(1,2): 0.017
(3,4): 0.007
(4,6): 0.007
(3,2): 0.011
(5,8): 0.006
(2,4): 0.001
(8,2): 0.014
(3,7): 0.001
(0,2): 0.002
(8,4): 0.004
(1,1): 0.006
(6,0): 0.009
(8,5): 0.003
(8,7): 0.004
(3,6): 0.006
(2,0): 0.005
(6,7): 0.002
(10,4): 0.001
(8,3): 0.003
(3,9): 0.002
(9,4): 0.002
(8,6): 0.005
(7,6): 0.002
(7,7): 0.002
(9,3): 0.002
(7,1): 0.003
(8,8): 0.001
(7,9): 0.001
(7,4): 0.002
(7,8): 0.001
