(24,13): 0.004
(9,23): 0.015
(18,19): 0.021
(24,21): 0.031
(25,15): 0.054
(21,47): 0.004
(7,15): 0.002
(16,13): 0.008
(19,16): 0.004
(12,11): 0.013
(22,15): 0.037
(14,8): 0.003
(20,19): 0.013
(26,22): 0.042
(16,12): 0.006
(26,49): 0.001
(28,22): 0.022
(25,14): 0.003
(27,19): 0.011
(22,16): 0.005
(25,36): 0.004
(19,32): 0.004
(23,21): 0.003
(25,22): 0.003
(26,20): 0.01
(8,9): 0.001
(21,24): 0.001
(36,34): 0.005
(18,7): 0.001
(25,21): 0.009
(19,11): 0.001
(22,18): 0.01
(25,45): 0.013
(25,13): 0.001
(27,22): 0.006
(27,16): 0.001
(40,4): 0.004
(26,25): 0.002
(23,26): 0.002
(30,16): 0.028
(25,48): 0.001
(33,15): 0.002
(27,0): 0.003
(46,36): 0.006
(16,19): 0.004
(27,4): 0.005
(27,3): 0.001
(26,15): 0.007
(22,0): 0.002
(26,21): 0.013
(45,38): 0.001
(12,15): 0.002
(23,20): 0.011
(47,26): 0.001
(17,22): 0.001
(24,14): 0.002
(34,31): 0.001
(22,30): 0.001
(25,26): 0.001
(21,35): 0.003
(31,6): 0.001
(23,15): 0.003
(27,24): 0.003
(34,13): 0.003
(10,10): 0.006
(28,17): 0.001
(35,26): 0.002
(41,35): 0.001
(23,19): 0.004
(29,13): 0.001
(31,20): 0.004
(18,18): 0.017
(21,19): 0.002
(21,0): 0.011
(23,16): 0.003
(23,47): 0.001
(27,12): 0.006
(11,8): 0.001
(15,6): 0.005
(24,16): 0.002
(17,3): 0.002
(6,18): 0.001
(26,10): 0.002
(17,17): 0.008
(22,20): 0.005
(17,19): 0.003
(7,14): 0.009
(23,24): 0.001
(19,23): 0.001
(33,25): 0.001
(21,1): 0.002
(16,18): 0.003
(18,16): 0.001
(26,23): 0.006
(15,16): 0.001
(25,19): 0.002
(23,6): 0.002
(25,2): 0.001
(26,13): 0.003
(30,21): 0.005
(42,40): 0.001
(15,19): 0.002
(28,14): 0.001
(27,2): 0.009
(29,18): 0.002
(26,9): 0.001
(30,49): 0.005
(21,16): 0.001
(12,13): 0.002
(27,20): 0.008
(20,16): 0.006
(10,12): 0.001
(28,21): 0.002
(23,12): 0.003
(27,10): 0.004
(5,12): 0.004
(17,2): 0.002
(18,17): 0.003
(15,17): 0.001
(32,25): 0.006
(25,18): 0.004
(27,7): 0.004
(24,35): 0.002
(14,17): 0.002
(16,8): 0.003
(23,18): 0.002
(27,18): 0.004
(30,18): 0.002
(32,17): 0.003
(18,3): 0.001
(30,24): 0.002
(24,18): 0.002
(43,24): 0.002
(27,21): 0.005
(28,30): 0.002
(29,10): 0.001
(23,17): 0.003
(27,15): 0.002
(20,6): 0.001
(10,19): 0.001
(42,12): 0.001
(28,15): 0.007
(25,16): 0.003
(30,15): 0.003
(7,8): 0.001
(48,23): 0.001
(27,17): 0.002
(29,36): 0.003
(23,44): 0.002
(14,6): 0.001
(22,24): 0.001
(22,22): 0.003
(22,3): 0.001
(9,9): 0.002
(45,11): 0.002
(29,49): 0.001
(43,38): 0.001
(25,42): 0.001
(24,23): 0.002
(21,15): 0.001
(6,14): 0.001
(30,20): 0.001
(10,17): 0.002
(13,9): 0.003
(7,12): 0.001
(20,30): 0.001
(47,37): 0.001
(45,40): 0.005
(9,13): 0.001
(11,16): 0.007
(21,20): 0.008
(6,8): 0.001
(24,22): 0.004
(30,34): 0.002
(41,24): 0.002
(31,10): 0.003
(25,11): 0.002
(8,12): 0.001
(23,13): 0.001
(18,9): 0.002
(35,17): 0.004
(14,5): 0.001
(28,23): 0.002
(26,27): 0.001
(25,20): 0.001
(32,43): 0.001
(19,48): 0.001
(50,22): 0.001
(13,4): 0.002
(20,47): 0.001
(21,9): 0.002
(16,17): 0.001
(27,41): 0.005
(34,10): 0.001
(28,18): 0.001
(39,24): 0.001
(34,17): 0.002
(13,18): 0.003
(23,7): 0.002
(20,14): 0.001
(18,13): 0.001
(22,12): 0.003
(10,14): 0.001
(9,7): 0.001
(8,15): 0.002
(25,27): 0.002
(19,15): 0.002
(24,20): 0.001
(26,14): 0.002
(10,16): 0.002
(25,5): 0.001
(43,12): 0.003
(25,47): 0.001
(39,35): 0.002
(44,10): 0.001
(20,15): 0.002
(21,14): 0.001
(47,35): 0.001
(35,43): 0.001
(23,10): 0.002
(28,26): 0.001
(15,5): 0.001
(31,12): 0.001
(8,10): 0.001
(22,13): 0.001
(29,22): 0.001
(28,24): 0.001
(42,36): 0.001
(34,11): 0.001
(28,16): 0.001
(31,16): 0.002
(22,28): 0.001
(8,8): 0.001
(16,14): 0.001
(29,8): 0.001
(35,18): 0.001
(43,10): 0.001
(35,23): 0.001
(30,22): 0.001
(40,15): 0.001
(19,19): 0.001
(27,42): 0.001
(16,16): 0.001
(23,28): 0.001
(30,19): 0.002
(18,15): 0.002
(20,27): 0.002
(13,15): 0.001
(28,20): 0.002
(33,16): 0.001
(26,19): 0.002
(18,0): 0.001
(20,5): 0.003
(35,15): 0.001
(30,2): 0.001
(21,49): 0.001
(21,13): 0.001
(17,10): 0.001
(27,39): 0.003
(42,34): 0.001
(32,30): 0.001
(31,17): 0.001
(29,21): 0.001
(31,19): 0.002
(36,15): 0.001
(30,27): 0.001
(28,25): 0.002
(32,4): 0.001
(23,22): 0.001
(33,31): 0.002
(22,17): 0.001
(27,5): 0.001
(30,17): 0.001
(24,12): 0.001
(22,9): 0.001
(49,17): 0.001
(27,25): 0.001
(26,17): 0.002
(26,41): 0.001
(29,17): 0.002
(24,0): 0.001
(12,19): 0.001
(20,8): 0.001
(22,14): 0.001
(19,14): 0.001
(37,16): 0.001
(33,14): 0.001
(20,18): 0.001
(32,18): 0.001
(24,27): 0.001
(31,11): 0.001
(27,13): 0.001
(34,26): 0.002
(33,29): 0.001
(25,28): 0.001
(31,29): 0.001
(29,24): 0.001
(28,37): 0.001
(19,18): 0.002
(24,9): 0.001
(18,22): 0.002
(24,45): 0.001
(25,12): 0.001
(23,33): 0.001
(30,23): 0.001
(19,20): 0.001
(32,20): 0.001
(20,46): 0.001
(37,37): 0.001
(27,28): 0.002
(28,12): 0.001
(33,18): 0.001
(23,8): 0.001
(48,17): 0.001
(15,18): 0.001
(29,19): 0.001
(38,16): 0.001
(15,15): 0.001
(30,32): 0.001
(34,25): 0.001
(23,5): 0.001
(43,29): 0.001
(11,10): 0.001
