(24,13): 0.003
(9,23): 0.012
(30,21): 0.008
(23,21): 0.006
(21,0): 0.011
(25,15): 0.039
(22,15): 0.037
(16,18): 0.004
(30,16): 0.031
(24,21): 0.036
(17,19): 0.002
(26,13): 0.002
(14,8): 0.003
(7,14): 0.015
(8,9): 0.005
(29,20): 0.002
(16,12): 0.004
(32,25): 0.009
(26,49): 0.002
(28,22): 0.02
(27,20): 0.005
(27,4): 0.005
(22,16): 0.004
(26,22): 0.055
(12,11): 0.012
(21,45): 0.002
(18,32): 0.003
(18,9): 0.001
(26,25): 0.007
(24,11): 0.001
(23,18): 0.001
(9,9): 0.001
(19,21): 0.001
(36,34): 0.002
(19,10): 0.001
(11,13): 0.001
(28,25): 0.004
(17,16): 0.001
(25,45): 0.015
(42,34): 0.002
(24,22): 0.004
(20,15): 0.003
(16,13): 0.003
(41,10): 0.001
(9,12): 0.003
(32,20): 0.004
(30,18): 0.001
(21,19): 0.003
(40,4): 0.007
(49,17): 0.001
(14,17): 0.001
(26,15): 0.013
(24,27): 0.002
(26,36): 0.003
(18,19): 0.009
(34,15): 0.002
(28,15): 0.003
(21,18): 0.001
(46,36): 0.006
(12,15): 0.004
(23,12): 0.003
(31,11): 0.002
(27,2): 0.007
(44,33): 0.001
(34,31): 0.003
(23,26): 0.002
(33,8): 0.002
(18,18): 0.015
(21,35): 0.004
(42,8): 0.001
(33,17): 0.001
(31,6): 0.001
(26,23): 0.003
(26,24): 0.002
(17,17): 0.004
(31,29): 0.002
(10,10): 0.009
(23,13): 0.004
(27,12): 0.005
(21,47): 0.003
(29,13): 0.001
(33,31): 0.001
(31,9): 0.003
(22,4): 0.002
(28,29): 0.003
(21,32): 0.001
(11,8): 0.001
(15,6): 0.002
(24,16): 0.003
(17,3): 0.006
(23,9): 0.003
(30,10): 0.001
(25,9): 0.001
(11,10): 0.004
(22,18): 0.004
(8,13): 0.002
(23,33): 0.001
(19,23): 0.002
(30,23): 0.001
(18,16): 0.002
(28,18): 0.001
(25,18): 0.003
(18,3): 0.002
(31,10): 0.002
(20,46): 0.002
(23,47): 0.001
(25,2): 0.003
(27,0): 0.002
(26,32): 0.001
(45,31): 0.001
(11,17): 0.001
(29,14): 0.001
(27,22): 0.004
(22,12): 0.003
(23,20): 0.008
(11,15): 0.002
(33,18): 0.001
(26,9): 0.002
(30,49): 0.003
(23,8): 0.002
(35,17): 0.008
(12,14): 0.002
(21,24): 0.003
(31,20): 0.004
(45,11): 0.003
(27,10): 0.005
(33,15): 0.003
(35,8): 0.001
(38,16): 0.003
(27,29): 0.001
(5,12): 0.003
(16,3): 0.003
(19,18): 0.003
(15,15): 0.002
(22,27): 0.001
(24,35): 0.001
(9,6): 0.001
(32,27): 0.002
(34,25): 0.002
(32,0): 0.003
(27,18): 0.001
(26,21): 0.012
(36,6): 0.002
(43,12): 0.003
(25,22): 0.003
(29,10): 0.002
(30,17): 0.005
(4,12): 0.001
(20,6): 0.003
(12,18): 0.001
(24,2): 0.001
(40,18): 0.001
(29,23): 0.002
(23,16): 0.002
(46,23): 0.002
(30,13): 0.002
(13,17): 0.001
(28,17): 0.001
(20,12): 0.003
(43,10): 0.002
(25,27): 0.002
(28,37): 0.001
(29,21): 0.001
(23,15): 0.006
(22,23): 0.001
(22,22): 0.002
(7,15): 0.003
(22,3): 0.001
(13,13): 0.001
(43,29): 0.002
(44,39): 0.002
(22,31): 0.002
(20,30): 0.003
(19,32): 0.004
(24,24): 0.001
(22,14): 0.001
(30,20): 0.001
(13,9): 0.002
(8,10): 0.001
(30,39): 0.001
(45,40): 0.004
(12,16): 0.002
(23,5): 0.003
(23,19): 0.002
(7,10): 0.001
(29,36): 0.003
(27,21): 0.004
(21,20): 0.003
(9,21): 0.002
(35,24): 0.001
(26,38): 0.001
(43,24): 0.002
(32,3): 0.001
(40,15): 0.002
(31,8): 0.001
(34,17): 0.001
(13,5): 0.001
(7,16): 0.002
(36,43): 0.001
(23,48): 0.001
(28,24): 0.002
(13,3): 0.001
(24,43): 0.001
(19,4): 0.001
(13,18): 0.001
(42,24): 0.001
(37,14): 0.001
(34,10): 0.001
(16,19): 0.001
(33,19): 0.001
(20,36): 0.001
(20,16): 0.001
(18,22): 0.003
(23,6): 0.002
(26,14): 0.002
(26,43): 0.002
(35,23): 0.001
(11,16): 0.004
(24,18): 0.001
(25,5): 0.001
(29,11): 0.001
(22,20): 0.003
(16,8): 0.005
(32,30): 0.003
(21,17): 0.001
(34,38): 0.001
(27,24): 0.002
(23,24): 0.001
(23,10): 0.002
(48,35): 0.001
(29,5): 0.002
(38,35): 0.001
(27,14): 0.001
(20,20): 0.001
(26,20): 0.005
(35,43): 0.001
(24,8): 0.001
(28,26): 0.002
(27,39): 0.003
(32,28): 0.001
(26,19): 0.003
(20,19): 0.006
(21,2): 0.002
(21,1): 0.002
(29,22): 0.001
(30,24): 0.002
(34,13): 0.002
(27,41): 0.003
(42,35): 0.001
(34,11): 0.002
(14,12): 0.001
(28,16): 0.001
(31,16): 0.001
(30,33): 0.001
(36,7): 0.001
(39,35): 0.001
(31,32): 0.001
(16,14): 0.001
(38,17): 0.002
(8,15): 0.001
(11,14): 0.001
(9,18): 0.001
(30,22): 0.002
(38,21): 0.001
(13,15): 0.002
(47,27): 0.001
(25,47): 0.002
(23,30): 0.001
(20,27): 0.003
(46,19): 0.001
(21,28): 0.001
(25,21): 0.002
(41,18): 0.001
(22,17): 0.001
(21,15): 0.003
(22,11): 0.001
(18,0): 0.001
(19,6): 0.001
(15,7): 0.003
(30,2): 0.001
(37,10): 0.001
(15,19): 0.001
(21,49): 0.001
(31,21): 0.001
(41,41): 0.001
(40,13): 0.001
(42,36): 0.001
(19,11): 0.001
(23,44): 0.002
(22,6): 0.001
(20,47): 0.002
(27,19): 0.001
(25,24): 0.001
(29,6): 0.001
(18,15): 0.001
(37,45): 0.001
(45,15): 0.001
(18,17): 0.002
(28,20): 0.001
(6,8): 0.001
(34,30): 0.001
(27,7): 0.002
(16,16): 0.001
(14,13): 0.001
(25,11): 0.001
(27,15): 0.002
(27,25): 0.001
(21,9): 0.002
(26,17): 0.001
(13,10): 0.002
(17,8): 0.002
(45,20): 0.001
(33,14): 0.001
(23,7): 0.001
(32,18): 0.001
(28,2): 0.001
(13,19): 0.001
(23,25): 0.001
(33,26): 0.001
(10,17): 0.001
(34,29): 0.001
(28,23): 0.001
(26,12): 0.001
(28,30): 0.001
(30,32): 0.001
(29,15): 0.001
(27,31): 0.001
(25,12): 0.001
(47,36): 0.001
(33,25): 0.001
(24,23): 0.001
(15,17): 0.001
(14,19): 0.001
(28,12): 0.001
(34,18): 0.001
(35,18): 0.001
(22,26): 0.001
(23,14): 0.002
(17,22): 0.001
(10,23): 0.001
(29,16): 0.001
(23,11): 0.001
(27,28): 0.001
(25,32): 0.001
(21,46): 0.001
(26,10): 0.001
(25,49): 0.001
