(22,6): 0.002
(35,17): 0.007
(27,0): 0.004
(30,49): 0.006
(26,21): 0.015
(20,27): 0.006
(30,21): 0.005
(20,16): 0.005
(32,21): 0.001
(24,21): 0.03
(21,2): 0.003
(13,18): 0.002
(26,22): 0.051
(23,10): 0.002
(25,47): 0.002
(14,18): 0.001
(27,12): 0.009
(28,25): 0.009
(34,30): 0.001
(24,22): 0.005
(25,45): 0.014
(18,17): 0.002
(26,15): 0.007
(18,19): 0.014
(7,14): 0.011
(21,0): 0.01
(15,6): 0.007
(26,23): 0.006
(13,3): 0.003
(18,16): 0.002
(22,15): 0.032
(46,36): 0.006
(22,16): 0.002
(25,15): 0.032
(28,15): 0.005
(27,2): 0.005
(11,16): 0.013
(31,10): 0.005
(30,16): 0.037
(27,19): 0.011
(22,21): 0.001
(23,21): 0.004
(32,28): 0.004
(11,10): 0.002
(24,1): 0.001
(21,35): 0.007
(31,20): 0.001
(21,20): 0.006
(27,25): 0.001
(13,9): 0.002
(19,11): 0.004
(16,11): 0.001
(27,22): 0.009
(9,21): 0.002
(14,8): 0.001
(29,20): 0.003
(26,41): 0.001
(23,24): 0.003
(31,13): 0.002
(27,4): 0.007
(12,11): 0.019
(18,9): 0.001
(16,13): 0.002
(8,9): 0.003
(45,40): 0.003
(25,21): 0.006
(17,17): 0.01
(26,10): 0.005
(42,34): 0.002
(38,25): 0.001
(20,19): 0.005
(20,15): 0.003
(40,4): 0.004
(23,26): 0.002
(25,36): 0.002
(9,12): 0.003
(23,12): 0.005
(43,10): 0.004
(41,14): 0.001
(33,29): 0.001
(21,10): 0.002
(10,17): 0.001
(27,24): 0.001
(34,13): 0.002
(9,10): 0.003
(9,23): 0.014
(21,47): 0.007
(37,23): 0.001
(21,19): 0.003
(28,30): 0.005
(28,22): 0.008
(24,16): 0.001
(30,32): 0.003
(23,9): 0.002
(14,6): 0.001
(26,13): 0.002
(23,11): 0.001
(27,21): 0.003
(17,19): 0.001
(23,20): 0.016
(25,22): 0.002
(18,22): 0.001
(26,27): 0.003
(25,2): 0.001
(18,18): 0.009
(28,14): 0.003
(29,21): 0.001
(23,44): 0.001
(33,18): 0.002
(23,19): 0.004
(23,8): 0.002
(12,13): 0.002
(10,12): 0.001
(24,14): 0.005
(24,20): 0.001
(45,11): 0.003
(33,15): 0.001
(22,20): 0.002
(16,18): 0.006
(22,19): 0.002
(38,16): 0.003
(10,10): 0.006
(27,28): 0.002
(5,12): 0.006
(17,2): 0.002
(27,39): 0.003
(24,35): 0.002
(25,18): 0.008
(32,25): 0.004
(21,21): 0.002
(27,41): 0.004
(32,17): 0.003
(26,9): 0.001
(43,12): 0.005
(39,16): 0.001
(28,17): 0.003
(11,18): 0.002
(30,3): 0.003
(25,16): 0.002
(22,0): 0.01
(30,13): 0.002
(25,27): 0.004
(30,19): 0.002
(22,3): 0.002
(34,29): 0.001
(46,30): 0.001
(22,18): 0.006
(14,17): 0.005
(30,39): 0.001
(8,12): 0.002
(26,2): 0.002
(30,23): 0.002
(20,12): 0.002
(7,15): 0.004
(13,15): 0.003
(31,8): 0.002
(37,3): 0.002
(30,34): 0.003
(25,20): 0.003
(19,14): 0.002
(20,47): 0.002
(23,33): 0.001
(13,4): 0.002
(19,6): 0.002
(19,4): 0.002
(33,24): 0.001
(31,9): 0.002
(13,20): 0.002
(26,19): 0.001
(35,23): 0.001
(20,36): 0.001
(17,3): 0.004
(34,32): 0.001
(17,18): 0.002
(3,14): 0.001
(27,20): 0.003
(32,0): 0.002
(25,24): 0.001
(29,36): 0.003
(29,11): 0.001
(25,49): 0.002
(21,17): 0.001
(47,35): 0.001
(27,15): 0.002
(23,13): 0.001
(23,15): 0.001
(28,16): 0.001
(11,12): 0.002
(28,13): 0.001
(19,31): 0.002
(42,36): 0.002
(26,20): 0.003
(31,16): 0.001
(22,31): 0.001
(39,35): 0.001
(30,24): 0.001
(19,32): 0.003
(27,10): 0.001
(17,16): 0.001
(28,24): 0.003
(11,14): 0.001
(10,18): 0.001
(27,16): 0.001
(28,23): 0.001
(23,17): 0.002
(27,42): 0.001
(46,19): 0.001
(23,27): 0.001
(34,11): 0.001
(33,16): 0.001
(21,15): 0.001
(25,11): 0.001
(15,13): 0.002
(16,12): 0.002
(36,34): 0.001
(37,12): 0.001
(21,49): 0.002
(8,15): 0.001
(29,2): 0.001
(31,22): 0.001
(40,41): 0.001
(18,49): 0.001
(20,13): 0.001
(45,37): 0.001
(28,46): 0.001
(27,18): 0.002
(32,24): 0.001
(28,36): 0.001
(24,23): 0.001
(42,38): 0.001
(18,15): 0.001
(46,23): 0.001
(36,15): 0.001
(36,46): 0.001
(25,14): 0.004
(26,25): 0.002
(32,30): 0.001
(31,25): 0.002
(27,5): 0.001
(33,8): 0.002
(30,17): 0.001
(35,19): 0.001
(30,0): 0.001
(28,2): 0.001
(24,12): 0.001
(27,7): 0.001
(22,12): 0.002
(19,35): 0.001
(26,14): 0.003
(23,25): 0.001
(24,13): 0.001
(26,17): 0.001
(24,19): 0.001
(16,8): 0.002
(32,29): 0.001
(33,1): 0.001
(38,24): 0.001
(33,14): 0.001
(23,7): 0.001
(24,27): 0.001
(12,15): 0.001
(31,11): 0.001
(10,16): 0.001
(34,31): 0.002
(22,30): 0.001
(21,16): 0.002
(29,17): 0.001
(31,29): 0.001
(28,37): 0.001
(37,17): 0.001
(20,24): 0.001
(18,32): 0.001
(23,16): 0.001
(45,30): 0.001
(8,13): 0.001
(23,6): 0.001
(27,13): 0.001
(38,18): 0.001
(25,32): 0.001
(31,12): 0.002
(22,45): 0.001
(21,24): 0.001
(28,20): 0.002
(30,18): 0.002
(19,16): 0.001
(12,18): 0.001
(15,17): 0.003
(23,34): 0.002
(34,25): 0.001
(38,6): 0.001
(20,6): 0.001
(42,12): 0.001
(42,18): 0.001
(7,17): 0.001
(20,32): 0.001
(22,24): 0.001
(22,22): 0.002
(42,7): 0.001
(34,26): 0.001
(43,38): 0.001
(20,8): 0.001
(13,11): 0.002
(8,10): 0.001
(30,40): 0.001
(32,19): 0.001
(9,13): 0.001
(12,16): 0.001
(23,5): 0.001
(23,47): 0.001
(32,36): 0.001
(50,22): 0.001
(22,23): 0.001
(19,23): 0.001
(34,7): 0.001
(17,15): 0.001
(16,16): 0.001
(20,46): 0.001
(45,25): 0.001
(34,10): 0.001
(39,24): 0.001
(22,17): 0.001
(25,13): 0.001
(22,4): 0.001
