(22,6): 0.002
(24,21): 0.039
(27,0): 0.005
(24,22): 0.003
(20,47): 0.004
(30,49): 0.006
(31,21): 0.001
(20,16): 0.005
(36,15): 0.002
(21,1): 0.003
(14,17): 0.003
(26,22): 0.038
(21,0): 0.02
(25,27): 0.004
(25,47): 0.002
(14,18): 0.003
(25,15): 0.046
(32,25): 0.007
(7,14): 0.008
(23,9): 0.003
(25,45): 0.012
(23,17): 0.003
(23,22): 0.001
(19,10): 0.001
(26,25): 0.003
(16,18): 0.004
(22,15): 0.023
(6,8): 0.002
(20,30): 0.001
(14,3): 0.002
(29,10): 0.002
(7,15): 0.005
(25,2): 0.001
(26,6): 0.002
(28,22): 0.018
(24,15): 0.002
(28,20): 0.002
(26,15): 0.003
(25,11): 0.002
(11,16): 0.007
(28,25): 0.007
(31,9): 0.001
(30,16): 0.035
(20,46): 0.001
(21,35): 0.008
(27,21): 0.007
(25,49): 0.003
(27,25): 0.002
(27,12): 0.005
(31,17): 0.001
(22,14): 0.003
(23,48): 0.001
(26,17): 0.001
(14,8): 0.003
(18,19): 0.007
(29,20): 0.002
(26,41): 0.001
(23,27): 0.001
(29,15): 0.001
(27,4): 0.009
(6,10): 0.001
(18,9): 0.001
(25,12): 0.001
(8,9): 0.005
(45,40): 0.002
(11,13): 0.001
(24,13): 0.001
(42,34): 0.003
(38,24): 0.002
(16,13): 0.002
(33,14): 0.003
(21,15): 0.003
(21,13): 0.001
(22,18): 0.004
(12,11): 0.01
(40,4): 0.005
(27,3): 0.002
(25,28): 0.001
(25,36): 0.002
(27,2): 0.008
(37,10): 0.001
(47,37): 0.002
(12,15): 0.003
(23,12): 0.002
(29,16): 0.001
(42,30): 0.001
(10,16): 0.002
(23,24): 0.002
(34,31): 0.002
(26,23): 0.006
(17,3): 0.005
(42,8): 0.002
(17,17): 0.005
(26,24): 0.003
(31,29): 0.001
(10,10): 0.009
(9,23): 0.007
(21,24): 0.005
(28,37): 0.003
(21,47): 0.007
(21,20): 0.008
(20,24): 0.001
(18,32): 0.001
(28,29): 0.001
(24,16): 0.003
(15,7): 0.002
(33,8): 0.003
(30,32): 0.002
(18,17): 0.003
(15,6): 0.005
(26,10): 0.002
(19,19): 0.002
(37,9): 0.001
(26,21): 0.02
(18,18): 0.01
(12,21): 0.001
(18,22): 0.006
(32,20): 0.002
(23,47): 0.003
(23,6): 0.003
(10,17): 0.002
(29,14): 0.001
(11,15): 0.002
(33,18): 0.003
(26,9): 0.002
(28,26): 0.001
(23,8): 0.003
(20,27): 0.002
(35,18): 0.002
(12,13): 0.002
(28,15): 0.007
(16,12): 0.003
(11,10): 0.002
(45,11): 0.004
(10,23): 0.001
(0,31): 0.002
(27,22): 0.005
(38,16): 0.003
(27,19): 0.001
(27,29): 0.002
(21,19): 0.002
(8,13): 0.001
(16,3): 0.004
(27,39): 0.004
(15,15): 0.001
(11,18): 0.001
(24,35): 0.002
(27,24): 0.003
(31,25): 0.003
(21,21): 0.001
(27,41): 0.006
(23,15): 0.002
(23,16): 0.001
(43,12): 0.004
(22,16): 0.001
(19,32): 0.002
(39,16): 0.002
(4,12): 0.002
(20,6): 0.002
(30,3): 0.002
(40,19): 0.002
(23,18): 0.002
(35,17): 0.003
(21,2): 0.003
(20,12): 0.004
(43,10): 0.003
(30,15): 0.002
(33,16): 0.002
(22,3): 0.001
(34,29): 0.002
(43,38): 0.001
(20,29): 0.001
(46,19): 0.003
(8,10): 0.001
(13,3): 0.003
(30,40): 0.002
(9,12): 0.001
(12,16): 0.003
(26,2): 0.001
(31,10): 0.004
(31,13): 0.003
(22,21): 0.001
(25,18): 0.004
(50,22): 0.001
(40,15): 0.003
(23,14): 0.001
(32,0): 0.003
(12,10): 0.001
(13,11): 0.003
(8,18): 0.001
(23,33): 0.001
(13,4): 0.002
(19,4): 0.002
(16,16): 0.002
(43,25): 0.001
(27,9): 0.001
(19,14): 0.002
(27,20): 0.003
(6,13): 0.001
(5,16): 0.002
(3,14): 0.002
(30,17): 0.003
(24,18): 0.004
(30,34): 0.003
(29,11): 0.001
(32,16): 0.001
(41,35): 0.002
(21,18): 0.001
(27,10): 0.003
(39,28): 0.002
(26,45): 0.001
(9,14): 0.001
(27,15): 0.001
(23,20): 0.005
(26,20): 0.003
(6,18): 0.001
(8,14): 0.001
(20,19): 0.003
(21,46): 0.001
(46,36): 0.004
(42,36): 0.003
(34,12): 0.001
(32,17): 0.001
(31,16): 0.002
(23,25): 0.001
(27,14): 0.001
(40,35): 0.001
(28,24): 0.002
(30,24): 0.001
(31,31): 0.001
(8,12): 0.001
(28,21): 0.001
(19,16): 0.001
(30,21): 0.005
(29,8): 0.001
(22,12): 0.001
(11,14): 0.001
(10,18): 0.001
(30,0): 0.001
(26,27): 0.002
(24,14): 0.001
(27,42): 0.001
(30,19): 0.001
(34,11): 0.001
(24,23): 0.003
(23,11): 0.001
(19,6): 0.001
(21,10): 0.002
(30,2): 0.001
(21,49): 0.001
(25,16): 0.001
(5,13): 0.001
(31,22): 0.002
(41,41): 0.001
(42,37): 0.001
(28,46): 0.001
(41,24): 0.001
(27,35): 0.001
(19,11): 0.001
(20,36): 0.002
(19,23): 0.001
(24,9): 0.001
(18,16): 0.001
(16,26): 0.002
(49,17): 0.001
(21,28): 0.001
(36,6): 0.001
(19,9): 0.001
(12,19): 0.001
(27,7): 0.001
(22,9): 0.001
(25,21): 0.003
(34,15): 0.001
(11,11): 0.002
(26,14): 0.001
(16,19): 0.001
(33,1): 0.001
(23,7): 0.001
(33,15): 0.002
(48,18): 0.001
(24,27): 0.001
(5,12): 0.002
(44,33): 0.001
(30,27): 0.001
(23,26): 0.001
(31,12): 0.001
(31,19): 0.001
(23,21): 0.003
(32,28): 0.002
(9,10): 0.001
(37,23): 0.001
(28,30): 0.001
(25,9): 0.001
(27,31): 0.001
(24,24): 0.001
(10,6): 0.001
(25,13): 0.001
(23,2): 0.001
(38,18): 0.001
(26,32): 0.001
(20,18): 0.001
(15,19): 0.001
(28,14): 0.001
(45,34): 0.001
(23,44): 0.001
(26,19): 0.002
(6,14): 0.001
(22,22): 0.002
(18,24): 0.001
(11,17): 0.001
(23,34): 0.001
(26,16): 0.001
(30,18): 0.001
(13,19): 0.001
(38,6): 0.001
(27,18): 0.002
(16,8): 0.001
(12,18): 0.001
(41,14): 0.001
(29,23): 0.001
(47,26): 0.001
(30,13): 0.001
(23,10): 0.001
(7,13): 0.001
(13,17): 0.001
(21,32): 0.002
(47,27): 0.001
(5,8): 0.001
(3,12): 0.001
(16,10): 0.001
(24,17): 0.001
(23,30): 0.001
(31,20): 0.001
(32,23): 0.001
(43,39): 0.001
(20,10): 0.001
(25,44): 0.001
(8,17): 0.001
(32,19): 0.001
(25,14): 0.002
(8,8): 0.001
(10,12): 0.001
(26,3): 0.001
(22,0): 0.001
(26,43): 0.002
(31,24): 0.001
(45,30): 0.001
(13,12): 0.001
(31,8): 0.001
(23,13): 0.001
(37,3): 0.001
(13,9): 0.001
(13,18): 0.001
(26,13): 0.001
(22,20): 0.001
(19,21): 0.001
(18,49): 0.001
(42,29): 0.001
(43,8): 0.001
(37,14): 0.001
(22,19): 0.001
(8,11): 0.001
(40,18): 0.001
(26,26): 0.001
(23,23): 0.001
