(8,10): 0.008
(13,9): 0.04
(19,17): 0.001
(12,27): 0.001
(14,12): 0.047
(16,16): 0.001
(17,21): 0.002
(18,12): 0.003
(18,9): 0.031
(15,9): 0.06
(12,11): 0.014
(11,11): 0.022
(10,5): 0.001
(13,13): 0.005
(11,10): 0.006
(15,8): 0.005
(5,5): 0.002
(7,7): 0.003
(16,4): 0.003
(10,11): 0.004
(16,11): 0.008
(10,10): 0.013
(13,12): 0.013
(16,13): 0.067
(6,6): 0.007
(25,22): 0.006
(17,13): 0.015
(21,1): 0.001
(13,6): 0.002
(17,9): 0.015
(19,3): 0.002
(7,2): 0.004
(13,18): 0.001
(9,4): 0.009
(17,17): 0.001
(4,5): 0.001
(15,27): 0.014
(18,24): 0.002
(16,14): 0.009
(3,7): 0.004
(4,8): 0.011
(27,21): 0.006
(12,9): 0.008
(18,3): 0.001
(16,10): 0.004
(5,7): 0.003
(6,10): 0.011
(15,11): 0.008
(21,10): 0.006
(21,5): 0.001
(14,10): 0.005
(13,0): 0.011
(3,5): 0.001
(12,28): 0.006
(19,7): 0.001
(12,29): 0.001
(19,21): 0.001
(10,9): 0.001
(20,26): 0.001
(8,7): 0.001
(7,6): 0.01
(21,20): 0.004
(16,7): 0.007
(24,9): 0.005
(14,6): 0.001
(14,8): 0.006
(19,0): 0.002
(17,14): 0.002
(18,20): 0.003
(15,12): 0.011
(12,8): 0.001
(8,2): 0.001
(14,11): 0.012
(11,2): 0.001
(16,12): 0.017
(9,11): 0.006
(20,8): 0.001
(26,14): 0.001
(18,5): 0.004
(7,12): 0.001
(13,7): 0.005
(22,8): 0.002
(18,11): 0.005
(20,6): 0.003
(5,13): 0.003
(15,15): 0.006
(12,21): 0.004
(7,8): 0.003
(10,1): 0.004
(24,19): 0.001
(18,10): 0.007
(13,2): 0.001
(20,19): 0.001
(5,14): 0.008
(2,8): 0.001
(6,4): 0.001
(16,15): 0.013
(12,7): 0.004
(15,7): 0.001
(15,13): 0.013
(18,13): 0.01
(16,1): 0.009
(4,9): 0.005
(14,3): 0.001
(16,20): 0.001
(26,7): 0.002
(17,7): 0.002
(11,19): 0.004
(13,14): 0.005
(17,6): 0.001
(16,23): 0.005
(16,6): 0.005
(26,6): 0.006
(22,14): 0.001
(23,17): 0.001
(24,21): 0.001
(28,21): 0.001
(23,21): 0.003
(17,4): 0.002
(6,7): 0.004
(9,8): 0.006
(16,8): 0.002
(15,28): 0.001
(14,13): 0.008
(12,1): 0.003
(12,0): 0.009
(17,22): 0.001
(29,13): 0.002
(20,7): 0.004
(5,12): 0.001
(16,25): 0.004
(9,7): 0.004
(16,9): 0.004
(17,18): 0.001
(13,10): 0.009
(18,19): 0.001
(10,8): 0.001
(19,15): 0.007
(23,10): 0.002
(17,12): 0.004
(11,12): 0.001
(7,9): 0.001
(24,7): 0.003
(27,6): 0.004
(9,9): 0.002
(13,26): 0.002
(13,17): 0.001
(8,9): 0.001
(9,6): 0.001
(15,16): 0.004
(20,9): 0.003
(22,4): 0.003
(15,6): 0.003
(11,3): 0.001
(22,22): 0.001
(18,1): 0.001
(27,24): 0.003
(14,2): 0.001
(27,22): 0.001
(24,8): 0.003
(25,20): 0.001
(16,21): 0.002
(11,4): 0.001
(13,3): 0.001
(18,6): 0.001
(12,16): 0.001
(18,29): 0.003
(11,9): 0.003
(22,9): 0.001
(7,11): 0.002
(21,27): 0.001
(20,15): 0.003
(12,18): 0.001
(19,18): 0.001
(17,8): 0.003
(16,3): 0.001
(20,5): 0.001
(14,14): 0.002
(13,19): 0.002
(4,7): 0.001
(8,5): 0.002
(16,2): 0.002
(12,5): 0.001
(20,17): 0.001
(19,10): 0.001
(16,0): 0.001
(20,11): 0.001
(14,7): 0.003
(17,15): 0.001
(14,9): 0.002
(15,14): 0.002
(24,2): 0.002
(13,27): 0.001
(13,11): 0.002
(14,27): 0.001
(14,28): 0.001
(25,24): 0.001
(19,11): 0.001
(13,8): 0.002
(7,10): 0.001
(14,21): 0.001
(9,16): 0.001
(13,5): 0.002
(22,10): 0.001
(11,6): 0.001
(18,8): 0.001
(4,10): 0.001
(19,9): 0.001
(14,15): 0.001
(25,4): 0.001
(21,14): 0.001
(18,16): 0.001
(11,5): 0.001
(26,15): 0.001
(11,8): 0.001
(15,19): 0.001
(20,10): 0.001
(3,10): 0.001
(6,9): 0.001
(15,29): 0.001
(11,14): 0.002
(10,4): 0.001
(9,10): 0.001
(18,14): 0.001
(17,28): 0.001
(14,16): 0.001
(11,13): 0.001
(14,5): 0.001
(17,10): 0.001
(21,26): 0.001
(22,7): 0.001
