(14,12): 0.043
(12,7): 0.003
(13,9): 0.025
(12,19): 0.002
(26,6): 0.005
(5,13): 0.004
(17,21): 0.002
(18,9): 0.036
(10,9): 0.001
(19,9): 0.004
(16,7): 0.006
(10,5): 0.003
(13,13): 0.002
(10,10): 0.008
(16,13): 0.07
(13,10): 0.006
(8,5): 0.002
(16,1): 0.005
(9,11): 0.006
(18,14): 0.005
(6,9): 0.006
(6,6): 0.008
(16,12): 0.009
(15,9): 0.065
(26,23): 0.002
(13,7): 0.003
(18,0): 0.001
(4,5): 0.004
(13,18): 0.002
(7,2): 0.005
(18,23): 0.001
(3,7): 0.002
(4,8): 0.008
(27,24): 0.005
(17,9): 0.007
(12,1): 0.002
(6,7): 0.005
(7,9): 0.003
(14,28): 0.001
(16,11): 0.009
(12,11): 0.008
(21,5): 0.001
(18,6): 0.003
(13,0): 0.001
(15,10): 0.001
(14,13): 0.007
(12,28): 0.009
(21,1): 0.001
(19,7): 0.002
(13,12): 0.01
(19,21): 0.001
(11,11): 0.013
(15,11): 0.001
(7,6): 0.009
(16,8): 0.002
(24,9): 0.004
(14,8): 0.007
(19,0): 0.003
(21,10): 0.013
(7,7): 0.002
(15,16): 0.003
(16,14): 0.004
(15,13): 0.014
(4,9): 0.003
(17,13): 0.017
(10,8): 0.002
(14,11): 0.004
(8,2): 0.004
(16,2): 0.008
(9,10): 0.002
(20,8): 0.001
(26,14): 0.001
(18,5): 0.004
(11,8): 0.003
(22,8): 0.002
(13,6): 0.003
(5,4): 0.002
(23,14): 0.001
(15,12): 0.009
(17,17): 0.004
(12,20): 0.004
(12,10): 0.001
(4,7): 0.001
(10,1): 0.008
(20,16): 0.001
(18,10): 0.007
(13,2): 0.001
(21,26): 0.001
(2,8): 0.001
(12,0): 0.015
(16,15): 0.013
(9,7): 0.006
(15,27): 0.013
(12,9): 0.007
(25,9): 0.004
(14,0): 0.001
(8,7): 0.003
(29,10): 0.001
(22,10): 0.001
(26,7): 0.004
(17,8): 0.001
(11,13): 0.003
(15,8): 0.006
(17,6): 0.003
(16,6): 0.006
(11,14): 0.005
(27,21): 0.007
(19,15): 0.013
(5,14): 0.004
(23,17): 0.001
(14,15): 0.001
(16,25): 0.008
(28,21): 0.002
(5,8): 0.003
(14,14): 0.002
(23,21): 0.002
(16,9): 0.006
(16,10): 0.003
(16,23): 0.003
(28,14): 0.002
(19,6): 0.002
(15,28): 0.003
(13,1): 0.001
(8,10): 0.005
(14,9): 0.004
(17,22): 0.001
(27,6): 0.004
(29,13): 0.001
(19,13): 0.002
(12,16): 0.003
(25,21): 0.002
(19,11): 0.005
(13,14): 0.003
(21,20): 0.003
(18,19): 0.002
(23,10): 0.003
(18,13): 0.008
(17,12): 0.002
(7,8): 0.004
(6,11): 0.001
(25,6): 0.001
(17,14): 0.001
(24,7): 0.003
(27,11): 0.002
(13,16): 0.002
(11,9): 0.004
(25,11): 0.001
(23,11): 0.001
(22,4): 0.004
(15,6): 0.005
(11,0): 0.001
(17,28): 0.001
(22,22): 0.001
(18,2): 0.003
(15,7): 0.003
(24,25): 0.002
(16,28): 0.002
(18,29): 0.002
(25,22): 0.003
(25,20): 0.003
(16,21): 0.001
(11,3): 0.002
(14,6): 0.002
(18,12): 0.004
(20,25): 0.001
(27,7): 0.001
(21,14): 0.001
(11,10): 0.003
(9,4): 0.005
(3,5): 0.002
(11,19): 0.001
(19,18): 0.001
(19,17): 0.002
(15,1): 0.001
(16,3): 0.002
(15,15): 0.005
(20,4): 0.001
(22,6): 0.001
(24,21): 0.001
(17,3): 0.001
(16,4): 0.004
(12,5): 0.002
(12,21): 0.003
(9,16): 0.001
(15,29): 0.001
(15,22): 0.001
(28,22): 0.001
(28,15): 0.001
(20,18): 0.001
(11,4): 0.002
(18,7): 0.001
(20,10): 0.001
(15,14): 0.004
(6,10): 0.004
(20,17): 0.001
(20,7): 0.003
(10,11): 0.001
(24,2): 0.001
(20,5): 0.001
(14,5): 0.001
(18,8): 0.001
(19,12): 0.001
(16,0): 0.002
(8,11): 0.001
(20,11): 0.001
(14,4): 0.001
(6,3): 0.001
(21,11): 0.002
(14,7): 0.002
(16,17): 0.001
(7,10): 0.001
(14,19): 0.001
(9,8): 0.004
(13,20): 0.001
(14,21): 0.001
(18,11): 0.002
(19,16): 0.001
(19,10): 0.001
(13,5): 0.001
(23,16): 0.001
(17,18): 0.001
(23,9): 0.001
(2,7): 0.001
(24,11): 0.001
(14,16): 0.001
(4,10): 0.001
(20,9): 0.001
(5,5): 0.001
(17,1): 0.001
(12,6): 0.002
(22,3): 0.001
(18,24): 0.001
(13,3): 0.001
(21,25): 0.001
(12,14): 0.001
(19,4): 0.001
(18,20): 0.001
(11,2): 0.001
(25,14): 0.001
(7,11): 0.001
(13,8): 0.002
(4,6): 0.001
(10,2): 0.001
(12,15): 0.001
(11,5): 0.001
(10,13): 0.001
(15,3): 0.001
(6,12): 0.001
(26,21): 0.001
(10,4): 0.001
(12,4): 0.001
(3,10): 0.001
(7,5): 0.001
(15,25): 0.001
(17,11): 0.002
(13,15): 0.001
(5,10): 0.001
(24,8): 0.001
(17,29): 0.001
(13,17): 0.001
(20,6): 0.001
(12,18): 0.001
(24,14): 0.001
(15,26): 0.001
