(11,14): 0.008
(21,15): 0.014
(21,12): 0.009
(28,13): 0.006
(21,21): 0.005
(24,3): 0.002
(20,10): 0.003
(24,15): 0.001
(22,12): 0.012
(34,27): 0.006
(21,17): 0.064
(40,18): 0.002
(22,9): 0.011
(24,17): 0.004
(14,15): 0.016
(17,0): 0.02
(18,10): 0.004
(16,37): 0.01
(26,19): 0.002
(19,17): 0.03
(24,25): 0.004
(15,8): 0.002
(18,8): 0.007
(26,12): 0.001
(26,23): 0.003
(20,12): 0.037
(31,19): 0.001
(14,2): 0.002
(18,20): 0.003
(31,28): 0.001
(13,14): 0.007
(10,8): 0.002
(16,21): 0.007
(22,1): 0.002
(11,5): 0.002
(9,11): 0.001
(21,11): 0.003
(21,33): 0.005
(16,9): 0.002
(22,20): 0.008
(7,8): 0.002
(18,15): 0.01
(18,19): 0.005
(21,8): 0.005
(13,2): 0.006
(24,13): 0.031
(17,12): 0.029
(33,29): 0.003
(6,9): 0.001
(32,3): 0.003
(25,22): 0.004
(17,37): 0.003
(28,14): 0.004
(18,26): 0.003
(16,13): 0.003
(8,10): 0.002
(20,21): 0.004
(36,8): 0.007
(36,30): 0.002
(27,20): 0.003
(21,10): 0.009
(7,10): 0.006
(16,26): 0.001
(18,16): 0.019
(17,13): 0.005
(19,27): 0.002
(24,18): 0.001
(12,5): 0.009
(24,12): 0.008
(9,9): 0.003
(7,18): 0.01
(21,0): 0.005
(29,3): 0.003
(10,7): 0.003
(8,8): 0.013
(18,12): 0.002
(21,19): 0.006
(20,17): 0.006
(22,14): 0.005
(24,7): 0.001
(20,11): 0.001
(6,11): 0.01
(16,12): 0.009
(13,13): 0.005
(13,6): 0.003
(20,14): 0.007
(26,20): 0.004
(16,0): 0.001
(22,31): 0.004
(27,24): 0.002
(35,9): 0.003
(8,13): 0.012
(13,9): 0.002
(33,5): 0.002
(14,14): 0.011
(19,19): 0.002
(24,32): 0.001
(36,32): 0.001
(17,5): 0.003
(20,18): 0.002
(22,19): 0.005
(23,29): 0.002
(15,11): 0.002
(20,8): 0.001
(4,10): 0.006
(18,35): 0.002
(14,12): 0.001
(34,8): 0.001
(19,16): 0.004
(30,13): 0.003
(12,10): 0.003
(15,13): 0.001
(16,29): 0.002
(12,13): 0.003
(17,18): 0.001
(22,17): 0.007
(15,15): 0.019
(6,7): 0.002
(18,6): 0.002
(24,6): 0.004
(19,15): 0.005
(16,5): 0.001
(12,14): 0.003
(27,23): 0.003
(19,1): 0.001
(14,13): 0.001
(10,9): 0.015
(22,18): 0.001
(17,16): 0.009
(10,16): 0.003
(10,12): 0.002
(7,17): 0.001
(2,11): 0.001
(22,13): 0.001
(21,1): 0.007
(22,5): 0.002
(24,27): 0.004
(21,3): 0.004
(17,2): 0.005
(24,10): 0.003
(20,16): 0.003
(36,24): 0.003
(19,13): 0.002
(23,24): 0.005
(9,14): 0.005
(16,15): 0.003
(17,39): 0.002
(28,15): 0.001
(26,22): 0.002
(23,17): 0.003
(20,36): 0.012
(11,12): 0.003
(24,0): 0.001
(5,12): 0.002
(30,14): 0.002
(21,18): 0.001
(16,10): 0.002
(12,9): 0.002
(22,16): 0.002
(10,14): 0.002
(24,14): 0.003
(15,28): 0.001
(25,13): 0.002
(24,19): 0.004
(23,16): 0.002
(19,9): 0.003
(19,28): 0.004
(25,8): 0.001
(37,29): 0.004
(30,18): 0.002
(15,9): 0.003
(23,11): 0.001
(11,6): 0.001
(34,9): 0.004
(23,1): 0.001
(18,9): 0.004
(26,14): 0.001
(25,23): 0.001
(20,13): 0.002
(18,13): 0.001
(29,27): 0.002
(21,20): 0.001
(20,39): 0.002
(18,14): 0.006
(22,29): 0.001
(21,16): 0.003
(6,12): 0.002
(10,3): 0.003
(9,13): 0.001
(38,28): 0.001
(29,13): 0.001
(22,22): 0.001
(19,37): 0.003
(19,12): 0.001
(9,12): 0.001
(24,39): 0.002
(16,28): 0.004
(24,8): 0.002
(18,4): 0.003
(25,20): 0.002
(26,24): 0.001
(18,7): 0.001
(15,19): 0.001
(22,11): 0.001
(26,6): 0.001
(22,37): 0.003
(15,25): 0.004
(19,11): 0.003
(15,5): 0.001
(32,33): 0.001
(18,18): 0.001
(21,4): 0.001
(26,29): 0.001
(15,3): 0.002
(25,10): 0.002
(22,8): 0.001
(36,20): 0.001
(16,19): 0.001
(33,30): 0.002
(24,31): 0.001
(18,22): 0.001
(18,3): 0.001
(20,22): 0.001
(17,9): 0.001
(30,4): 0.001
(27,21): 0.001
(28,18): 0.001
(18,17): 0.002
(13,15): 0.001
(16,7): 0.002
(18,25): 0.001
(17,8): 0.001
(34,31): 0.001
(21,7): 0.001
(27,10): 0.001
(27,9): 0.001
(33,11): 0.001
(20,29): 0.001
(27,12): 0.001
