(21,17): 0.09
(34,27): 0.002
(14,15): 0.013
(18,16): 0.021
(24,13): 0.022
(12,14): 0.002
(21,3): 0.004
(20,12): 0.07
(14,16): 0.002
(18,10): 0.005
(16,37): 0.012
(17,16): 0.015
(26,6): 0.002
(24,19): 0.005
(23,16): 0.003
(17,0): 0.017
(22,31): 0.012
(14,14): 0.009
(21,14): 0.001
(11,9): 0.002
(20,20): 0.003
(15,7): 0.002
(15,15): 0.007
(20,25): 0.001
(13,6): 0.002
(21,12): 0.003
(17,37): 0.001
(20,36): 0.014
(16,12): 0.008
(10,15): 0.004
(19,17): 0.036
(15,19): 0.001
(18,14): 0.008
(16,1): 0.002
(16,15): 0.008
(20,11): 0.007
(17,12): 0.029
(16,21): 0.003
(13,11): 0.003
(25,10): 0.001
(22,20): 0.008
(22,30): 0.002
(22,17): 0.01
(37,29): 0.007
(23,12): 0.005
(23,29): 0.003
(21,9): 0.001
(20,21): 0.002
(19,37): 0.004
(26,14): 0.001
(12,13): 0.001
(18,5): 0.002
(22,16): 0.004
(10,9): 0.011
(25,25): 0.001
(6,12): 0.004
(21,19): 0.003
(5,6): 0.002
(11,10): 0.001
(20,17): 0.011
(21,10): 0.002
(30,11): 0.001
(8,13): 0.01
(21,16): 0.008
(8,8): 0.003
(21,21): 0.004
(22,12): 0.011
(15,14): 0.001
(20,16): 0.009
(22,9): 0.004
(23,7): 0.001
(27,14): 0.005
(34,19): 0.001
(21,7): 0.002
(19,18): 0.006
(20,39): 0.006
(24,25): 0.002
(7,18): 0.006
(21,1): 0.004
(18,12): 0.01
(21,11): 0.003
(25,20): 0.003
(10,7): 0.001
(22,37): 0.002
(25,13): 0.003
(19,15): 0.003
(9,11): 0.002
(17,27): 0.001
(17,15): 0.001
(4,10): 0.007
(33,24): 0.003
(24,8): 0.003
(21,33): 0.007
(17,22): 0.002
(34,6): 0.004
(16,9): 0.002
(25,23): 0.003
(18,17): 0.004
(6,7): 0.004
(13,3): 0.002
(6,11): 0.012
(9,12): 0.001
(19,7): 0.002
(32,28): 0.004
(3,11): 0.002
(31,20): 0.001
(22,19): 0.005
(24,12): 0.006
(18,3): 0.001
(20,13): 0.003
(21,20): 0.009
(13,13): 0.002
(23,19): 0.001
(18,18): 0.001
(24,15): 0.005
(22,13): 0.002
(18,6): 0.001
(19,16): 0.01
(2,9): 0.001
(29,3): 0.001
(30,13): 0.002
(16,29): 0.001
(22,11): 0.003
(17,9): 0.002
(20,18): 0.002
(24,16): 0.002
(20,19): 0.002
(36,32): 0.001
(26,15): 0.002
(16,19): 0.001
(0,25): 0.001
(12,5): 0.001
(22,18): 0.003
(36,9): 0.001
(16,2): 0.001
(22,7): 0.003
(26,20): 0.002
(24,3): 0.002
(23,24): 0.002
(18,26): 0.001
(10,14): 0.001
(23,17): 0.001
(25,16): 0.002
(19,14): 0.005
(16,28): 0.002
(19,34): 0.001
(27,10): 0.001
(28,13): 0.003
(9,13): 0.003
(18,7): 0.003
(21,8): 0.004
(15,13): 0.001
(31,13): 0.001
(19,11): 0.002
(17,7): 0.002
(20,8): 0.002
(19,13): 0.001
(12,12): 0.002
(18,9): 0.003
(9,14): 0.003
(31,19): 0.004
(19,12): 0.001
(18,19): 0.002
(30,4): 0.002
(26,24): 0.001
(24,39): 0.002
(24,10): 0.002
(27,24): 0.001
(29,27): 0.002
(10,3): 0.001
(24,17): 0.004
(20,14): 0.003
(19,28): 0.001
(22,5): 0.001
(18,20): 0.003
(9,9): 0.003
(24,32): 0.003
(33,29): 0.001
(17,19): 0.001
(16,5): 0.002
(16,38): 0.001
(15,3): 0.001
(19,1): 0.002
(32,9): 0.001
(21,6): 0.002
(5,11): 0.002
(31,28): 0.001
(2,11): 0.003
(10,8): 0.002
(18,13): 0.003
(19,23): 0.001
(12,4): 0.001
(6,14): 0.001
(22,14): 0.002
(5,12): 0.002
(6,8): 0.001
(7,11): 0.001
(22,23): 0.001
(21,15): 0.003
(25,22): 0.001
(26,19): 0.001
(16,25): 0.001
(26,0): 0.001
(24,27): 0.002
(20,10): 0.001
(11,12): 0.001
(19,21): 0.002
(29,7): 0.001
(8,11): 0.001
(15,25): 0.004
(8,14): 0.002
(14,13): 0.003
(20,26): 0.001
(38,30): 0.001
(20,35): 0.001
(18,35): 0.003
(36,8): 0.001
(19,6): 0.001
(27,23): 0.001
(11,14): 0.003
(27,20): 0.001
(13,2): 0.002
(15,9): 0.001
(23,11): 0.004
(7,10): 0.001
(34,31): 0.002
(18,4): 0.002
(25,21): 0.001
(17,5): 0.001
(31,23): 0.002
(35,31): 0.001
(8,10): 0.001
(8,9): 0.001
(28,34): 0.001
(21,4): 0.001
(23,14): 0.001
(7,17): 0.001
(17,28): 0.001
(9,3): 0.001
(11,7): 0.001
(6,9): 0.001
(20,29): 0.001
(17,26): 0.001
(17,2): 0.002
(33,27): 0.001
(11,5): 0.001
(9,8): 0.001
(8,15): 0.001
(18,15): 0.001
(31,22): 0.001
(18,38): 0.001
(13,12): 0.001
(35,9): 0.001
(10,11): 0.001
(10,2): 0.001
(16,36): 0.001
(35,24): 0.001
(26,23): 0.001
(34,26): 0.001
(16,10): 0.001
(14,18): 0.001
(11,6): 0.001
(17,3): 0.001
(6,10): 0.001
(14,2): 0.001
(25,5): 0.001
(34,8): 0.001
(15,8): 0.001
(4,13): 0.001
