(4,8): 0.006
(13,10): 0.005
(9,4): 0.005
(16,1): 0.005
(9,3): 0.002
(26,6): 0.007
(13,0): 0.018
(18,13): 0.011
(15,9): 0.044
(5,14): 0.009
(24,2): 0.01
(16,13): 0.052
(19,9): 0.004
(14,12): 0.032
(16,9): 0.008
(18,9): 0.041
(16,23): 0.013
(19,15): 0.006
(15,15): 0.006
(12,9): 0.017
(16,21): 0.001
(13,6): 0.007
(16,6): 0.009
(17,12): 0.011
(17,8): 0.004
(12,7): 0.003
(14,11): 0.004
(15,19): 0.001
(18,1): 0.004
(12,1): 0.007
(24,14): 0.002
(16,5): 0.006
(17,13): 0.016
(15,27): 0.014
(23,21): 0.008
(14,5): 0.005
(18,14): 0.002
(13,3): 0.006
(12,0): 0.009
(14,8): 0.007
(9,7): 0.008
(19,11): 0.003
(11,11): 0.021
(10,11): 0.005
(7,10): 0.003
(12,16): 0.006
(13,12): 0.019
(17,9): 0.01
(14,4): 0.003
(13,8): 0.001
(7,5): 0.005
(16,14): 0.003
(18,12): 0.004
(11,8): 0.001
(18,24): 0.002
(6,6): 0.005
(11,19): 0.004
(21,14): 0.002
(14,25): 0.004
(13,18): 0.003
(13,14): 0.005
(11,21): 0.003
(17,18): 0.004
(12,11): 0.011
(12,21): 0.003
(21,7): 0.001
(20,7): 0.007
(15,12): 0.012
(28,14): 0.001
(13,9): 0.032
(13,11): 0.005
(16,12): 0.01
(16,25): 0.009
(16,0): 0.005
(10,10): 0.007
(15,16): 0.01
(17,15): 0.001
(7,9): 0.004
(11,10): 0.004
(15,6): 0.006
(14,20): 0.002
(6,10): 0.012
(16,10): 0.005
(30,13): 0.001
(15,8): 0.001
(16,4): 0.003
(22,8): 0.002
(12,29): 0.002
(14,9): 0.004
(14,13): 0.019
(5,6): 0.003
(8,2): 0.003
(18,29): 0.002
(5,7): 0.001
(25,22): 0.006
(18,11): 0.007
(16,7): 0.007
(25,20): 0.005
(13,26): 0.005
(12,4): 0.003
(23,17): 0.004
(18,19): 0.002
(24,9): 0.004
(21,20): 0.002
(16,28): 0.004
(10,5): 0.002
(5,11): 0.002
(20,11): 0.001
(21,10): 0.004
(5,8): 0.005
(13,5): 0.003
(10,1): 0.003
(16,11): 0.01
(19,10): 0.004
(18,17): 0.002
(19,17): 0.002
(19,1): 0.002
(9,1): 0.001
(7,12): 0.001
(19,0): 0.002
(11,14): 0.002
(9,6): 0.001
(26,23): 0.002
(15,13): 0.011
(15,11): 0.008
(20,6): 0.002
(4,5): 0.003
(9,8): 0.005
(12,28): 0.006
(21,11): 0.002
(16,20): 0.002
(11,0): 0.001
(8,10): 0.01
(16,3): 0.001
(15,28): 0.007
(16,15): 0.003
(15,21): 0.004
(21,23): 0.001
(1,9): 0.001
(4,4): 0.002
(11,2): 0.002
(27,21): 0.007
(22,4): 0.004
(18,7): 0.005
(8,3): 0.002
(7,8): 0.003
(15,10): 0.003
(28,21): 0.006
(5,13): 0.003
(12,3): 0.001
(8,7): 0.001
(17,3): 0.001
(20,15): 0.001
(26,7): 0.002
(16,8): 0.004
(11,9): 0.002
(9,11): 0.004
(20,8): 0.001
(12,5): 0.001
(13,4): 0.001
(25,14): 0.001
(21,27): 0.001
(26,5): 0.001
(19,6): 0.001
(16,2): 0.005
(17,14): 0.004
(17,28): 0.001
(20,10): 0.002
(4,9): 0.001
(6,11): 0.001
(21,4): 0.001
(24,7): 0.002
(27,7): 0.001
(17,21): 0.002
(22,9): 0.002
(13,13): 0.001
(3,7): 0.001
(25,11): 0.001
(7,11): 0.001
(20,4): 0.001
(6,9): 0.001
(27,24): 0.001
(28,11): 0.001
(15,1): 0.002
(24,25): 0.002
(7,6): 0.001
(14,16): 0.001
