(9,3): 0.001
(11,10): 0.001
(26,7): 0.006
(16,12): 0.017
(20,8): 0.002
(18,9): 0.046
(14,9): 0.005
(14,11): 0.013
(16,13): 0.091
(16,8): 0.008
(6,14): 0.002
(14,13): 0.012
(18,12): 0.004
(8,10): 0.014
(13,9): 0.04
(14,12): 0.029
(17,13): 0.015
(15,27): 0.008
(13,13): 0.002
(13,10): 0.007
(15,9): 0.052
(15,13): 0.012
(23,9): 0.001
(12,11): 0.015
(11,6): 0.003
(25,5): 0.002
(14,22): 0.002
(12,9): 0.01
(16,23): 0.012
(11,19): 0.009
(16,1): 0.007
(13,0): 0.006
(27,6): 0.002
(11,11): 0.027
(19,17): 0.001
(13,7): 0.001
(10,1): 0.013
(15,21): 0.001
(23,17): 0.001
(22,9): 0.003
(19,18): 0.003
(26,5): 0.004
(14,25): 0.002
(18,24): 0.002
(6,10): 0.013
(3,7): 0.007
(10,5): 0.001
(4,8): 0.013
(16,4): 0.005
(16,25): 0.008
(13,12): 0.023
(9,8): 0.003
(17,9): 0.01
(12,21): 0.002
(10,11): 0.003
(16,15): 0.006
(15,16): 0.005
(18,11): 0.004
(16,11): 0.009
(12,18): 0.001
(6,6): 0.005
(12,28): 0.011
(14,7): 0.004
(7,10): 0.003
(12,10): 0.002
(16,5): 0.002
(8,9): 0.003
(18,23): 0.003
(9,7): 0.006
(16,0): 0.002
(18,5): 0.001
(9,6): 0.003
(17,20): 0.001
(17,29): 0.002
(15,11): 0.005
(13,11): 0.002
(12,0): 0.011
(18,10): 0.006
(7,6): 0.003
(14,8): 0.004
(15,29): 0.001
(9,4): 0.006
(17,12): 0.003
(18,14): 0.005
(21,14): 0.002
(9,11): 0.009
(24,2): 0.005
(6,7): 0.002
(15,12): 0.009
(16,24): 0.004
(6,11): 0.004
(9,10): 0.003
(14,14): 0.004
(19,0): 0.001
(18,19): 0.002
(27,22): 0.002
(21,10): 0.005
(18,6): 0.001
(17,28): 0.002
(16,7): 0.006
(5,8): 0.002
(5,14): 0.001
(19,15): 0.005
(12,16): 0.003
(16,2): 0.003
(13,21): 0.002
(5,13): 0.001
(23,14): 0.001
(4,9): 0.012
(19,11): 0.003
(18,20): 0.003
(16,10): 0.001
(13,6): 0.003
(11,5): 0.004
(15,8): 0.008
(10,10): 0.006
(25,24): 0.001
(18,2): 0.001
(17,8): 0.002
(14,4): 0.002
(8,11): 0.003
(18,13): 0.01
(17,18): 0.003
(21,20): 0.003
(11,9): 0.001
(20,11): 0.002
(23,21): 0.003
(12,1): 0.001
(7,2): 0.001
(19,3): 0.001
(22,10): 0.001
(16,9): 0.001
(28,14): 0.002
(15,15): 0.002
(11,13): 0.001
(3,5): 0.001
(18,26): 0.003
(10,0): 0.001
(25,20): 0.003
(22,4): 0.001
(7,9): 0.002
(27,24): 0.008
(14,10): 0.004
(13,5): 0.002
(27,21): 0.002
(13,4): 0.001
(26,6): 0.002
(24,25): 0.001
(25,7): 0.001
(12,27): 0.002
(24,21): 0.003
(18,29): 0.003
(7,12): 0.001
(13,19): 0.002
(15,23): 0.001
(12,4): 0.003
(17,21): 0.002
(15,7): 0.001
(16,21): 0.001
(28,15): 0.002
(25,4): 0.002
(13,8): 0.001
(29,13): 0.001
(11,2): 0.001
(16,26): 0.001
(20,10): 0.003
(21,7): 0.003
(4,5): 0.002
(16,17): 0.001
(16,28): 0.001
(22,8): 0.001
(10,2): 0.001
(6,9): 0.001
(14,6): 0.001
(9,1): 0.001
(25,14): 0.001
(13,14): 0.001
(16,6): 0.003
(23,10): 0.004
(22,3): 0.001
(7,11): 0.001
(24,14): 0.001
(29,14): 0.001
(4,4): 0.001
(25,11): 0.001
(15,19): 0.001
(28,21): 0.001
(14,5): 0.001
(20,17): 0.001
(10,13): 0.001
(15,10): 0.003
(11,12): 0.001
(7,7): 0.002
(15,5): 0.001
(20,7): 0.002
(11,21): 0.001
(15,14): 0.001
(17,4): 0.002
(16,18): 0.002
(12,7): 0.001
(24,26): 0.001
(16,14): 0.001
(5,7): 0.001
(15,28): 0.001
(14,1): 0.001
(7,8): 0.001
(13,18): 0.001
(13,1): 0.001
(6,8): 0.001
