((15,9)(15,9)) 0.64
((15,9)(10,10)) 0.04
((15,9)(14,9)) 0.04
((15,9)(15,10)) 0.08
((15,9)(8,12)) 0.04
((15,9)(10,8)) 0.12
((15,9)(9,8)) 0.04
((10,10)(10,10)) 0.771978021978022
((10,10)(10,12)) 0.008241758241758242
((10,10)(11,12)) 0.0027472527472527475
((10,10)(8,18)) 0.0027472527472527475
((10,10)(10,16)) 0.008241758241758242
((10,10)(10,9)) 0.019230769230769232
((10,10)(9,8)) 0.016483516483516484
((10,10)(10,8)) 0.03296703296703297
((10,10)(11,10)) 0.01098901098901099
((10,10)(8,9)) 0.0027472527472527475
((10,10)(7,9)) 0.0027472527472527475
((10,10)(7,7)) 0.03296703296703297
((10,10)(10,11)) 0.0027472527472527475
((10,10)(7,8)) 0.0027472527472527475
((10,10)(13,10)) 0.0027472527472527475
((10,10)(17,15)) 0.0027472527472527475
((10,10)(11,14)) 0.016483516483516484
((10,10)(12,13)) 0.008241758241758242
((10,10)(19,10)) 0.0027472527472527475
((10,10)(9,5)) 0.005494505494505495
((10,10)(10,0)) 0.0027472527472527475
((10,10)(10,7)) 0.005494505494505495
((10,10)(12,12)) 0.0027472527472527475
((10,10)(3,5)) 0.008241758241758242
((10,10)(9,10)) 0.008241758241758242
((10,10)(9,9)) 0.0027472527472527475
((10,10)(12,8)) 0.005494505494505495
((10,10)(12,19)) 0.0027472527472527475
((10,10)(9,7)) 0.0027472527472527475
((10,10)(10,6)) 0.0027472527472527475
((10,12)(10,12)) 0.5588235294117647
((10,12)(10,8)) 0.14705882352941177
((10,12)(10,13)) 0.14705882352941177
((10,12)(10,10)) 0.029411764705882353
((10,12)(14,3)) 0.029411764705882353
((10,12)(9,11)) 0.029411764705882353
((10,12)(13,12)) 0.029411764705882353
((10,12)(9,10)) 0.029411764705882353
((10,8)(10,8)) 0.8345736763767808
((10,8)(13,10)) 0.0027641930682543057
((10,8)(15,9)) 0.0008505209440782479
((10,8)(6,3)) 0.0008505209440782479
((10,8)(11,8)) 0.01615989793748671
((10,8)(9,9)) 0.0034020837763129915
((10,8)(12,6)) 0.00637890708058686
((10,8)(8,7)) 0.001488411652136934
((10,8)(9,8)) 0.02147565383797576
((10,8)(10,7)) 0.008717839676802041
((10,8)(6,6)) 0.0017010418881564958
((10,8)(10,9)) 0.008079948968743355
((10,8)(18,14)) 0.0019136721241760578
((10,8)(12,10)) 0.0008505209440782479
((10,8)(10,16)) 0.0017010418881564958
((10,8)(9,4)) 0.0006378907080586859
((10,8)(7,7)) 0.00531575590048905
((10,8)(13,8)) 0.00021263023601956197
((10,8)(12,8)) 0.00425260472039124
((10,8)(14,5)) 0.00042526047203912394
((10,8)(5,7)) 0.001488411652136934
((10,8)(9,5)) 0.0008505209440782479
((10,8)(10,6)) 0.013395704869232404
((10,8)(9,10)) 0.001488411652136934
((10,8)(10,12)) 0.00021263023601956197
((10,8)(11,11)) 0.00021263023601956197
((10,8)(17,14)) 0.00021263023601956197
((10,8)(2,6)) 0.00021263023601956197
((10,8)(8,10)) 0.00042526047203912394
((10,8)(5,4)) 0.00106315118009781
((10,8)(17,4)) 0.00106315118009781
((10,8)(7,8)) 0.00106315118009781
((10,8)(4,5)) 0.00021263023601956197
((10,8)(10,18)) 0.0008505209440782479
((10,8)(13,7)) 0.00042526047203912394
((10,8)(9,6)) 0.0025515628322347436
((10,8)(8,8)) 0.0019136721241760578
((10,8)(4,7)) 0.00021263023601956197
((10,8)(9,12)) 0.00021263023601956197
((10,8)(13,12)) 0.00021263023601956197
((10,8)(11,2)) 0.00042526047203912394
((10,8)(8,6)) 0.0044652349564108015
((10,8)(10,10)) 0.0017010418881564958
((10,8)(18,16)) 0.00042526047203912394
((10,8)(11,9)) 0.00318945354029343
((10,8)(10,13)) 0.00106315118009781
((10,8)(3,3)) 0.00021263023601956197
((10,8)(11,10)) 0.00212630236019562
((10,8)(6,7)) 0.0008505209440782479
((10,8)(14,6)) 0.0008505209440782479
((10,8)(17,13)) 0.0012757814161173718
((10,8)(12,13)) 0.00021263023601956197
((10,8)(3,5)) 0.001488411652136934
((10,8)(10,1)) 0.0025515628322347436
((10,8)(11,4)) 0.00212630236019562
((10,8)(13,6)) 0.0008505209440782479
((10,8)(9,3)) 0.0012757814161173718
((10,8)(9,7)) 0.001488411652136934
((10,8)(7,1)) 0.00021263023601956197
((10,8)(16,6)) 0.00042526047203912394
((10,8)(12,12)) 0.0017010418881564958
((10,8)(11,15)) 0.0008505209440782479
((10,8)(7,4)) 0.00042526047203912394
((10,8)(6,2)) 0.00042526047203912394
((10,8)(4,3)) 0.00021263023601956197
((10,8)(10,0)) 0.0008505209440782479
((10,8)(7,6)) 0.00106315118009781
((10,8)(15,6)) 0.0008505209440782479
((10,8)(9,13)) 0.0012757814161173718
((10,8)(18,12)) 0.00021263023601956197
((10,8)(12,7)) 0.00106315118009781
((10,8)(11,12)) 0.00106315118009781
((10,8)(12,9)) 0.0012757814161173718
((10,8)(6,8)) 0.00021263023601956197
((10,8)(9,14)) 0.00021263023601956197
((10,8)(8,4)) 0.00021263023601956197
((10,8)(2,5)) 0.00021263023601956197
((10,8)(10,5)) 0.0006378907080586859
((10,8)(10,2)) 0.00021263023601956197
((10,8)(12,5)) 0.00021263023601956197
((10,8)(8,19)) 0.00021263023601956197
((10,8)(14,9)) 0.00021263023601956197
((10,8)(20,9)) 0.0006378907080586859
((10,8)(5,1)) 0.00021263023601956197
((10,8)(8,18)) 0.00021263023601956197
((10,8)(17,10)) 0.00021263023601956197
((10,8)(16,12)) 0.00021263023601956197
((10,8)(12,11)) 0.00042526047203912394
((10,8)(4,6)) 0.0006378907080586859
((10,8)(10,4)) 0.0008505209440782479
((10,8)(9,18)) 0.00021263023601956197
((10,8)(15,14)) 0.0008505209440782479
((10,8)(11,6)) 0.0006378907080586859
((10,8)(11,14)) 0.00021263023601956197
((10,8)(16,14)) 0.00021263023601956197
((10,8)(16,5)) 0.00021263023601956197
((10,8)(17,9)) 0.00021263023601956197
((10,8)(16,4)) 0.00042526047203912394
((10,8)(11,7)) 0.00021263023601956197
((10,8)(8,0)) 0.00021263023601956197
((10,8)(11,5)) 0.00042526047203912394
((10,8)(18,9)) 0.00021263023601956197
((10,8)(18,11)) 0.00021263023601956197
((10,8)(10,11)) 0.00021263023601956197
((10,8)(16,3)) 0.00021263023601956197
((10,8)(18,4)) 0.00021263023601956197
((10,8)(10,14)) 0.00021263023601956197
((10,8)(8,9)) 0.00021263023601956197
((10,8)(7,5)) 0.00021263023601956197
((10,8)(3,9)) 0.00021263023601956197
((13,10)(13,10)) 0.6107594936708861
((13,10)(12,10)) 0.0379746835443038
((13,10)(10,8)) 0.05063291139240506
((13,10)(18,16)) 0.022151898734177215
((13,10)(9,9)) 0.0189873417721519
((13,10)(11,8)) 0.04746835443037975
((13,10)(10,16)) 0.006329113924050633
((13,10)(12,8)) 0.022151898734177215
((13,10)(15,14)) 0.006329113924050633
((13,10)(19,9)) 0.006329113924050633
((13,10)(9,5)) 0.0031645569620253164
((13,10)(8,6)) 0.006329113924050633
((13,10)(14,13)) 0.012658227848101266
((13,10)(11,9)) 0.012658227848101266
((13,10)(17,13)) 0.0031645569620253164
((13,10)(16,13)) 0.0031645569620253164
((13,10)(11,7)) 0.0031645569620253164
((13,10)(10,7)) 0.0031645569620253164
((13,10)(13,7)) 0.0031645569620253164
((13,10)(10,5)) 0.0031645569620253164
((13,10)(10,11)) 0.0031645569620253164
((13,10)(14,6)) 0.0031645569620253164
((13,10)(9,7)) 0.012658227848101266
((13,10)(14,9)) 0.00949367088607595
((13,10)(12,6)) 0.00949367088607595
((13,10)(9,2)) 0.0031645569620253164
((13,10)(20,9)) 0.0031645569620253164
((13,10)(18,14)) 0.00949367088607595
((13,10)(17,11)) 0.0031645569620253164
((13,10)(10,12)) 0.0031645569620253164
((13,10)(16,12)) 0.0031645569620253164
((13,10)(10,6)) 0.0031645569620253164
((13,10)(11,10)) 0.00949367088607595
((13,10)(13,9)) 0.006329113924050633
((13,10)(7,7)) 0.0031645569620253164
((13,10)(17,9)) 0.00949367088607595
((13,10)(9,8)) 0.0031645569620253164
((13,10)(12,9)) 0.0031645569620253164
((13,10)(8,7)) 0.0031645569620253164
((13,10)(9,12)) 0.0031645569620253164
((13,10)(18,9)) 0.00949367088607595
((12,10)(12,10)) 0.61
((12,10)(10,12)) 0.01
((12,10)(10,8)) 0.06
((12,10)(13,10)) 0.15
((12,10)(19,9)) 0.01
((12,10)(12,11)) 0.03
((12,10)(12,8)) 0.04
((12,10)(11,10)) 0.04
((12,10)(10,18)) 0.01
((12,10)(11,9)) 0.01
((12,10)(9,9)) 0.01
((12,10)(10,10)) 0.01
((12,10)(7,7)) 0.01
((14,9)(14,9)) 0.625
((14,9)(10,10)) 0.041666666666666664
((14,9)(10,8)) 0.08333333333333333
((14,9)(13,10)) 0.08333333333333333
((14,9)(18,9)) 0.041666666666666664
((14,9)(11,10)) 0.125
((6,2)(6,2)) 0.75
((6,2)(10,8)) 0.025
((6,2)(6,6)) 0.008333333333333333
((6,2)(10,6)) 0.008333333333333333
((6,2)(5,3)) 0.008333333333333333
((6,2)(5,1)) 0.008333333333333333
((6,2)(6,3)) 0.03333333333333333
((6,2)(4,6)) 0.008333333333333333
((6,2)(7,1)) 0.058333333333333334
((6,2)(5,4)) 0.008333333333333333
((6,2)(6,7)) 0.016666666666666666
((6,2)(3,5)) 0.008333333333333333
((6,2)(14,2)) 0.008333333333333333
((6,2)(8,6)) 0.025
((6,2)(8,7)) 0.008333333333333333
((6,2)(10,5)) 0.008333333333333333
((6,2)(7,3)) 0.008333333333333333
((6,3)(6,3)) 0.7445255474452555
((6,3)(6,2)) 0.014598540145985401
((6,3)(6,7)) 0.014598540145985401
((6,3)(6,4)) 0.014598540145985401
((6,3)(9,8)) 0.0072992700729927005
((6,3)(6,5)) 0.029197080291970802
((6,3)(8,0)) 0.014598540145985401
((6,3)(9,7)) 0.021897810218978103
((6,3)(7,4)) 0.0072992700729927005
((6,3)(10,8)) 0.029197080291970802
((6,3)(10,7)) 0.0072992700729927005
((6,3)(5,1)) 0.014598540145985401
((6,3)(9,3)) 0.0072992700729927005
((6,3)(8,8)) 0.0072992700729927005
((6,3)(5,3)) 0.0072992700729927005
((6,3)(10,6)) 0.014598540145985401
((6,3)(8,2)) 0.0072992700729927005
((6,3)(11,6)) 0.0072992700729927005
((6,3)(8,4)) 0.0072992700729927005
((6,3)(8,14)) 0.0072992700729927005
((6,3)(8,6)) 0.014598540145985401
((6,6)(6,6)) 0.6689655172413793
((6,6)(7,7)) 0.020689655172413793
((6,6)(5,6)) 0.06896551724137931
((6,6)(4,6)) 0.013793103448275862
((6,6)(9,6)) 0.006896551724137931
((6,6)(7,4)) 0.006896551724137931
((6,6)(10,18)) 0.013793103448275862
((6,6)(9,8)) 0.034482758620689655
((6,6)(10,6)) 0.006896551724137931
((6,6)(7,9)) 0.006896551724137931
((6,6)(4,5)) 0.006896551724137931
((6,6)(7,6)) 0.020689655172413793
((6,6)(10,8)) 0.013793103448275862
((6,6)(6,5)) 0.006896551724137931
((6,6)(5,7)) 0.013793103448275862
((6,6)(6,4)) 0.013793103448275862
((6,6)(5,4)) 0.006896551724137931
((6,6)(6,7)) 0.027586206896551724
((6,6)(13,7)) 0.006896551724137931
((6,6)(11,10)) 0.013793103448275862
((6,6)(8,6)) 0.013793103448275862
((6,6)(8,7)) 0.006896551724137931
((7,7)(7,7)) 0.738498789346247
((7,7)(10,8)) 0.020984665052461663
((7,7)(10,6)) 0.02824858757062147
((7,7)(11,6)) 0.003228410008071025
((7,7)(4,6)) 0.01533494753833737
((7,7)(8,7)) 0.02986279257465698
((7,7)(5,7)) 0.00887812752219532
((7,7)(6,7)) 0.014527845036319613
((7,7)(12,6)) 0.00887812752219532
((7,7)(8,6)) 0.010492332526230832
((7,7)(8,10)) 0.0016142050040355124
((7,7)(10,9)) 0.0008071025020177562
((7,7)(1,5)) 0.004842615012106538
((7,7)(14,1)) 0.0008071025020177562
((7,7)(8,8)) 0.008071025020177562
((7,7)(7,9)) 0.005649717514124294
((7,7)(9,8)) 0.018563357546408393
((7,7)(10,10)) 0.008071025020177562
((7,7)(7,6)) 0.009685230024213076
((7,7)(3,9)) 0.003228410008071025
((7,7)(12,13)) 0.002421307506053269
((7,7)(4,4)) 0.0016142050040355124
((7,7)(9,7)) 0.0008071025020177562
((7,7)(3,6)) 0.0016142050040355124
((7,7)(7,8)) 0.004842615012106538
((7,7)(11,8)) 0.002421307506053269
((7,7)(6,6)) 0.002421307506053269
((7,7)(11,15)) 0.0016142050040355124
((7,7)(10,16)) 0.003228410008071025
((7,7)(8,9)) 0.005649717514124294
((7,7)(14,6)) 0.003228410008071025
((7,7)(8,18)) 0.0008071025020177562
((7,7)(4,7)) 0.0016142050040355124
((7,7)(3,5)) 0.004035512510088781
((7,7)(9,6)) 0.002421307506053269
((7,7)(10,5)) 0.0008071025020177562
((7,7)(5,5)) 0.0008071025020177562
((7,7)(12,5)) 0.0016142050040355124
((7,7)(9,10)) 0.0008071025020177562
((7,7)(10,4)) 0.0016142050040355124
((7,7)(9,4)) 0.0008071025020177562
((7,7)(5,4)) 0.004035512510088781
((7,7)(3,7)) 0.0008071025020177562
((7,7)(11,14)) 0.0008071025020177562
((7,7)(11,4)) 0.0008071025020177562
((7,7)(2,6)) 0.0008071025020177562
((7,7)(16,14)) 0.0008071025020177562
((7,7)(8,13)) 0.0008071025020177562
((7,7)(11,7)) 0.0008071025020177562
((7,7)(14,13)) 0.0016142050040355124
((7,7)(2,5)) 0.002421307506053269
((7,7)(13,10)) 0.0008071025020177562
((11,8)(11,8)) 0.7164667393675027
((11,8)(10,8)) 0.064340239912759
((11,8)(8,6)) 0.008724100327153763
((11,8)(13,10)) 0.017448200654307525
((11,8)(16,7)) 0.0021810250817884407
((11,8)(18,16)) 0.014176663031624863
((11,8)(12,6)) 0.009814612868047983
((11,8)(11,9)) 0.010905125408942203
((11,8)(8,7)) 0.006543075245365322
((11,8)(12,7)) 0.007633587786259542
((11,8)(9,7)) 0.009814612868047983
((11,8)(13,5)) 0.0010905125408942203
((11,8)(10,1)) 0.0010905125408942203
((11,8)(11,7)) 0.007633587786259542
((11,8)(13,7)) 0.008724100327153763
((11,8)(12,5)) 0.0010905125408942203
((11,8)(8,8)) 0.0021810250817884407
((11,8)(9,8)) 0.021810250817884406
((11,8)(8,10)) 0.0010905125408942203
((11,8)(9,3)) 0.0010905125408942203
((11,8)(12,11)) 0.0021810250817884407
((11,8)(5,4)) 0.003271537622682661
((11,8)(5,7)) 0.0054525627044711015
((11,8)(10,6)) 0.007633587786259542
((11,8)(10,9)) 0.0021810250817884407
((11,8)(14,6)) 0.008724100327153763
((11,8)(7,7)) 0.004362050163576881
((11,8)(12,8)) 0.0021810250817884407
((11,8)(18,4)) 0.004362050163576881
((11,8)(11,6)) 0.0021810250817884407
((11,8)(11,12)) 0.0010905125408942203
((11,8)(17,9)) 0.0021810250817884407
((11,8)(15,6)) 0.0054525627044711015
((11,8)(10,18)) 0.0010905125408942203
((11,8)(8,13)) 0.0010905125408942203
((11,8)(13,15)) 0.0010905125408942203
((11,8)(10,5)) 0.0010905125408942203
((11,8)(7,8)) 0.0010905125408942203
((11,8)(9,11)) 0.0010905125408942203
((11,8)(14,13)) 0.0021810250817884407
((11,8)(11,4)) 0.0021810250817884407
((11,8)(12,2)) 0.0010905125408942203
((11,8)(3,9)) 0.0010905125408942203
((11,8)(12,9)) 0.003271537622682661
((11,8)(11,15)) 0.0021810250817884407
((11,8)(8,18)) 0.0021810250817884407
((11,8)(7,9)) 0.0010905125408942203
((11,8)(8,5)) 0.0010905125408942203
((11,8)(11,5)) 0.0010905125408942203
((11,8)(10,3)) 0.0010905125408942203
((11,8)(12,10)) 0.0010905125408942203
((11,8)(11,10)) 0.0010905125408942203
((11,8)(9,6)) 0.0010905125408942203
((11,8)(16,6)) 0.0010905125408942203
((11,8)(8,9)) 0.0010905125408942203
((11,8)(10,7)) 0.0010905125408942203
((11,8)(6,7)) 0.0010905125408942203
((11,8)(8,12)) 0.0010905125408942203
((11,8)(4,5)) 0.0010905125408942203
((4,4)(4,4)) 0.7932098765432098
((4,4)(5,4)) 0.05246913580246913
((4,4)(6,4)) 0.0030864197530864196
((4,4)(9,9)) 0.0030864197530864196
((4,4)(8,6)) 0.024691358024691357
((4,4)(8,18)) 0.0030864197530864196
((4,4)(2,5)) 0.0030864197530864196
((4,4)(8,7)) 0.015432098765432098
((4,4)(4,5)) 0.006172839506172839
((4,4)(6,5)) 0.0030864197530864196
((4,4)(3,3)) 0.018518518518518517
((4,4)(3,5)) 0.018518518518518517
((4,4)(3,4)) 0.027777777777777776
((4,4)(7,7)) 0.006172839506172839
((4,4)(5,7)) 0.0030864197530864196
((4,4)(11,8)) 0.0030864197530864196
((4,4)(2,4)) 0.0030864197530864196
((4,4)(11,7)) 0.006172839506172839
((4,4)(10,7)) 0.0030864197530864196
((4,4)(10,8)) 0.0030864197530864196
((5,4)(5,4)) 0.6694214876033058
((5,4)(7,7)) 0.013774104683195593
((5,4)(4,4)) 0.046831955922865015
((5,4)(9,6)) 0.0027548209366391185
((5,4)(8,8)) 0.01652892561983471
((5,4)(6,1)) 0.005509641873278237
((5,4)(9,8)) 0.03856749311294766
((5,4)(3,5)) 0.01928374655647383
((5,4)(10,5)) 0.0027548209366391185
((5,4)(8,6)) 0.024793388429752067
((5,4)(5,3)) 0.01928374655647383
((5,4)(8,7)) 0.03581267217630854
((5,4)(10,6)) 0.005509641873278237
((5,4)(10,8)) 0.008264462809917356
((5,4)(6,4)) 0.008264462809917356
((5,4)(7,1)) 0.01928374655647383
((5,4)(9,7)) 0.0027548209366391185
((5,4)(2,5)) 0.0027548209366391185
((5,4)(3,6)) 0.0027548209366391185
((5,4)(4,5)) 0.005509641873278237
((5,4)(5,5)) 0.0027548209366391185
((5,4)(6,3)) 0.008264462809917356
((5,4)(7,6)) 0.005509641873278237
((5,4)(11,8)) 0.005509641873278237
((5,4)(6,7)) 0.005509641873278237
((5,4)(7,5)) 0.0027548209366391185
((5,4)(12,6)) 0.0027548209366391185
((5,4)(10,3)) 0.0027548209366391185
((5,4)(6,6)) 0.005509641873278237
((5,4)(13,6)) 0.0027548209366391185
((5,4)(3,3)) 0.005509641873278237
((10,6)(10,6)) 0.7442371020856202
((10,6)(5,4)) 0.002561287961946579
((10,6)(11,6)) 0.006952067325283571
((10,6)(10,7)) 0.007317965605561654
((10,6)(11,4)) 0.00951335528723015
((10,6)(8,2)) 0.003658982802780827
((10,6)(8,5)) 0.0010976948408342481
((10,6)(12,6)) 0.01756311745334797
((10,6)(9,6)) 0.006586169045005488
((10,6)(7,7)) 0.010611050128064398
((10,6)(14,6)) 0.0043907793633369925
((10,6)(6,3)) 0.0007317965605561653
((10,6)(10,5)) 0.025246981339187707
((10,6)(10,8)) 0.021953896816684963
((10,6)(8,6)) 0.019758507135016465
((10,6)(11,8)) 0.003658982802780827
((10,6)(9,5)) 0.003658982802780827
((10,6)(12,13)) 0.00036589828027808267
((10,6)(10,0)) 0.005854372484449323
((10,6)(12,7)) 0.0029271862422246614
((10,6)(12,0)) 0.0007317965605561653
((10,6)(6,1)) 0.0010976948408342481
((10,6)(9,4)) 0.012806439809732895
((10,6)(11,2)) 0.0010976948408342481
((10,6)(12,8)) 0.004756677643615075
((10,6)(9,8)) 0.00951335528723015
((10,6)(8,8)) 0.00402488108305891
((10,6)(9,3)) 0.003293084522502744
((10,6)(9,7)) 0.004756677643615075
((10,6)(9,2)) 0.002561287961946579
((10,6)(4,6)) 0.0007317965605561653
((10,6)(7,1)) 0.0018294914013904135
((10,6)(11,10)) 0.00036589828027808267
((10,6)(10,10)) 0.00036589828027808267
((10,6)(11,9)) 0.0021953896816684962
((10,6)(10,4)) 0.00402488108305891
((10,6)(13,10)) 0.0010976948408342481
((10,6)(10,1)) 0.0043907793633369925
((10,6)(16,1)) 0.0014635931211123307
((10,6)(9,9)) 0.00036589828027808267
((10,6)(8,0)) 0.0043907793633369925
((10,6)(13,7)) 0.0010976948408342481
((10,6)(17,4)) 0.0021953896816684962
((10,6)(7,8)) 0.00036589828027808267
((10,6)(8,7)) 0.0007317965605561653
((10,6)(4,4)) 0.0010976948408342481
((10,6)(11,5)) 0.0014635931211123307
((10,6)(12,4)) 0.0014635931211123307
((10,6)(11,11)) 0.0018294914013904135
((10,6)(7,6)) 0.0029271862422246614
((10,6)(3,6)) 0.00036589828027808267
((10,6)(8,14)) 0.0007317965605561653
((10,6)(13,3)) 0.0007317965605561653
((10,6)(16,7)) 0.0007317965605561653
((10,6)(8,1)) 0.0018294914013904135
((10,6)(8,9)) 0.0010976948408342481
((10,6)(7,9)) 0.0021953896816684962
((10,6)(12,5)) 0.00036589828027808267
((10,6)(8,3)) 0.0007317965605561653
((10,6)(10,16)) 0.00036589828027808267
((10,6)(5,6)) 0.00036589828027808267
((10,6)(10,12)) 0.00036589828027808267
((10,6)(14,1)) 0.00036589828027808267
((10,6)(3,5)) 0.00036589828027808267
((10,6)(15,5)) 0.00036589828027808267
((10,6)(16,5)) 0.00036589828027808267
((10,6)(16,4)) 0.00036589828027808267
((10,6)(10,9)) 0.0007317965605561653
((10,6)(12,11)) 0.00036589828027808267
((10,6)(11,14)) 0.00036589828027808267
((10,6)(12,9)) 0.00036589828027808267
((10,6)(13,6)) 0.0010976948408342481
((10,6)(11,0)) 0.0010976948408342481
((10,6)(6,4)) 0.00036589828027808267
((10,6)(6,2)) 0.0007317965605561653
((10,6)(5,1)) 0.00036589828027808267
((10,6)(16,6)) 0.0007317965605561653
((10,6)(11,12)) 0.00036589828027808267
((10,6)(13,4)) 0.00036589828027808267
((10,6)(2,3)) 0.00036589828027808267
((10,6)(7,0)) 0.00036589828027808267
((10,6)(7,3)) 0.0007317965605561653
((10,6)(10,3)) 0.00036589828027808267
((10,6)(9,10)) 0.00036589828027808267
((10,6)(17,3)) 0.0007317965605561653
((10,6)(12,1)) 0.00036589828027808267
((10,6)(12,16)) 0.00036589828027808267
((9,6)(9,6)) 0.7236842105263158
((9,6)(5,4)) 0.001644736842105263
((9,6)(9,7)) 0.018092105263157895
((9,6)(9,9)) 0.004934210526315789
((9,6)(11,4)) 0.006578947368421052
((9,6)(8,6)) 0.07072368421052631
((9,6)(9,8)) 0.029605263157894735
((9,6)(10,18)) 0.001644736842105263
((9,6)(10,16)) 0.001644736842105263
((9,6)(10,6)) 0.039473684210526314
((9,6)(7,6)) 0.003289473684210526
((9,6)(11,9)) 0.003289473684210526
((9,6)(10,8)) 0.009868421052631578
((9,6)(8,5)) 0.004934210526315789
((9,6)(12,6)) 0.004934210526315789
((9,6)(6,5)) 0.001644736842105263
((9,6)(6,4)) 0.001644736842105263
((9,6)(5,1)) 0.004934210526315789
((9,6)(6,1)) 0.003289473684210526
((9,6)(13,10)) 0.001644736842105263
((9,6)(10,10)) 0.001644736842105263
((9,6)(10,1)) 0.001644736842105263
((9,6)(9,5)) 0.009868421052631578
((9,6)(4,6)) 0.004934210526315789
((9,6)(10,9)) 0.006578947368421052
((9,6)(12,16)) 0.001644736842105263
((9,6)(10,5)) 0.001644736842105263
((9,6)(10,7)) 0.003289473684210526
((9,6)(12,5)) 0.001644736842105263
((9,6)(17,4)) 0.001644736842105263
((9,6)(12,3)) 0.001644736842105263
((9,6)(14,6)) 0.001644736842105263
((9,6)(8,7)) 0.001644736842105263
((9,6)(9,10)) 0.001644736842105263
((9,6)(12,8)) 0.003289473684210526
((9,6)(14,2)) 0.001644736842105263
((9,6)(12,12)) 0.003289473684210526
((9,6)(10,4)) 0.001644736842105263
((9,6)(5,7)) 0.001644736842105263
((9,6)(13,6)) 0.001644736842105263
((9,6)(17,16)) 0.001644736842105263
((9,6)(13,3)) 0.001644736842105263
((9,6)(11,8)) 0.001644736842105263
((9,6)(18,14)) 0.001644736842105263
((9,6)(13,12)) 0.001644736842105263
((12,7)(12,7)) 0.7314814814814815
((12,7)(11,6)) 0.013888888888888888
((12,7)(10,8)) 0.013888888888888888
((12,7)(12,8)) 0.05555555555555555
((12,7)(13,7)) 0.027777777777777776
((12,7)(10,6)) 0.037037037037037035
((12,7)(14,4)) 0.013888888888888888
((12,7)(12,6)) 0.023148148148148147
((12,7)(8,6)) 0.004629629629629629
((12,7)(5,7)) 0.004629629629629629
((12,7)(11,8)) 0.018518518518518517
((12,7)(11,7)) 0.004629629629629629
((12,7)(13,6)) 0.009259259259259259
((12,7)(8,8)) 0.023148148148148147
((12,7)(10,16)) 0.004629629629629629
((12,7)(9,8)) 0.004629629629629629
((12,7)(3,5)) 0.004629629629629629
((12,7)(14,6)) 0.004629629629629629
((11,6)(11,6)) 0.77431906614786
((11,6)(7,7)) 0.011673151750972763
((11,6)(10,6)) 0.05252918287937743
((11,6)(12,6)) 0.04669260700389105
((11,6)(12,1)) 0.019455252918287938
((11,6)(11,5)) 0.01556420233463035
((11,6)(11,15)) 0.0019455252918287938
((11,6)(10,7)) 0.005836575875486381
((11,6)(9,6)) 0.005836575875486381
((11,6)(10,8)) 0.017509727626459144
((11,6)(9,5)) 0.0019455252918287938
((11,6)(12,8)) 0.0019455252918287938
((11,6)(11,4)) 0.01556420233463035
((11,6)(10,5)) 0.0038910505836575876
((11,6)(9,9)) 0.0019455252918287938
((11,6)(9,8)) 0.005836575875486381
((11,6)(9,4)) 0.0038910505836575876
((11,6)(11,9)) 0.0019455252918287938
((11,6)(11,2)) 0.0019455252918287938
((11,6)(8,7)) 0.005836575875486381
((11,6)(13,7)) 0.0019455252918287938
((11,6)(11,7)) 0.0019455252918287938
((14,6)(14,6)) 0.6963696369636964
((14,6)(18,4)) 0.019801980198019802
((14,6)(9,8)) 0.0165016501650165
((14,6)(16,6)) 0.009900990099009901
((14,6)(12,8)) 0.0165016501650165
((14,6)(13,7)) 0.019801980198019802
((14,6)(13,8)) 0.006600660066006601
((14,6)(16,2)) 0.0033003300330033004
((14,6)(17,4)) 0.0165016501650165
((14,6)(8,6)) 0.009900990099009901
((14,6)(10,8)) 0.013201320132013201
((14,6)(12,6)) 0.036303630363036306
((14,6)(15,6)) 0.009900990099009901
((14,6)(7,7)) 0.013201320132013201
((14,6)(14,7)) 0.019801980198019802
((14,6)(11,8)) 0.019801980198019802
((14,6)(11,6)) 0.0033003300330033004
((14,6)(11,5)) 0.0033003300330033004
((14,6)(13,6)) 0.009900990099009901
((14,6)(9,7)) 0.0033003300330033004
((14,6)(7,9)) 0.0033003300330033004
((14,6)(12,7)) 0.006600660066006601
((14,6)(10,6)) 0.019801980198019802
((14,6)(15,5)) 0.0033003300330033004
((14,6)(16,4)) 0.0033003300330033004
((14,6)(3,9)) 0.0033003300330033004
((14,6)(13,4)) 0.0033003300330033004
((14,6)(15,7)) 0.006600660066006601
((14,6)(9,4)) 0.0033003300330033004
((18,4)(18,4)) 0.7849462365591398
((18,4)(14,6)) 0.043010752688172046
((18,4)(17,4)) 0.043010752688172046
((18,4)(11,8)) 0.053763440860215055
((18,4)(16,4)) 0.010752688172043012
((18,4)(8,7)) 0.010752688172043012
((18,4)(12,6)) 0.010752688172043012
((18,4)(10,0)) 0.010752688172043012
((18,4)(8,0)) 0.010752688172043012
((18,4)(18,5)) 0.010752688172043012
((18,4)(10,8)) 0.010752688172043012
((9,8)(9,8)) 0.7397003745318352
((9,8)(18,4)) 0.0014044943820224719
((9,8)(9,9)) 0.010299625468164793
((9,8)(16,6)) 0.0023408239700374533
((9,8)(14,6)) 0.0028089887640449437
((9,8)(8,7)) 0.0056179775280898875
((9,8)(10,8)) 0.039794007490636704
((9,8)(10,7)) 0.005149812734082397
((9,8)(7,8)) 0.0028089887640449437
((9,8)(13,15)) 0.00046816479400749064
((9,8)(9,7)) 0.010767790262172285
((9,8)(10,6)) 0.011704119850187267
((9,8)(7,7)) 0.013576779026217229
((9,8)(7,9)) 0.008895131086142321
((9,8)(3,6)) 0.0028089887640449437
((9,8)(12,13)) 0.0009363295880149813
((9,8)(12,6)) 0.010299625468164793
((9,8)(8,10)) 0.0009363295880149813
((9,8)(8,3)) 0.0014044943820224719
((9,8)(11,8)) 0.008895131086142321
((9,8)(10,10)) 0.0028089887640449437
((9,8)(8,9)) 0.0046816479400749065
((9,8)(2,5)) 0.0018726591760299626
((9,8)(9,13)) 0.0032771535580524347
((9,8)(11,4)) 0.0018726591760299626
((9,8)(8,8)) 0.009831460674157303
((9,8)(9,17)) 0.0009363295880149813
((9,8)(11,12)) 0.0014044943820224719
((9,8)(11,15)) 0.0018726591760299626
((9,8)(5,1)) 0.00046816479400749064
((9,8)(5,4)) 0.006554307116104869
((9,8)(6,7)) 0.003745318352059925
((9,8)(9,6)) 0.00749063670411985
((9,8)(6,6)) 0.0032771535580524347
((9,8)(8,6)) 0.003745318352059925
((9,8)(10,14)) 0.0028089887640449437
((9,8)(4,6)) 0.0056179775280898875
((9,8)(11,10)) 0.0046816479400749065
((9,8)(10,0)) 0.0018726591760299626
((9,8)(8,14)) 0.0023408239700374533
((9,8)(8,5)) 0.0014044943820224719
((9,8)(10,9)) 0.003745318352059925
((9,8)(8,18)) 0.006086142322097378
((9,8)(10,5)) 0.0014044943820224719
((9,8)(11,9)) 0.004213483146067416
((9,8)(11,14)) 0.00046816479400749064
((9,8)(5,7)) 0.0014044943820224719
((9,8)(10,12)) 0.00046816479400749064
((9,8)(13,7)) 0.0014044943820224719
((9,8)(12,8)) 0.0014044943820224719
((9,8)(3,5)) 0.007958801498127341
((9,8)(17,4)) 0.0009363295880149813
((9,8)(7,6)) 0.00046816479400749064
((9,8)(12,7)) 0.00046816479400749064
((9,8)(10,16)) 0.0009363295880149813
((9,8)(8,19)) 0.0009363295880149813
((9,8)(9,18)) 0.00046816479400749064
((9,8)(7,12)) 0.0009363295880149813
((9,8)(13,10)) 0.0014044943820224719
((9,8)(3,9)) 0.00046816479400749064
((9,8)(2,6)) 0.00046816479400749064
((9,8)(10,18)) 0.0009363295880149813
((9,8)(11,6)) 0.0018726591760299626
((9,8)(13,6)) 0.00046816479400749064
((9,8)(9,10)) 0.00046816479400749064
((9,8)(12,2)) 0.00046816479400749064
((9,8)(9,4)) 0.0009363295880149813
((9,8)(18,14)) 0.0009363295880149813
((9,8)(5,3)) 0.00046816479400749064
((9,8)(10,3)) 0.00046816479400749064
((9,8)(17,5)) 0.00046816479400749064
((9,8)(11,19)) 0.00046816479400749064
((9,8)(11,7)) 0.00046816479400749064
((9,8)(5,6)) 0.00046816479400749064
((9,8)(8,12)) 0.0009363295880149813
((9,8)(10,2)) 0.0009363295880149813
((6,1)(6,1)) 0.7671232876712328
((6,1)(5,4)) 0.00684931506849315
((6,1)(8,8)) 0.0136986301369863
((6,1)(7,1)) 0.0684931506849315
((6,1)(6,0)) 0.0273972602739726
((6,1)(9,4)) 0.00684931506849315
((6,1)(13,4)) 0.00684931506849315
((6,1)(4,7)) 0.0136986301369863
((6,1)(13,10)) 0.00684931506849315
((6,1)(10,6)) 0.02054794520547945
((6,1)(8,3)) 0.00684931506849315
((6,1)(6,2)) 0.02054794520547945
((6,1)(9,5)) 0.0136986301369863
((6,1)(3,5)) 0.00684931506849315
((6,1)(9,3)) 0.00684931506849315
((6,1)(8,2)) 0.00684931506849315
((8,8)(8,8)) 0.6793349168646081
((8,8)(7,1)) 0.004750593824228029
((8,8)(8,7)) 0.028503562945368172
((8,8)(5,7)) 0.019002375296912115
((8,8)(17,4)) 0.0166270783847981
((8,8)(13,12)) 0.0023752969121140144
((8,8)(9,8)) 0.0498812351543943
((8,8)(9,7)) 0.009501187648456057
((8,8)(8,6)) 0.009501187648456057
((8,8)(7,7)) 0.026128266033254157
((8,8)(10,6)) 0.019002375296912115
((8,8)(16,14)) 0.0023752969121140144
((8,8)(11,8)) 0.011876484560570071
((8,8)(3,9)) 0.011876484560570071
((8,8)(10,7)) 0.004750593824228029
((8,8)(10,8)) 0.030878859857482184
((8,8)(10,0)) 0.0023752969121140144
((8,8)(11,9)) 0.0023752969121140144
((8,8)(6,7)) 0.014251781472684086
((8,8)(5,4)) 0.007125890736342043
((8,8)(7,8)) 0.007125890736342043
((8,8)(8,9)) 0.004750593824228029
((8,8)(9,10)) 0.0023752969121140144
((8,8)(6,8)) 0.0023752969121140144
((8,8)(12,6)) 0.0023752969121140144
((8,8)(12,8)) 0.004750593824228029
((8,8)(5,1)) 0.0023752969121140144
((8,8)(6,2)) 0.0023752969121140144
((8,8)(10,18)) 0.0023752969121140144
((8,8)(16,6)) 0.0023752969121140144
((8,8)(14,13)) 0.0023752969121140144
((8,8)(7,9)) 0.0023752969121140144
((8,8)(11,4)) 0.0023752969121140144
((8,8)(12,7)) 0.004750593824228029
((8,8)(3,6)) 0.0023752969121140144
((7,1)(7,1)) 0.7079207920792079
((7,1)(6,1)) 0.09405940594059406
((7,1)(3,5)) 0.034653465346534656
((7,1)(6,2)) 0.019801980198019802
((7,1)(10,7)) 0.0049504950495049506
((7,1)(8,3)) 0.01485148514851485
((7,1)(8,2)) 0.06435643564356436
((7,1)(8,8)) 0.0049504950495049506
((7,1)(5,4)) 0.024752475247524754
((7,1)(8,6)) 0.0049504950495049506
((7,1)(10,6)) 0.009900990099009901
((7,1)(9,4)) 0.009900990099009901
((7,1)(7,2)) 0.0049504950495049506
((8,7)(8,7)) 0.7411242603550295
((8,7)(5,4)) 0.014792899408284023
((8,7)(7,7)) 0.051775147928994084
((8,7)(12,6)) 0.008875739644970414
((8,7)(10,8)) 0.023668639053254437
((8,7)(11,9)) 0.0014792899408284023
((8,7)(11,8)) 0.010355029585798817
((8,7)(6,7)) 0.010355029585798817
((8,7)(5,7)) 0.004437869822485207
((8,7)(8,8)) 0.020710059171597635
((8,7)(13,12)) 0.0014792899408284023
((8,7)(9,8)) 0.019230769230769232
((8,7)(9,7)) 0.023668639053254437
((8,7)(8,6)) 0.010355029585798817
((8,7)(3,9)) 0.0029585798816568047
((8,7)(3,5)) 0.008875739644970414
((8,7)(10,6)) 0.005917159763313609
((8,7)(6,3)) 0.0014792899408284023
((8,7)(11,12)) 0.0014792899408284023
((8,7)(9,9)) 0.0014792899408284023
((8,7)(4,7)) 0.0029585798816568047
((8,7)(3,7)) 0.0014792899408284023
((8,7)(4,6)) 0.0073964497041420114
((8,7)(3,3)) 0.0014792899408284023
((8,7)(4,4)) 0.005917159763313609
((8,7)(7,6)) 0.0014792899408284023
((8,7)(14,6)) 0.0014792899408284023
((8,7)(18,8)) 0.0029585798816568047
((8,7)(16,7)) 0.0014792899408284023
((8,7)(13,10)) 0.0014792899408284023
((8,7)(11,6)) 0.0029585798816568047
((8,7)(8,4)) 0.0029585798816568047
((8,7)(10,4)) 0.0014792899408284023
((4,6)(4,6)) 0.7793427230046949
((4,6)(3,7)) 0.007042253521126761
((4,6)(6,7)) 0.011737089201877934
((4,6)(10,10)) 0.002347417840375587
((4,6)(8,6)) 0.004694835680751174
((4,6)(4,5)) 0.014084507042253521
((4,6)(9,8)) 0.018779342723004695
((4,6)(6,6)) 0.004694835680751174
((4,6)(10,6)) 0.011737089201877934
((4,6)(3,9)) 0.011737089201877934
((4,6)(11,8)) 0.007042253521126761
((4,6)(3,5)) 0.007042253521126761
((4,6)(7,7)) 0.028169014084507043
((4,6)(8,9)) 0.007042253521126761
((4,6)(5,6)) 0.004694835680751174
((4,6)(3,6)) 0.009389671361502348
((4,6)(13,11)) 0.002347417840375587
((4,6)(2,5)) 0.004694835680751174
((4,6)(9,6)) 0.004694835680751174
((4,6)(5,7)) 0.023474178403755867
((4,6)(8,7)) 0.002347417840375587
((4,6)(5,5)) 0.002347417840375587
((4,6)(11,12)) 0.002347417840375587
((4,6)(10,8)) 0.002347417840375587
((4,6)(10,7)) 0.004694835680751174
((4,6)(5,4)) 0.004694835680751174
((4,6)(4,7)) 0.011737089201877934
((4,6)(14,8)) 0.002347417840375587
((4,6)(7,9)) 0.002347417840375587
((3,7)(3,7)) 0.7580645161290323
((3,7)(4,6)) 0.04838709677419355
((3,7)(4,7)) 0.08064516129032258
((3,7)(5,8)) 0.016129032258064516
((3,7)(8,7)) 0.016129032258064516
((3,7)(3,6)) 0.016129032258064516
((3,7)(7,7)) 0.016129032258064516
((3,7)(3,8)) 0.016129032258064516
((3,7)(2,5)) 0.016129032258064516
((3,7)(3,5)) 0.016129032258064516
((6,7)(6,7)) 0.6979472140762464
((6,7)(7,7)) 0.05865102639296188
((6,7)(6,4)) 0.011730205278592375
((6,7)(5,7)) 0.03225806451612903
((6,7)(3,5)) 0.008797653958944282
((6,7)(12,6)) 0.011730205278592375
((6,7)(8,8)) 0.026392961876832845
((6,7)(8,6)) 0.005865102639296188
((6,7)(7,9)) 0.017595307917888565
((6,7)(4,6)) 0.008797653958944282
((6,7)(6,5)) 0.01466275659824047
((6,7)(10,10)) 0.002932551319648094
((6,7)(9,10)) 0.002932551319648094
((6,7)(8,9)) 0.002932551319648094
((6,7)(9,8)) 0.011730205278592375
((6,7)(7,8)) 0.002932551319648094
((6,7)(10,6)) 0.002932551319648094
((6,7)(11,8)) 0.005865102639296188
((6,7)(6,3)) 0.002932551319648094
((6,7)(12,4)) 0.002932551319648094
((6,7)(14,1)) 0.002932551319648094
((6,7)(8,7)) 0.005865102639296188
((6,7)(2,6)) 0.002932551319648094
((6,7)(5,1)) 0.002932551319648094
((6,7)(6,6)) 0.017595307917888565
((6,7)(7,5)) 0.002932551319648094
((6,7)(10,8)) 0.008797653958944282
((6,7)(2,5)) 0.01466275659824047
((6,7)(5,8)) 0.002932551319648094
((6,7)(8,14)) 0.002932551319648094
((6,7)(11,10)) 0.002932551319648094
((11,12)(11,12)) 0.6379310344827587
((11,12)(11,15)) 0.034482758620689655
((11,12)(10,10)) 0.05172413793103448
((11,12)(8,7)) 0.017241379310344827
((11,12)(11,10)) 0.017241379310344827
((11,12)(11,8)) 0.017241379310344827
((11,12)(10,8)) 0.13793103448275862
((11,12)(3,9)) 0.017241379310344827
((11,12)(7,7)) 0.017241379310344827
((11,12)(10,16)) 0.05172413793103448
((11,15)(11,15)) 0.7891737891737892
((11,15)(10,16)) 0.039886039886039885
((11,15)(16,14)) 0.019943019943019943
((11,15)(10,18)) 0.008547008547008548
((11,15)(11,6)) 0.002849002849002849
((11,15)(10,8)) 0.002849002849002849
((11,15)(17,13)) 0.002849002849002849
((11,15)(9,14)) 0.014245014245014245
((11,15)(9,8)) 0.022792022792022793
((11,15)(12,13)) 0.02564102564102564
((11,15)(12,16)) 0.014245014245014245
((11,15)(7,7)) 0.008547008547008548
((11,15)(10,10)) 0.002849002849002849
((11,15)(18,9)) 0.002849002849002849
((11,15)(10,17)) 0.002849002849002849
((11,15)(12,8)) 0.008547008547008548
((11,15)(11,12)) 0.002849002849002849
((11,15)(9,13)) 0.002849002849002849
((11,15)(7,13)) 0.002849002849002849
((11,15)(9,12)) 0.002849002849002849
((11,15)(9,17)) 0.005698005698005698
((11,15)(12,19)) 0.002849002849002849
((11,15)(9,9)) 0.002849002849002849
((11,15)(8,10)) 0.002849002849002849
((11,15)(7,12)) 0.002849002849002849
((11,15)(8,18)) 0.002849002849002849
((10,16)(10,16)) 0.7975
((10,16)(10,17)) 0.015
((10,16)(18,16)) 0.0125
((10,16)(10,19)) 0.0275
((10,16)(10,18)) 0.035
((10,16)(11,14)) 0.0175
((10,16)(10,10)) 0.01
((10,16)(9,6)) 0.0025
((10,16)(11,15)) 0.0325
((10,16)(9,17)) 0.005
((10,16)(3,9)) 0.0025
((10,16)(8,7)) 0.0025
((10,16)(8,18)) 0.0025
((10,16)(13,17)) 0.0025
((10,16)(10,6)) 0.005
((10,16)(10,8)) 0.005
((10,16)(9,8)) 0.0025
((10,16)(13,12)) 0.0025
((10,16)(11,8)) 0.0025
((10,16)(8,19)) 0.0025
((10,16)(10,9)) 0.0025
((10,16)(17,11)) 0.0025
((10,16)(12,17)) 0.0075
((10,16)(9,7)) 0.0025
((10,17)(10,17)) 0.6190476190476191
((10,17)(10,19)) 0.09523809523809523
((10,17)(10,16)) 0.047619047619047616
((10,17)(11,11)) 0.047619047619047616
((10,17)(11,14)) 0.047619047619047616
((10,17)(10,8)) 0.047619047619047616
((10,17)(5,8)) 0.047619047619047616
((10,17)(9,17)) 0.047619047619047616
((1,5)(1,5)) 0.7571428571428571
((1,5)(2,5)) 0.1
((1,5)(0,6)) 0.02857142857142857
((1,5)(3,5)) 0.014285714285714285
((1,5)(1,4)) 0.014285714285714285
((1,5)(8,8)) 0.014285714285714285
((1,5)(11,6)) 0.05714285714285714
((1,5)(4,5)) 0.014285714285714285
((2,5)(2,5)) 0.7705479452054794
((2,5)(3,5)) 0.04794520547945205
((2,5)(3,6)) 0.04794520547945205
((2,5)(1,5)) 0.04794520547945205
((2,5)(2,6)) 0.010273972602739725
((2,5)(9,8)) 0.017123287671232876
((2,5)(7,9)) 0.003424657534246575
((2,5)(8,0)) 0.003424657534246575
((2,5)(1,6)) 0.00684931506849315
((2,5)(4,6)) 0.00684931506849315
((2,5)(9,7)) 0.003424657534246575
((2,5)(3,3)) 0.003424657534246575
((2,5)(7,8)) 0.003424657534246575
((2,5)(6,7)) 0.0136986301369863
((2,5)(16,5)) 0.003424657534246575
((2,5)(7,7)) 0.010273972602739725
((3,5)(3,5)) 0.7428087986463621
((3,5)(4,5)) 0.011844331641285956
((3,5)(3,6)) 0.047377326565143825
((3,5)(2,5)) 0.03722504230118443
((3,5)(6,6)) 0.001692047377326565
((3,5)(10,8)) 0.015228426395939087
((3,5)(7,1)) 0.01353637901861252
((3,5)(5,4)) 0.008460236886632826
((3,5)(5,7)) 0.008460236886632826
((3,5)(4,4)) 0.008460236886632826
((3,5)(6,7)) 0.00338409475465313
((3,5)(3,4)) 0.00338409475465313
((3,5)(6,1)) 0.001692047377326565
((3,5)(5,3)) 0.01353637901861252
((3,5)(8,0)) 0.001692047377326565
((3,5)(12,6)) 0.011844331641285956
((3,5)(10,6)) 0.005076142131979695
((3,5)(4,7)) 0.001692047377326565
((3,5)(8,2)) 0.001692047377326565
((3,5)(3,7)) 0.001692047377326565
((3,5)(4,6)) 0.001692047377326565
((3,5)(9,8)) 0.025380710659898477
((3,5)(4,3)) 0.001692047377326565
((3,5)(12,8)) 0.00338409475465313
((3,5)(7,9)) 0.001692047377326565
((3,5)(8,6)) 0.00676818950930626
((3,5)(3,3)) 0.001692047377326565
((3,5)(16,5)) 0.00338409475465313
((3,5)(10,7)) 0.001692047377326565
((3,5)(8,8)) 0.001692047377326565
((3,5)(10,10)) 0.00676818950930626
((3,5)(8,18)) 0.001692047377326565
((3,5)(2,6)) 0.001692047377326565
((4,5)(4,5)) 0.6404494382022472
((4,5)(3,5)) 0.2247191011235955
((4,5)(7,7)) 0.033707865168539325
((4,5)(4,4)) 0.033707865168539325
((4,5)(4,6)) 0.0449438202247191
((4,5)(7,6)) 0.011235955056179775
((4,5)(5,4)) 0.011235955056179775
((3,6)(3,6)) 0.6944444444444444
((3,6)(3,5)) 0.09126984126984126
((3,6)(4,7)) 0.023809523809523808
((3,6)(2,5)) 0.051587301587301584
((3,6)(6,3)) 0.007936507936507936
((3,6)(9,8)) 0.01984126984126984
((3,6)(8,8)) 0.007936507936507936
((3,6)(5,3)) 0.007936507936507936
((3,6)(8,6)) 0.003968253968253968
((3,6)(5,7)) 0.015873015873015872
((3,6)(6,2)) 0.003968253968253968
((3,6)(4,6)) 0.03571428571428571
((3,6)(4,5)) 0.003968253968253968
((3,6)(3,9)) 0.003968253968253968
((3,6)(7,6)) 0.003968253968253968
((3,6)(14,6)) 0.003968253968253968
((3,6)(2,6)) 0.003968253968253968
((3,6)(7,1)) 0.003968253968253968
((3,6)(11,8)) 0.003968253968253968
((3,6)(8,7)) 0.003968253968253968
((3,6)(7,7)) 0.003968253968253968
((3,3)(3,3)) 0.7606837606837606
((3,3)(4,2)) 0.02564102564102564
((3,3)(5,4)) 0.017094017094017096
((3,3)(8,6)) 0.03418803418803419
((3,3)(2,7)) 0.008547008547008548
((3,3)(10,6)) 0.008547008547008548
((3,3)(4,4)) 0.03418803418803419
((3,3)(2,4)) 0.008547008547008548
((3,3)(9,9)) 0.017094017094017096
((3,3)(9,8)) 0.008547008547008548
((3,3)(3,6)) 0.008547008547008548
((3,3)(5,7)) 0.008547008547008548
((3,3)(9,7)) 0.008547008547008548
((3,3)(12,8)) 0.008547008547008548
((3,3)(6,7)) 0.008547008547008548
((3,3)(7,7)) 0.008547008547008548
((3,3)(9,4)) 0.02564102564102564
((4,2)(4,2)) 0.8666666666666667
((4,2)(3,3)) 0.13333333333333333
((16,6)(16,6)) 0.81
((16,6)(9,8)) 0.06
((16,6)(9,9)) 0.01
((16,6)(9,17)) 0.03
((16,6)(10,8)) 0.01
((16,6)(17,4)) 0.03
((16,6)(14,6)) 0.02
((16,6)(11,8)) 0.01
((16,6)(16,5)) 0.02
((9,9)(9,9)) 0.7066974595842956
((9,9)(9,8)) 0.04387990762124711
((9,9)(10,8)) 0.03695150115473441
((9,9)(12,19)) 0.016166281755196306
((9,9)(4,4)) 0.0023094688221709007
((9,9)(5,4)) 0.0023094688221709007
((9,9)(11,9)) 0.0023094688221709007
((9,9)(10,7)) 0.009237875288683603
((9,9)(11,7)) 0.0023094688221709007
((9,9)(11,10)) 0.0023094688221709007
((9,9)(10,10)) 0.0023094688221709007
((9,9)(10,18)) 0.004618937644341801
((9,9)(11,15)) 0.006928406466512702
((9,9)(11,2)) 0.0023094688221709007
((9,9)(10,14)) 0.0023094688221709007
((9,9)(9,7)) 0.011547344110854504
((9,9)(12,10)) 0.006928406466512702
((9,9)(8,9)) 0.016166281755196306
((9,9)(9,10)) 0.011547344110854504
((9,9)(8,18)) 0.02771362586605081
((9,9)(10,9)) 0.009237875288683603
((9,9)(9,6)) 0.004618937644341801
((9,9)(8,10)) 0.0023094688221709007
((9,9)(8,7)) 0.004618937644341801
((9,9)(10,6)) 0.004618937644341801
((9,9)(12,6)) 0.004618937644341801
((9,9)(8,6)) 0.006928406466512702
((9,9)(12,9)) 0.0023094688221709007
((9,9)(9,17)) 0.0023094688221709007
((9,9)(3,3)) 0.0023094688221709007
((9,9)(13,10)) 0.009237875288683603
((9,9)(7,9)) 0.004618937644341801
((9,9)(16,6)) 0.0023094688221709007
((9,9)(11,6)) 0.004618937644341801
((9,9)(8,8)) 0.0023094688221709007
((9,9)(9,12)) 0.0023094688221709007
((9,9)(11,19)) 0.0023094688221709007
((9,9)(10,11)) 0.009237875288683603
((9,9)(11,8)) 0.0023094688221709007
((17,4)(17,4)) 0.7459016393442623
((17,4)(8,8)) 0.028688524590163935
((17,4)(17,5)) 0.028688524590163935
((17,4)(5,7)) 0.004098360655737705
((17,4)(18,4)) 0.02459016393442623
((17,4)(17,3)) 0.01639344262295082
((17,4)(13,7)) 0.01639344262295082
((17,4)(16,1)) 0.00819672131147541
((17,4)(16,6)) 0.020491803278688523
((17,4)(10,8)) 0.02459016393442623
((17,4)(18,12)) 0.004098360655737705
((17,4)(14,6)) 0.012295081967213115
((17,4)(18,9)) 0.004098360655737705
((17,4)(17,13)) 0.004098360655737705
((17,4)(12,8)) 0.004098360655737705
((17,4)(9,6)) 0.004098360655737705
((17,4)(9,8)) 0.004098360655737705
((17,4)(11,15)) 0.004098360655737705
((17,4)(9,17)) 0.00819672131147541
((17,4)(10,6)) 0.012295081967213115
((17,4)(8,6)) 0.00819672131147541
((17,4)(12,6)) 0.004098360655737705
((17,4)(10,3)) 0.004098360655737705
((17,4)(18,10)) 0.004098360655737705
((5,7)(5,7)) 0.7765726681127982
((5,7)(8,8)) 0.021691973969631236
((5,7)(5,8)) 0.01735357917570499
((5,7)(7,7)) 0.021691973969631236
((5,7)(8,7)) 0.019522776572668113
((5,7)(4,7)) 0.021691973969631236
((5,7)(10,8)) 0.026030368763557483
((5,7)(3,5)) 0.013015184381778741
((5,7)(3,6)) 0.004338394793926247
((5,7)(6,7)) 0.015184381778741865
((5,7)(11,8)) 0.010845986984815618
((5,7)(8,6)) 0.0021691973969631237
((5,7)(12,7)) 0.0021691973969631237
((5,7)(11,9)) 0.0021691973969631237
((5,7)(10,9)) 0.0021691973969631237
((5,7)(4,6)) 0.013015184381778741
((5,7)(3,8)) 0.0021691973969631237
((5,7)(3,7)) 0.0021691973969631237
((5,7)(2,5)) 0.006507592190889371
((5,7)(6,4)) 0.0021691973969631237
((5,7)(5,3)) 0.0021691973969631237
((5,7)(6,6)) 0.0021691973969631237
((5,7)(7,5)) 0.0021691973969631237
((5,7)(3,9)) 0.0021691973969631237
((5,7)(10,6)) 0.0021691973969631237
((5,7)(10,7)) 0.0021691973969631237
((5,7)(9,6)) 0.0021691973969631237
((5,7)(9,8)) 0.0021691973969631237
((17,5)(17,5)) 0.5294117647058824
((17,5)(17,4)) 0.4117647058823529
((17,5)(17,7)) 0.058823529411764705
((10,7)(10,7)) 0.7651821862348178
((10,7)(10,6)) 0.032388663967611336
((10,7)(10,9)) 0.001349527665317139
((10,7)(10,10)) 0.004048582995951417
((10,7)(9,8)) 0.014844804318488529
((10,7)(7,7)) 0.001349527665317139
((10,7)(10,8)) 0.0728744939271255
((10,7)(11,7)) 0.005398110661268556
((10,7)(8,4)) 0.004048582995951417
((10,7)(12,6)) 0.002699055330634278
((10,7)(11,6)) 0.005398110661268556
((10,7)(6,4)) 0.001349527665317139
((10,7)(12,7)) 0.001349527665317139
((10,7)(9,10)) 0.001349527665317139
((10,7)(13,7)) 0.001349527665317139
((10,7)(10,0)) 0.002699055330634278
((10,7)(8,6)) 0.004048582995951417
((10,7)(7,6)) 0.002699055330634278
((10,7)(9,6)) 0.005398110661268556
((10,7)(13,1)) 0.001349527665317139
((10,7)(8,10)) 0.001349527665317139
((10,7)(6,3)) 0.002699055330634278
((10,7)(9,7)) 0.002699055330634278
((10,7)(15,6)) 0.001349527665317139
((10,7)(12,12)) 0.004048582995951417
((10,7)(8,14)) 0.002699055330634278
((10,7)(16,7)) 0.002699055330634278
((10,7)(9,9)) 0.002699055330634278
((10,7)(11,8)) 0.004048582995951417
((10,7)(9,4)) 0.001349527665317139
((10,7)(9,2)) 0.004048582995951417
((10,7)(10,1)) 0.002699055330634278
((10,7)(7,9)) 0.002699055330634278
((10,7)(10,14)) 0.001349527665317139
((10,7)(8,18)) 0.001349527665317139
((10,7)(11,5)) 0.002699055330634278
((10,7)(9,5)) 0.001349527665317139
((10,7)(12,8)) 0.004048582995951417
((10,7)(8,7)) 0.002699055330634278
((10,7)(4,4)) 0.002699055330634278
((10,7)(11,4)) 0.002699055330634278
((10,7)(12,19)) 0.004048582995951417
((10,7)(14,2)) 0.001349527665317139
((10,7)(7,8)) 0.001349527665317139
((10,7)(10,5)) 0.001349527665317139
((10,7)(9,1)) 0.001349527665317139
((10,7)(8,2)) 0.001349527665317139
((10,7)(13,0)) 0.001349527665317139
((10,7)(11,10)) 0.001349527665317139
((10,7)(6,2)) 0.001349527665317139
((11,4)(11,4)) 0.6557377049180327
((11,4)(11,5)) 0.013114754098360656
((11,4)(10,6)) 0.06557377049180328
((11,4)(10,4)) 0.036065573770491806
((11,4)(10,5)) 0.01639344262295082
((11,4)(12,5)) 0.003278688524590164
((11,4)(10,1)) 0.02622950819672131
((11,4)(8,8)) 0.003278688524590164
((11,4)(11,6)) 0.03934426229508197
((11,4)(14,5)) 0.006557377049180328
((11,4)(10,8)) 0.029508196721311476
((11,4)(12,6)) 0.006557377049180328
((11,4)(13,3)) 0.003278688524590164
((11,4)(1,6)) 0.003278688524590164
((11,4)(12,7)) 0.003278688524590164
((11,4)(9,3)) 0.003278688524590164
((11,4)(8,2)) 0.003278688524590164
((11,4)(5,8)) 0.003278688524590164
((11,4)(9,10)) 0.009836065573770493
((11,4)(10,0)) 0.006557377049180328
((11,4)(9,9)) 0.003278688524590164
((11,4)(9,8)) 0.013114754098360656
((11,4)(4,6)) 0.006557377049180328
((11,4)(8,6)) 0.003278688524590164
((11,4)(7,7)) 0.003278688524590164
((11,4)(9,6)) 0.006557377049180328
((11,4)(11,8)) 0.003278688524590164
((11,4)(10,9)) 0.003278688524590164
((11,4)(8,4)) 0.003278688524590164
((11,4)(9,7)) 0.003278688524590164
((11,4)(12,2)) 0.003278688524590164
((11,4)(9,4)) 0.003278688524590164
((11,4)(11,3)) 0.003278688524590164
((11,4)(10,3)) 0.003278688524590164
((11,5)(11,5)) 0.7933884297520661
((11,5)(11,6)) 0.03305785123966942
((11,5)(11,4)) 0.049586776859504134
((11,5)(12,4)) 0.01652892561983471
((11,5)(9,8)) 0.008264462809917356
((11,5)(8,8)) 0.008264462809917356
((11,5)(12,5)) 0.01652892561983471
((11,5)(8,6)) 0.008264462809917356
((11,5)(11,8)) 0.01652892561983471
((11,5)(10,7)) 0.01652892561983471
((11,5)(10,6)) 0.01652892561983471
((11,5)(11,2)) 0.008264462809917356
((11,5)(18,16)) 0.008264462809917356
((6,4)(6,4)) 0.6408450704225352
((6,4)(5,7)) 0.02112676056338028
((6,4)(8,6)) 0.1056338028169014
((6,4)(6,3)) 0.014084507042253521
((6,4)(6,7)) 0.007042253521126761
((6,4)(6,6)) 0.007042253521126761
((6,4)(5,4)) 0.035211267605633804
((6,4)(10,7)) 0.007042253521126761
((6,4)(8,5)) 0.007042253521126761
((6,4)(4,4)) 0.014084507042253521
((6,4)(9,4)) 0.007042253521126761
((6,4)(8,14)) 0.007042253521126761
((6,4)(7,7)) 0.007042253521126761
((6,4)(4,6)) 0.007042253521126761
((6,4)(9,7)) 0.014084507042253521
((6,4)(6,5)) 0.02112676056338028
((6,4)(7,6)) 0.007042253521126761
((6,4)(9,8)) 0.007042253521126761
((6,4)(7,4)) 0.007042253521126761
((6,4)(9,6)) 0.014084507042253521
((6,4)(5,3)) 0.007042253521126761
((6,4)(3,9)) 0.007042253521126761
((6,4)(3,3)) 0.014084507042253521
((6,4)(10,6)) 0.007042253521126761
((6,4)(5,5)) 0.007042253521126761
((5,8)(5,8)) 0.5
((5,8)(3,9)) 0.125
((5,8)(5,7)) 0.15625
((5,8)(11,4)) 0.03125
((5,8)(7,7)) 0.0625
((5,8)(7,5)) 0.0625
((5,8)(4,8)) 0.03125
((5,8)(8,8)) 0.03125
((3,9)(3,9)) 0.7346938775510204
((3,9)(4,8)) 0.027210884353741496
((3,9)(8,7)) 0.013605442176870748
((3,9)(7,7)) 0.04081632653061224
((3,9)(10,8)) 0.013605442176870748
((3,9)(4,9)) 0.013605442176870748
((3,9)(10,16)) 0.006802721088435374
((3,9)(11,12)) 0.006802721088435374
((3,9)(10,7)) 0.006802721088435374
((3,9)(8,8)) 0.027210884353741496
((3,9)(11,10)) 0.006802721088435374
((3,9)(9,3)) 0.006802721088435374
((3,9)(7,1)) 0.006802721088435374
((3,9)(4,6)) 0.034013605442176874
((3,9)(7,9)) 0.006802721088435374
((3,9)(5,8)) 0.006802721088435374
((3,9)(5,7)) 0.006802721088435374
((3,9)(3,8)) 0.006802721088435374
((3,9)(14,6)) 0.006802721088435374
((3,9)(9,8)) 0.006802721088435374
((3,9)(9,12)) 0.006802721088435374
((3,9)(11,6)) 0.006802721088435374
((4,8)(4,8)) 0.5
((4,8)(6,4)) 0.25
((4,8)(3,9)) 0.08333333333333333
((4,8)(5,8)) 0.08333333333333333
((4,8)(5,7)) 0.08333333333333333
((11,10)(11,10)) 0.7593984962406015
((11,10)(12,8)) 0.0037593984962406013
((11,10)(10,7)) 0.007518796992481203
((11,10)(9,9)) 0.0037593984962406013
((11,10)(12,10)) 0.007518796992481203
((11,10)(8,6)) 0.0037593984962406013
((11,10)(13,10)) 0.007518796992481203
((11,10)(9,8)) 0.041353383458646614
((11,10)(8,0)) 0.0037593984962406013
((11,10)(12,12)) 0.0037593984962406013
((11,10)(11,12)) 0.011278195488721804
((11,10)(11,9)) 0.03759398496240601
((11,10)(12,6)) 0.0037593984962406013
((11,10)(10,10)) 0.015037593984962405
((11,10)(10,8)) 0.015037593984962405
((11,10)(8,7)) 0.0037593984962406013
((11,10)(10,4)) 0.0037593984962406013
((11,10)(8,8)) 0.007518796992481203
((11,10)(18,9)) 0.0037593984962406013
((11,10)(6,6)) 0.007518796992481203
((11,10)(8,19)) 0.0037593984962406013
((11,10)(14,6)) 0.0037593984962406013
((11,10)(8,18)) 0.0037593984962406013
((11,10)(14,9)) 0.015037593984962405
((11,10)(9,17)) 0.0037593984962406013
((11,10)(9,12)) 0.0037593984962406013
((11,10)(12,11)) 0.015037593984962405
((12,8)(12,8)) 0.7163120567375887
((12,8)(12,11)) 0.01773049645390071
((12,8)(9,8)) 0.010638297872340425
((12,8)(10,8)) 0.03368794326241135
((12,8)(10,6)) 0.012411347517730497
((12,8)(12,6)) 0.0425531914893617
((12,8)(13,7)) 0.008865248226950355
((12,8)(12,7)) 0.015957446808510637
((12,8)(12,10)) 0.008865248226950355
((12,8)(10,5)) 0.014184397163120567
((12,8)(14,13)) 0.005319148936170213
((12,8)(14,6)) 0.008865248226950355
((12,8)(13,10)) 0.01773049645390071
((12,8)(14,3)) 0.0017730496453900709
((12,8)(4,6)) 0.0017730496453900709
((12,8)(8,9)) 0.0017730496453900709
((12,8)(18,16)) 0.0035460992907801418
((12,8)(8,6)) 0.0035460992907801418
((12,8)(11,8)) 0.015957446808510637
((12,8)(10,9)) 0.005319148936170213
((12,8)(13,8)) 0.0035460992907801418
((12,8)(10,12)) 0.0017730496453900709
((12,8)(7,7)) 0.0070921985815602835
((12,8)(17,4)) 0.010638297872340425
((12,8)(13,11)) 0.0035460992907801418
((12,8)(11,15)) 0.0035460992907801418
((12,8)(12,9)) 0.005319148936170213
((12,8)(2,5)) 0.0017730496453900709
((12,8)(13,15)) 0.0017730496453900709
((12,8)(9,6)) 0.0017730496453900709
((12,8)(10,10)) 0.0017730496453900709
((12,8)(11,6)) 0.0035460992907801418
((12,8)(3,5)) 0.0017730496453900709
((12,8)(11,18)) 0.0017730496453900709
((12,8)(11,3)) 0.0017730496453900709
((12,8)(18,9)) 0.0017730496453900709
((12,11)(12,11)) 0.6792452830188679
((12,11)(11,10)) 0.03773584905660377
((12,11)(13,12)) 0.02830188679245283
((12,11)(12,10)) 0.02830188679245283
((12,11)(11,9)) 0.09433962264150944
((12,11)(8,7)) 0.009433962264150943
((12,11)(12,8)) 0.03773584905660377
((12,11)(10,18)) 0.04716981132075472
((12,11)(7,6)) 0.009433962264150943
((12,11)(13,15)) 0.009433962264150943
((12,11)(9,8)) 0.009433962264150943
((12,11)(10,8)) 0.009433962264150943
((10,9)(10,9)) 0.671280276816609
((10,9)(8,6)) 0.006920415224913495
((10,9)(10,8)) 0.1245674740484429
((10,9)(9,9)) 0.01384083044982699
((10,9)(10,10)) 0.031141868512110725
((10,9)(10,13)) 0.006920415224913495
((10,9)(11,10)) 0.010380622837370242
((10,9)(11,8)) 0.0034602076124567475
((10,9)(9,6)) 0.01384083044982699
((10,9)(9,8)) 0.01730103806228374
((10,9)(12,8)) 0.006920415224913495
((10,9)(10,5)) 0.006920415224913495
((10,9)(7,7)) 0.006920415224913495
((10,9)(5,7)) 0.0034602076124567475
((10,9)(12,12)) 0.0034602076124567475
((10,9)(11,9)) 0.02768166089965398
((10,9)(4,4)) 0.0034602076124567475
((10,9)(9,7)) 0.0034602076124567475
((10,9)(9,10)) 0.0034602076124567475
((10,9)(10,4)) 0.0034602076124567475
((10,9)(8,10)) 0.0034602076124567475
((10,9)(18,14)) 0.0034602076124567475
((10,9)(12,19)) 0.0034602076124567475
((10,9)(14,18)) 0.006920415224913495
((10,9)(14,17)) 0.0034602076124567475
((10,9)(9,17)) 0.0034602076124567475
((10,9)(10,16)) 0.0034602076124567475
((10,9)(12,13)) 0.0034602076124567475
((8,6)(8,6)) 0.7488584474885844
((8,6)(10,7)) 0.001141552511415525
((8,6)(5,1)) 0.00228310502283105
((8,6)(4,4)) 0.003995433789954338
((8,6)(9,9)) 0.0028538812785388126
((8,6)(9,7)) 0.017123287671232876
((8,6)(4,6)) 0.00228310502283105
((8,6)(6,4)) 0.0091324200913242
((8,6)(10,8)) 0.013127853881278538
((8,6)(11,9)) 0.00228310502283105
((8,6)(11,8)) 0.00684931506849315
((8,6)(10,6)) 0.0319634703196347
((8,6)(6,2)) 0.00228310502283105
((8,6)(7,7)) 0.005707762557077625
((8,6)(5,4)) 0.005136986301369863
((8,6)(9,8)) 0.006278538812785388
((8,6)(12,6)) 0.023972602739726026
((8,6)(7,6)) 0.012557077625570776
((8,6)(12,4)) 0.0017123287671232876
((8,6)(13,0)) 0.00228310502283105
((8,6)(7,3)) 0.001141552511415525
((8,6)(7,5)) 0.003995433789954338
((8,6)(8,7)) 0.003995433789954338
((8,6)(9,6)) 0.02226027397260274
((8,6)(6,7)) 0.0005707762557077625
((8,6)(8,5)) 0.0091324200913242
((8,6)(9,5)) 0.003995433789954338
((8,6)(13,10)) 0.0005707762557077625
((8,6)(8,0)) 0.001141552511415525
((8,6)(3,3)) 0.003424657534246575
((8,6)(9,3)) 0.0045662100456621
((8,6)(9,4)) 0.00684931506849315
((8,6)(10,4)) 0.001141552511415525
((8,6)(13,7)) 0.001141552511415525
((8,6)(11,4)) 0.0005707762557077625
((8,6)(10,1)) 0.006278538812785388
((8,6)(10,3)) 0.0005707762557077625
((8,6)(17,3)) 0.0005707762557077625
((8,6)(6,3)) 0.0017123287671232876
((8,6)(14,6)) 0.003424657534246575
((8,6)(10,10)) 0.001141552511415525
((8,6)(11,10)) 0.001141552511415525
((8,6)(5,7)) 0.0005707762557077625
((8,6)(8,4)) 0.00228310502283105
((8,6)(10,9)) 0.0005707762557077625
((8,6)(3,4)) 0.0005707762557077625
((8,6)(5,5)) 0.0005707762557077625
((8,6)(7,9)) 0.001141552511415525
((8,6)(7,4)) 0.0017123287671232876
((8,6)(14,1)) 0.0005707762557077625
((8,6)(3,5)) 0.001141552511415525
((8,6)(10,18)) 0.0005707762557077625
((8,6)(9,10)) 0.0005707762557077625
((8,6)(11,7)) 0.0005707762557077625
((8,6)(12,8)) 0.0005707762557077625
((8,6)(7,8)) 0.001141552511415525
((8,6)(4,5)) 0.0005707762557077625
((8,6)(15,6)) 0.0005707762557077625
((8,6)(2,3)) 0.00228310502283105
((8,6)(10,0)) 0.0005707762557077625
((8,6)(10,5)) 0.001141552511415525
((8,6)(7,1)) 0.0005707762557077625
((8,6)(9,0)) 0.0005707762557077625
((12,6)(12,6)) 0.7701307639366827
((12,6)(10,8)) 0.02477632484514797
((12,6)(11,6)) 0.014452856159669649
((12,6)(12,8)) 0.01995870612525809
((12,6)(9,8)) 0.009635237439779766
((12,6)(11,8)) 0.006882312456985547
((12,6)(10,6)) 0.028905712319339298
((12,6)(8,6)) 0.02339986235375086
((12,6)(12,4)) 0.004817618719889883
((12,6)(6,7)) 0.0027529249827942187
((12,6)(13,1)) 0.0027529249827942187
((12,6)(12,11)) 0.0006882312456985547
((12,6)(13,5)) 0.01307639366827254
((12,6)(17,4)) 0.0027529249827942187
((12,6)(9,7)) 0.0013764624913971094
((12,6)(13,4)) 0.004817618719889883
((12,6)(9,17)) 0.0006882312456985547
((12,6)(13,6)) 0.0034411562284927736
((12,6)(7,6)) 0.0006882312456985547
((12,6)(13,10)) 0.0020646937370956643
((12,6)(14,6)) 0.006194081211286993
((12,6)(8,8)) 0.0006882312456985547
((12,6)(12,2)) 0.0027529249827942187
((12,6)(18,4)) 0.0006882312456985547
((12,6)(9,9)) 0.0013764624913971094
((12,6)(9,11)) 0.0006882312456985547
((12,6)(7,9)) 0.0020646937370956643
((12,6)(11,7)) 0.004817618719889883
((12,6)(8,10)) 0.0041293874741913286
((12,6)(7,8)) 0.0006882312456985547
((12,6)(8,5)) 0.0006882312456985547
((12,6)(9,6)) 0.0027529249827942187
((12,6)(7,7)) 0.0055058499655884375
((12,6)(12,5)) 0.0006882312456985547
((12,6)(6,4)) 0.0006882312456985547
((12,6)(12,3)) 0.0020646937370956643
((12,6)(13,0)) 0.0020646937370956643
((12,6)(18,7)) 0.0006882312456985547
((12,6)(11,1)) 0.0006882312456985547
((12,6)(11,5)) 0.0020646937370956643
((12,6)(12,7)) 0.0034411562284927736
((12,6)(14,2)) 0.0020646937370956643
((12,6)(16,1)) 0.0013764624913971094
((12,6)(14,17)) 0.0006882312456985547
((12,6)(14,5)) 0.0006882312456985547
((12,6)(9,5)) 0.0006882312456985547
((12,6)(14,3)) 0.0027529249827942187
((12,6)(10,7)) 0.0013764624913971094
((12,6)(11,9)) 0.0013764624913971094
((12,6)(4,6)) 0.0006882312456985547
((12,6)(10,4)) 0.0006882312456985547
((12,6)(11,12)) 0.0006882312456985547
((12,6)(4,4)) 0.0006882312456985547
((12,6)(7,3)) 0.0006882312456985547
((12,6)(6,3)) 0.0006882312456985547
((12,6)(8,1)) 0.0006882312456985547
((12,6)(13,7)) 0.0006882312456985547
((5,1)(5,1)) 0.7169811320754716
((5,1)(6,7)) 0.05660377358490566
((5,1)(8,8)) 0.03773584905660377
((5,1)(5,2)) 0.018867924528301886
((5,1)(8,5)) 0.018867924528301886
((5,1)(9,6)) 0.05660377358490566
((5,1)(9,8)) 0.018867924528301886
((5,1)(4,4)) 0.018867924528301886
((5,1)(6,2)) 0.03773584905660377
((5,1)(8,6)) 0.018867924528301886
((8,18)(8,18)) 0.7315789473684211
((8,18)(10,15)) 0.010526315789473684
((8,18)(9,17)) 0.010526315789473684
((8,18)(8,10)) 0.021052631578947368
((8,18)(14,6)) 0.005263157894736842
((8,18)(7,19)) 0.010526315789473684
((8,18)(7,12)) 0.015789473684210527
((8,18)(9,9)) 0.06842105263157895
((8,18)(8,19)) 0.02631578947368421
((8,18)(11,15)) 0.010526315789473684
((8,18)(7,7)) 0.005263157894736842
((8,18)(8,13)) 0.005263157894736842
((8,18)(9,7)) 0.005263157894736842
((8,18)(10,18)) 0.005263157894736842
((8,18)(8,14)) 0.005263157894736842
((8,18)(9,8)) 0.02631578947368421
((8,18)(10,6)) 0.005263157894736842
((8,18)(10,8)) 0.015789473684210527
((8,18)(12,6)) 0.005263157894736842
((8,18)(10,7)) 0.010526315789473684
((10,15)(10,15)) 0.5
((10,15)(10,8)) 0.5
((19,14)(19,14)) 0.7575757575757576
((19,14)(18,16)) 0.09090909090909091
((19,14)(10,8)) 0.030303030303030304
((19,14)(17,14)) 0.030303030303030304
((19,14)(18,14)) 0.06060606060606061
((19,14)(13,10)) 0.030303030303030304
((18,16)(18,16)) 0.734375
((18,16)(13,10)) 0.0390625
((18,16)(19,14)) 0.015625
((18,16)(10,16)) 0.03125
((18,16)(15,14)) 0.02734375
((18,16)(16,16)) 0.03515625
((18,16)(11,8)) 0.02734375
((18,16)(18,15)) 0.02734375
((18,16)(17,9)) 0.0078125
((18,16)(11,9)) 0.00390625
((18,16)(12,8)) 0.01171875
((18,16)(10,19)) 0.00390625
((18,16)(17,15)) 0.01171875
((18,16)(10,8)) 0.0078125
((18,16)(9,6)) 0.00390625
((18,16)(12,6)) 0.0078125
((18,16)(14,13)) 0.00390625
((5,6)(5,6)) 0.6333333333333333
((5,6)(4,5)) 0.15
((5,6)(7,6)) 0.13333333333333333
((5,6)(5,4)) 0.016666666666666666
((5,6)(6,6)) 0.016666666666666666
((5,6)(11,9)) 0.016666666666666666
((5,6)(4,6)) 0.016666666666666666
((5,6)(13,6)) 0.016666666666666666
((8,10)(8,10)) 0.6697247706422018
((8,10)(7,12)) 0.03669724770642202
((8,10)(8,18)) 0.045871559633027525
((8,10)(9,8)) 0.009174311926605505
((8,10)(8,14)) 0.01834862385321101
((8,10)(10,6)) 0.009174311926605505
((8,10)(9,7)) 0.01834862385321101
((8,10)(10,8)) 0.01834862385321101
((8,10)(11,8)) 0.01834862385321101
((8,10)(11,9)) 0.009174311926605505
((8,10)(8,9)) 0.01834862385321101
((8,10)(7,7)) 0.009174311926605505
((8,10)(9,9)) 0.009174311926605505
((8,10)(12,6)) 0.045871559633027525
((8,10)(17,7)) 0.01834862385321101
((8,10)(8,11)) 0.009174311926605505
((8,10)(11,7)) 0.009174311926605505
((8,10)(11,10)) 0.009174311926605505
((8,10)(9,17)) 0.009174311926605505
((8,10)(10,7)) 0.009174311926605505
((7,12)(7,12)) 0.82
((7,12)(9,8)) 0.03
((7,12)(8,14)) 0.02
((7,12)(8,12)) 0.01
((7,12)(14,3)) 0.02
((7,12)(7,13)) 0.04
((7,12)(12,16)) 0.01
((7,12)(11,19)) 0.03
((7,12)(9,9)) 0.01
((7,12)(17,13)) 0.01
((6,9)(6,9)) 0.6666666666666666
((6,9)(9,8)) 0.16666666666666666
((6,9)(7,9)) 0.16666666666666666
((7,8)(7,8)) 0.6783216783216783
((7,8)(10,6)) 0.006993006993006993
((7,8)(14,4)) 0.006993006993006993
((7,8)(10,8)) 0.03496503496503497
((7,8)(10,5)) 0.006993006993006993
((7,8)(7,7)) 0.027972027972027972
((7,8)(7,9)) 0.08391608391608392
((7,8)(6,7)) 0.006993006993006993
((7,8)(9,8)) 0.03496503496503497
((7,8)(11,8)) 0.013986013986013986
((7,8)(8,11)) 0.006993006993006993
((7,8)(8,6)) 0.013986013986013986
((7,8)(20,9)) 0.006993006993006993
((7,8)(8,8)) 0.006993006993006993
((7,8)(9,6)) 0.013986013986013986
((7,8)(3,7)) 0.006993006993006993
((7,8)(6,6)) 0.006993006993006993
((7,8)(6,9)) 0.006993006993006993
((7,8)(10,9)) 0.006993006993006993
((7,8)(6,2)) 0.006993006993006993
((7,8)(18,9)) 0.006993006993006993
((7,8)(18,4)) 0.006993006993006993
((8,2)(8,2)) 0.7407407407407407
((8,2)(10,6)) 0.08888888888888889
((8,2)(7,1)) 0.06666666666666667
((8,2)(9,4)) 0.007407407407407408
((8,2)(9,7)) 0.007407407407407408
((8,2)(11,4)) 0.007407407407407408
((8,2)(5,4)) 0.022222222222222223
((8,2)(7,3)) 0.007407407407407408
((8,2)(10,5)) 0.007407407407407408
((8,2)(7,2)) 0.014814814814814815
((8,2)(8,3)) 0.022222222222222223
((8,2)(9,2)) 0.007407407407407408
((8,5)(8,5)) 0.6901408450704225
((8,5)(11,8)) 0.007042253521126761
((8,5)(8,6)) 0.14788732394366197
((8,5)(9,6)) 0.014084507042253521
((8,5)(10,6)) 0.014084507042253521
((8,5)(5,1)) 0.007042253521126761
((8,5)(10,5)) 0.014084507042253521
((8,5)(9,7)) 0.014084507042253521
((8,5)(9,8)) 0.007042253521126761
((8,5)(8,4)) 0.014084507042253521
((8,5)(7,9)) 0.007042253521126761
((8,5)(11,9)) 0.007042253521126761
((8,5)(9,5)) 0.014084507042253521
((8,5)(10,1)) 0.007042253521126761
((8,5)(9,10)) 0.007042253521126761
((8,5)(8,0)) 0.007042253521126761
((8,5)(11,4)) 0.007042253521126761
((8,5)(3,9)) 0.007042253521126761
((8,5)(10,7)) 0.007042253521126761
((10,19)(10,19)) 0.8045112781954887
((10,19)(10,16)) 0.08270676691729323
((10,19)(9,8)) 0.007518796992481203
((10,19)(11,14)) 0.03007518796992481
((10,19)(10,8)) 0.007518796992481203
((10,19)(9,7)) 0.015037593984962405
((10,19)(10,18)) 0.045112781954887216
((10,19)(11,9)) 0.007518796992481203
((10,18)(10,18)) 0.8571428571428571
((10,18)(10,16)) 0.026785714285714284
((10,18)(11,18)) 0.01488095238095238
((10,18)(9,6)) 0.002976190476190476
((10,18)(10,7)) 0.002976190476190476
((10,18)(9,9)) 0.01488095238095238
((10,18)(9,8)) 0.011904761904761904
((10,18)(8,19)) 0.002976190476190476
((10,18)(9,17)) 0.008928571428571428
((10,18)(11,14)) 0.002976190476190476
((10,18)(10,17)) 0.002976190476190476
((10,18)(12,8)) 0.002976190476190476
((10,18)(11,9)) 0.002976190476190476
((10,18)(7,11)) 0.002976190476190476
((10,18)(14,4)) 0.002976190476190476
((10,18)(9,18)) 0.005952380952380952
((10,18)(11,15)) 0.002976190476190476
((10,18)(13,17)) 0.002976190476190476
((10,18)(10,19)) 0.020833333333333332
((10,18)(14,13)) 0.002976190476190476
((10,18)(11,10)) 0.002976190476190476
((12,19)(12,19)) 0.75
((12,19)(13,10)) 0.03409090909090909
((12,19)(9,9)) 0.056818181818181816
((12,19)(11,15)) 0.022727272727272728
((12,19)(7,12)) 0.011363636363636364
((12,19)(11,19)) 0.03409090909090909
((12,19)(10,10)) 0.011363636363636364
((12,19)(9,7)) 0.03409090909090909
((12,19)(10,16)) 0.011363636363636364
((12,19)(10,7)) 0.03409090909090909
((18,14)(18,14)) 0.7244094488188977
((18,14)(9,8)) 0.05511811023622047
((18,14)(11,9)) 0.031496062992125984
((18,14)(19,15)) 0.06299212598425197
((18,14)(13,7)) 0.015748031496062992
((18,14)(17,13)) 0.031496062992125984
((18,14)(11,19)) 0.007874015748031496
((18,14)(17,14)) 0.015748031496062992
((18,14)(7,7)) 0.007874015748031496
((18,14)(12,8)) 0.007874015748031496
((18,14)(19,14)) 0.015748031496062992
((18,14)(18,16)) 0.015748031496062992
((18,14)(18,15)) 0.007874015748031496
((11,14)(11,14)) 0.7047619047619048
((11,14)(10,8)) 0.0380952380952381
((11,14)(13,10)) 0.01904761904761905
((11,14)(11,8)) 0.01904761904761905
((11,14)(10,19)) 0.05714285714285714
((11,14)(9,6)) 0.009523809523809525
((11,14)(10,10)) 0.047619047619047616
((11,14)(10,16)) 0.01904761904761905
((11,14)(7,7)) 0.01904761904761905
((11,14)(12,13)) 0.01904761904761905
((11,14)(15,14)) 0.009523809523809525
((11,14)(9,8)) 0.009523809523809525
((11,14)(11,12)) 0.009523809523809525
((11,14)(10,6)) 0.009523809523809525
((11,14)(12,8)) 0.009523809523809525
((9,7)(9,7)) 0.7434119278779473
((9,7)(8,6)) 0.047156726768377254
((9,7)(9,6)) 0.018030513176144243
((9,7)(9,8)) 0.04160887656033287
((9,7)(7,4)) 0.0013869625520110957
((9,7)(10,6)) 0.020804438280166437
((9,7)(8,7)) 0.015256588072122053
((9,7)(8,8)) 0.005547850208044383
((9,7)(5,1)) 0.0013869625520110957
((9,7)(11,8)) 0.005547850208044383
((9,7)(8,10)) 0.0013869625520110957
((9,7)(10,19)) 0.0013869625520110957
((9,7)(10,7)) 0.009708737864077669
((9,7)(13,7)) 0.005547850208044383
((9,7)(18,14)) 0.0013869625520110957
((9,7)(9,5)) 0.0013869625520110957
((9,7)(10,8)) 0.015256588072122053
((9,7)(8,2)) 0.0013869625520110957
((9,7)(6,3)) 0.005547850208044383
((9,7)(6,6)) 0.0013869625520110957
((9,7)(3,6)) 0.0013869625520110957
((9,7)(9,4)) 0.0013869625520110957
((9,7)(13,10)) 0.006934812760055479
((9,7)(10,16)) 0.004160887656033287
((9,7)(12,8)) 0.0013869625520110957
((9,7)(7,9)) 0.0013869625520110957
((9,7)(12,6)) 0.0013869625520110957
((9,7)(9,12)) 0.005547850208044383
((9,7)(8,12)) 0.0013869625520110957
((9,7)(11,6)) 0.0013869625520110957
((9,7)(11,9)) 0.0013869625520110957
((9,7)(3,5)) 0.005547850208044383
((9,7)(8,4)) 0.0013869625520110957
((9,7)(18,8)) 0.0013869625520110957
((9,7)(3,3)) 0.0027739251040221915
((9,7)(7,12)) 0.0013869625520110957
((9,7)(10,9)) 0.0027739251040221915
((9,7)(12,19)) 0.0027739251040221915
((9,7)(14,2)) 0.0013869625520110957
((9,7)(10,5)) 0.0013869625520110957
((9,7)(7,6)) 0.0013869625520110957
((9,7)(11,10)) 0.0013869625520110957
((9,7)(8,9)) 0.0013869625520110957
((9,7)(10,10)) 0.0013869625520110957
((9,7)(7,7)) 0.0013869625520110957
((9,4)(9,4)) 0.7258566978193146
((9,4)(8,6)) 0.03426791277258567
((9,4)(9,3)) 0.012461059190031152
((9,4)(10,6)) 0.0778816199376947
((9,4)(8,4)) 0.01557632398753894
((9,4)(9,5)) 0.024922118380062305
((9,4)(10,4)) 0.006230529595015576
((9,4)(11,9)) 0.003115264797507788
((9,4)(10,10)) 0.003115264797507788
((9,4)(9,6)) 0.006230529595015576
((9,4)(10,8)) 0.01557632398753894
((9,4)(8,5)) 0.012461059190031152
((9,4)(10,5)) 0.006230529595015576
((9,4)(8,1)) 0.003115264797507788
((9,4)(9,2)) 0.003115264797507788
((9,4)(6,7)) 0.003115264797507788
((9,4)(10,7)) 0.009345794392523364
((9,4)(10,1)) 0.003115264797507788
((9,4)(13,7)) 0.003115264797507788
((9,4)(9,8)) 0.006230529595015576
((9,4)(8,0)) 0.006230529595015576
((9,4)(7,4)) 0.003115264797507788
((9,4)(7,1)) 0.003115264797507788
((9,4)(14,6)) 0.003115264797507788
((9,4)(10,12)) 0.003115264797507788
((9,4)(3,3)) 0.006230529595015576
((15,14)(15,14)) 0.76
((15,14)(18,16)) 0.09333333333333334
((15,14)(14,13)) 0.04
((15,14)(16,14)) 0.02666666666666667
((15,14)(11,14)) 0.02666666666666667
((15,14)(10,8)) 0.04
((15,14)(13,10)) 0.013333333333333334
((14,13)(14,13)) 0.6301369863013698
((14,13)(15,14)) 0.0273972602739726
((14,13)(13,10)) 0.0410958904109589
((14,13)(12,8)) 0.0410958904109589
((14,13)(18,16)) 0.0684931506849315
((14,13)(13,12)) 0.0273972602739726
((14,13)(11,8)) 0.0136986301369863
((14,13)(13,17)) 0.0136986301369863
((14,13)(13,11)) 0.0136986301369863
((14,13)(8,8)) 0.0136986301369863
((14,13)(17,14)) 0.0136986301369863
((14,13)(10,18)) 0.0273972602739726
((14,13)(16,14)) 0.0136986301369863
((14,13)(10,16)) 0.0136986301369863
((14,13)(7,7)) 0.0273972602739726
((14,13)(9,8)) 0.0136986301369863
((12,12)(12,12)) 0.5952380952380952
((12,12)(9,6)) 0.047619047619047616
((12,12)(10,7)) 0.16666666666666666
((12,12)(10,8)) 0.07142857142857142
((12,12)(7,9)) 0.023809523809523808
((12,12)(5,6)) 0.023809523809523808
((12,12)(13,12)) 0.023809523809523808
((12,12)(9,8)) 0.023809523809523808
((12,12)(12,13)) 0.023809523809523808
((15,6)(15,6)) 0.9166666666666666
((15,6)(12,8)) 0.006944444444444444
((15,6)(7,7)) 0.006944444444444444
((15,6)(10,7)) 0.006944444444444444
((15,6)(10,8)) 0.020833333333333332
((15,6)(11,8)) 0.020833333333333332
((15,6)(15,7)) 0.006944444444444444
((15,6)(14,6)) 0.006944444444444444
((15,6)(19,10)) 0.006944444444444444
((13,12)(13,12)) 0.8557692307692307
((13,12)(12,8)) 0.009615384615384616
((13,12)(8,7)) 0.019230769230769232
((13,12)(12,11)) 0.019230769230769232
((13,12)(3,9)) 0.009615384615384616
((13,12)(13,11)) 0.038461538461538464
((13,12)(17,12)) 0.009615384615384616
((13,12)(14,13)) 0.009615384615384616
((13,12)(11,10)) 0.009615384615384616
((13,12)(17,11)) 0.009615384615384616
((13,12)(9,6)) 0.009615384615384616
((13,15)(13,15)) 0.7586206896551724
((13,15)(12,8)) 0.10344827586206896
((13,15)(11,9)) 0.13793103448275862
((10,4)(10,4)) 0.6987179487179487
((10,4)(9,6)) 0.01282051282051282
((10,4)(11,4)) 0.05128205128205128
((10,4)(4,6)) 0.01282051282051282
((10,4)(10,6)) 0.05128205128205128
((10,4)(10,5)) 0.02564102564102564
((10,4)(9,3)) 0.01282051282051282
((10,4)(8,6)) 0.00641025641025641
((10,4)(9,4)) 0.019230769230769232
((10,4)(10,3)) 0.01282051282051282
((10,4)(7,7)) 0.00641025641025641
((10,4)(14,6)) 0.00641025641025641
((10,4)(10,8)) 0.019230769230769232
((10,4)(13,11)) 0.00641025641025641
((10,4)(7,9)) 0.00641025641025641
((10,4)(11,10)) 0.00641025641025641
((10,4)(9,8)) 0.00641025641025641
((10,4)(8,4)) 0.00641025641025641
((10,4)(9,2)) 0.00641025641025641
((10,4)(11,3)) 0.01282051282051282
((10,4)(8,7)) 0.00641025641025641
((10,4)(12,6)) 0.00641025641025641
((10,5)(10,5)) 0.6342857142857142
((10,5)(11,4)) 0.02
((10,5)(10,6)) 0.22
((10,5)(12,8)) 0.005714285714285714
((10,5)(9,5)) 0.017142857142857144
((10,5)(8,2)) 0.002857142857142857
((10,5)(9,7)) 0.005714285714285714
((10,5)(8,6)) 0.011428571428571429
((10,5)(11,5)) 0.005714285714285714
((10,5)(10,8)) 0.011428571428571429
((10,5)(9,9)) 0.002857142857142857
((10,5)(10,4)) 0.008571428571428572
((10,5)(8,3)) 0.002857142857142857
((10,5)(15,11)) 0.002857142857142857
((10,5)(2,5)) 0.002857142857142857
((10,5)(8,8)) 0.002857142857142857
((10,5)(5,1)) 0.002857142857142857
((10,5)(11,9)) 0.005714285714285714
((10,5)(9,2)) 0.008571428571428572
((10,5)(11,6)) 0.005714285714285714
((10,5)(10,17)) 0.002857142857142857
((10,5)(10,7)) 0.005714285714285714
((10,5)(13,3)) 0.002857142857142857
((10,5)(10,0)) 0.002857142857142857
((10,5)(18,14)) 0.002857142857142857
((10,5)(7,7)) 0.002857142857142857
((11,9)(11,9)) 0.676056338028169
((11,9)(8,6)) 0.016901408450704224
((11,9)(9,6)) 0.008450704225352112
((11,9)(18,16)) 0.0028169014084507044
((11,9)(11,8)) 0.03380281690140845
((11,9)(12,11)) 0.02535211267605634
((11,9)(8,9)) 0.0028169014084507044
((11,9)(10,6)) 0.03380281690140845
((11,9)(10,8)) 0.036619718309859155
((11,9)(17,13)) 0.011267605633802818
((11,9)(9,8)) 0.022535211267605635
((11,9)(10,10)) 0.0028169014084507044
((11,9)(11,10)) 0.016901408450704224
((11,9)(7,8)) 0.005633802816901409
((11,9)(12,9)) 0.0028169014084507044
((11,9)(12,10)) 0.0028169014084507044
((11,9)(13,15)) 0.011267605633802818
((11,9)(10,9)) 0.02535211267605634
((11,9)(12,8)) 0.005633802816901409
((11,9)(10,7)) 0.005633802816901409
((11,9)(14,6)) 0.0028169014084507044
((11,9)(9,9)) 0.005633802816901409
((11,9)(15,9)) 0.0028169014084507044
((11,9)(13,10)) 0.005633802816901409
((11,9)(18,4)) 0.0028169014084507044
((11,9)(9,7)) 0.005633802816901409
((11,9)(9,10)) 0.0028169014084507044
((11,9)(8,4)) 0.0028169014084507044
((11,9)(5,6)) 0.0028169014084507044
((11,9)(5,4)) 0.0028169014084507044
((11,9)(7,7)) 0.005633802816901409
((11,9)(11,11)) 0.0028169014084507044
((11,9)(18,14)) 0.0028169014084507044
((11,9)(13,11)) 0.0028169014084507044
((4,7)(4,7)) 0.8721804511278195
((4,7)(3,6)) 0.03007518796992481
((4,7)(3,7)) 0.022556390977443608
((4,7)(5,7)) 0.03759398496240601
((4,7)(4,6)) 0.015037593984962405
((4,7)(8,7)) 0.011278195488721804
((4,7)(7,7)) 0.007518796992481203
((4,7)(4,8)) 0.0037593984962406013
((6,0)(6,0)) 0.78125
((6,0)(6,1)) 0.09375
((6,0)(9,5)) 0.03125
((6,0)(3,5)) 0.03125
((6,0)(7,0)) 0.03125
((6,0)(7,1)) 0.03125
((18,7)(18,7)) 0.5
((18,7)(8,18)) 0.08333333333333333
((18,7)(19,7)) 0.25
((18,7)(9,17)) 0.08333333333333333
((18,7)(12,6)) 0.08333333333333333
((9,17)(9,17)) 0.6197183098591549
((9,17)(18,7)) 0.014084507042253521
((9,17)(8,18)) 0.056338028169014086
((9,17)(18,10)) 0.014084507042253521
((9,17)(17,4)) 0.07042253521126761
((9,17)(10,8)) 0.014084507042253521
((9,17)(11,15)) 0.056338028169014086
((9,17)(10,18)) 0.014084507042253521
((9,17)(9,14)) 0.014084507042253521
((9,17)(10,17)) 0.014084507042253521
((9,17)(7,8)) 0.014084507042253521
((9,17)(9,8)) 0.028169014084507043
((9,17)(16,14)) 0.014084507042253521
((9,17)(7,9)) 0.014084507042253521
((9,17)(14,18)) 0.014084507042253521
((9,17)(10,19)) 0.014084507042253521
((9,17)(12,8)) 0.014084507042253521
((19,7)(19,7)) 0.7058823529411765
((19,7)(18,7)) 0.11764705882352941
((19,7)(10,8)) 0.058823529411764705
((19,7)(18,8)) 0.058823529411764705
((19,7)(19,10)) 0.058823529411764705
((18,10)(18,10)) 0.6363636363636364
((18,10)(19,10)) 0.09090909090909091
((18,10)(18,7)) 0.09090909090909091
((18,10)(17,10)) 0.09090909090909091
((18,10)(13,11)) 0.09090909090909091
((19,10)(19,10)) 0.5
((19,10)(18,10)) 0.2
((19,10)(9,8)) 0.1
((19,10)(18,12)) 0.1
((19,10)(12,6)) 0.1
((13,8)(13,8)) 0.6
((13,8)(12,8)) 0.24
((13,8)(13,7)) 0.16
((16,7)(16,7)) 0.868421052631579
((16,7)(10,6)) 0.05263157894736842
((16,7)(10,7)) 0.02631578947368421
((16,7)(16,8)) 0.02631578947368421
((16,7)(11,8)) 0.02631578947368421
((11,18)(11,18)) 0.65
((11,18)(10,18)) 0.25
((11,18)(18,14)) 0.05
((11,18)(10,16)) 0.05
((14,5)(14,5)) 0.625
((14,5)(13,6)) 0.125
((14,5)(10,6)) 0.03125
((14,5)(11,4)) 0.09375
((14,5)(10,3)) 0.03125
((14,5)(11,8)) 0.03125
((14,5)(12,6)) 0.03125
((14,5)(10,16)) 0.03125
((13,6)(13,6)) 0.6065573770491803
((13,6)(4,4)) 0.01639344262295082
((13,6)(9,7)) 0.01639344262295082
((13,6)(12,7)) 0.03278688524590164
((13,6)(11,8)) 0.01639344262295082
((13,6)(13,5)) 0.01639344262295082
((13,6)(12,6)) 0.09836065573770492
((13,6)(10,8)) 0.06557377049180328
((13,6)(8,6)) 0.01639344262295082
((13,6)(10,6)) 0.01639344262295082
((13,6)(7,7)) 0.01639344262295082
((13,6)(14,6)) 0.03278688524590164
((13,6)(14,5)) 0.03278688524590164
((13,6)(8,7)) 0.01639344262295082
((7,9)(7,9)) 0.7515527950310559
((7,9)(9,9)) 0.009316770186335404
((7,9)(7,8)) 0.031055900621118012
((7,9)(11,15)) 0.003105590062111801
((7,9)(8,6)) 0.009316770186335404
((7,9)(8,9)) 0.031055900621118012
((7,9)(9,8)) 0.037267080745341616
((7,9)(11,6)) 0.009316770186335404
((7,9)(7,7)) 0.012422360248447204
((7,9)(8,10)) 0.012422360248447204
((7,9)(10,8)) 0.009316770186335404
((7,9)(10,7)) 0.006211180124223602
((7,9)(12,6)) 0.006211180124223602
((7,9)(13,6)) 0.003105590062111801
((7,9)(9,7)) 0.003105590062111801
((7,9)(9,6)) 0.003105590062111801
((7,9)(8,5)) 0.003105590062111801
((7,9)(10,6)) 0.027950310559006212
((7,9)(4,6)) 0.003105590062111801
((7,9)(3,5)) 0.003105590062111801
((7,9)(8,8)) 0.003105590062111801
((7,9)(13,7)) 0.003105590062111801
((7,9)(17,5)) 0.003105590062111801
((7,9)(9,12)) 0.003105590062111801
((7,9)(6,7)) 0.006211180124223602
((7,9)(12,8)) 0.006211180124223602
((7,4)(7,4)) 0.6666666666666666
((7,4)(6,3)) 0.08333333333333333
((7,4)(6,4)) 0.027777777777777776
((7,4)(8,6)) 0.1111111111111111
((7,4)(7,3)) 0.1111111111111111
((12,1)(12,1)) 0.6904761904761905
((12,1)(11,6)) 0.21428571428571427
((12,1)(12,0)) 0.047619047619047616
((12,1)(11,8)) 0.023809523809523808
((12,1)(10,6)) 0.023809523809523808
((16,16)(16,16)) 0.7333333333333333
((16,16)(11,8)) 0.13333333333333333
((16,16)(18,16)) 0.13333333333333333
((18,15)(18,15)) 0.65
((18,15)(18,16)) 0.1
((18,15)(17,9)) 0.15
((18,15)(18,14)) 0.05
((18,15)(17,15)) 0.05
((17,9)(17,9)) 0.723404255319149
((17,9)(18,16)) 0.0851063829787234
((17,9)(10,8)) 0.02127659574468085
((17,9)(17,11)) 0.02127659574468085
((17,9)(9,6)) 0.02127659574468085
((17,9)(11,8)) 0.02127659574468085
((17,9)(15,7)) 0.02127659574468085
((17,9)(16,9)) 0.02127659574468085
((17,9)(19,10)) 0.02127659574468085
((17,9)(10,6)) 0.02127659574468085
((17,9)(18,15)) 0.02127659574468085
((12,13)(12,13)) 0.6428571428571429
((12,13)(10,18)) 0.017857142857142856
((12,13)(7,7)) 0.08928571428571429
((12,13)(10,16)) 0.017857142857142856
((12,13)(10,8)) 0.03571428571428571
((12,13)(11,12)) 0.017857142857142856
((12,13)(10,10)) 0.05357142857142857
((12,13)(11,14)) 0.03571428571428571
((12,13)(11,15)) 0.07142857142857142
((12,13)(3,5)) 0.017857142857142856
((11,7)(11,7)) 0.7232142857142857
((11,7)(9,9)) 0.008928571428571428
((11,7)(13,7)) 0.008928571428571428
((11,7)(11,8)) 0.05357142857142857
((11,7)(10,7)) 0.017857142857142856
((11,7)(8,6)) 0.008928571428571428
((11,7)(12,8)) 0.008928571428571428
((11,7)(12,6)) 0.0625
((11,7)(12,7)) 0.008928571428571428
((11,7)(12,2)) 0.008928571428571428
((11,7)(9,8)) 0.017857142857142856
((11,7)(13,0)) 0.008928571428571428
((11,7)(8,9)) 0.008928571428571428
((11,7)(9,7)) 0.008928571428571428
((11,7)(11,6)) 0.008928571428571428
((11,7)(10,8)) 0.026785714285714284
((11,7)(4,4)) 0.008928571428571428
((16,14)(16,14)) 0.8535353535353535
((16,14)(11,15)) 0.03535353535353535
((16,14)(18,16)) 0.010101010101010102
((16,14)(8,8)) 0.005050505050505051
((16,14)(17,14)) 0.05555555555555555
((16,14)(14,13)) 0.010101010101010102
((16,14)(14,15)) 0.005050505050505051
((16,14)(8,6)) 0.005050505050505051
((16,14)(15,14)) 0.010101010101010102
((16,14)(17,15)) 0.010101010101010102
((9,2)(9,2)) 0.7480314960629921
((9,2)(8,2)) 0.007874015748031496
((9,2)(10,7)) 0.031496062992125984
((9,2)(9,1)) 0.007874015748031496
((9,2)(8,0)) 0.047244094488188976
((9,2)(8,6)) 0.007874015748031496
((9,2)(10,5)) 0.023622047244094488
((9,2)(10,6)) 0.07086614173228346
((9,2)(8,1)) 0.007874015748031496
((9,2)(8,3)) 0.007874015748031496
((9,2)(9,7)) 0.007874015748031496
((9,2)(9,4)) 0.031496062992125984
((19,9)(19,9)) 0.6428571428571429
((19,9)(11,10)) 0.07142857142857142
((19,9)(10,9)) 0.07142857142857142
((19,9)(12,10)) 0.21428571428571427
((13,7)(13,7)) 0.728110599078341
((13,7)(12,7)) 0.027649769585253458
((13,7)(13,8)) 0.018433179723502304
((13,7)(14,6)) 0.027649769585253458
((13,7)(11,8)) 0.03686635944700461
((13,7)(12,8)) 0.03225806451612903
((13,7)(10,8)) 0.02304147465437788
((13,7)(9,7)) 0.009216589861751152
((13,7)(8,8)) 0.004608294930875576
((13,7)(18,14)) 0.02304147465437788
((13,7)(16,5)) 0.004608294930875576
((13,7)(13,10)) 0.004608294930875576
((13,7)(7,9)) 0.009216589861751152
((13,7)(14,7)) 0.004608294930875576
((13,7)(10,6)) 0.004608294930875576
((13,7)(12,6)) 0.004608294930875576
((13,7)(10,7)) 0.013824884792626729
((13,7)(11,9)) 0.004608294930875576
((13,7)(10,1)) 0.004608294930875576
((13,7)(11,10)) 0.004608294930875576
((13,7)(17,4)) 0.004608294930875576
((13,7)(2,5)) 0.004608294930875576
((9,5)(9,5)) 0.6684210526315789
((9,5)(9,8)) 0.021052631578947368
((9,5)(10,8)) 0.021052631578947368
((9,5)(10,6)) 0.08421052631578947
((9,5)(9,6)) 0.042105263157894736
((9,5)(6,1)) 0.010526315789473684
((9,5)(6,4)) 0.005263157894736842
((9,5)(6,0)) 0.005263157894736842
((9,5)(11,7)) 0.005263157894736842
((9,5)(9,4)) 0.031578947368421054
((9,5)(10,9)) 0.005263157894736842
((9,5)(10,5)) 0.015789473684210527
((9,5)(8,2)) 0.010526315789473684
((9,5)(8,6)) 0.015789473684210527
((9,5)(9,0)) 0.005263157894736842
((9,5)(10,10)) 0.015789473684210527
((9,5)(12,6)) 0.005263157894736842
((9,5)(11,8)) 0.005263157894736842
((9,5)(7,1)) 0.005263157894736842
((9,5)(15,14)) 0.005263157894736842
((9,5)(10,7)) 0.005263157894736842
((9,5)(8,3)) 0.005263157894736842
((9,5)(10,4)) 0.005263157894736842
((13,1)(13,1)) 0.675
((13,1)(12,6)) 0.15
((13,1)(8,9)) 0.05
((13,1)(10,6)) 0.05
((13,1)(7,4)) 0.025
((13,1)(6,7)) 0.025
((13,1)(8,7)) 0.025
((12,4)(12,4)) 0.7692307692307693
((12,4)(13,1)) 0.02564102564102564
((12,4)(12,3)) 0.02564102564102564
((12,4)(10,5)) 0.038461538461538464
((12,4)(12,6)) 0.038461538461538464
((12,4)(10,6)) 0.038461538461538464
((12,4)(6,7)) 0.01282051282051282
((12,4)(11,4)) 0.01282051282051282
((12,4)(8,6)) 0.01282051282051282
((12,4)(17,13)) 0.01282051282051282
((12,4)(8,8)) 0.01282051282051282
((5,3)(5,3)) 0.7466666666666667
((5,3)(3,5)) 0.05333333333333334
((5,3)(5,4)) 0.12
((5,3)(3,6)) 0.02666666666666667
((5,3)(6,2)) 0.013333333333333334
((5,3)(3,3)) 0.02666666666666667
((5,3)(8,7)) 0.013333333333333334
((10,0)(10,0)) 0.7689393939393939
((10,0)(10,6)) 0.04924242424242424
((10,0)(10,1)) 0.05303030303030303
((10,0)(10,3)) 0.01893939393939394
((10,0)(7,7)) 0.007575757575757576
((10,0)(10,8)) 0.030303030303030304
((10,0)(11,0)) 0.015151515151515152
((10,0)(5,4)) 0.003787878787878788
((10,0)(8,6)) 0.007575757575757576
((10,0)(11,4)) 0.015151515151515152
((10,0)(12,0)) 0.007575757575757576
((10,0)(8,3)) 0.003787878787878788
((10,0)(10,7)) 0.003787878787878788
((10,0)(12,13)) 0.003787878787878788
((10,0)(9,7)) 0.003787878787878788
((10,0)(12,6)) 0.003787878787878788
((10,0)(8,0)) 0.003787878787878788
((10,1)(10,1)) 0.7574750830564784
((10,1)(10,0)) 0.053156146179401995
((10,1)(11,4)) 0.016611295681063124
((10,1)(11,1)) 0.009966777408637873
((10,1)(7,9)) 0.0033222591362126247
((10,1)(8,6)) 0.029900332225913623
((10,1)(9,6)) 0.006644518272425249
((10,1)(9,3)) 0.0033222591362126247
((10,1)(9,4)) 0.016611295681063124
((10,1)(10,6)) 0.03322259136212625
((10,1)(12,0)) 0.0033222591362126247
((10,1)(9,2)) 0.0033222591362126247
((10,1)(9,1)) 0.006644518272425249
((10,1)(9,0)) 0.006644518272425249
((10,1)(8,8)) 0.0033222591362126247
((10,1)(10,8)) 0.019933554817275746
((10,1)(10,3)) 0.009966777408637873
((10,1)(8,5)) 0.0033222591362126247
((10,1)(6,4)) 0.0033222591362126247
((10,1)(10,7)) 0.0033222591362126247
((10,1)(9,7)) 0.0033222591362126247
((10,1)(9,8)) 0.0033222591362126247
((14,4)(14,4)) 0.6774193548387096
((14,4)(12,7)) 0.06451612903225806
((14,4)(7,8)) 0.03225806451612903
((14,4)(9,10)) 0.03225806451612903
((14,4)(12,6)) 0.03225806451612903
((14,4)(10,12)) 0.03225806451612903
((14,4)(12,8)) 0.03225806451612903
((14,4)(10,8)) 0.06451612903225806
((14,4)(7,3)) 0.03225806451612903
((12,0)(12,0)) 0.5294117647058824
((12,0)(11,6)) 0.058823529411764705
((12,0)(10,1)) 0.058823529411764705
((12,0)(11,0)) 0.058823529411764705
((12,0)(13,1)) 0.058823529411764705
((12,0)(10,0)) 0.058823529411764705
((12,0)(10,6)) 0.058823529411764705
((12,0)(9,8)) 0.058823529411764705
((12,0)(12,1)) 0.058823529411764705
((8,0)(8,0)) 0.9325153374233128
((8,0)(9,1)) 0.002044989775051125
((8,0)(3,5)) 0.00408997955010225
((8,0)(9,2)) 0.016359918200409
((8,0)(9,4)) 0.00408997955010225
((8,0)(11,10)) 0.002044989775051125
((8,0)(10,0)) 0.002044989775051125
((8,0)(10,6)) 0.02044989775051125
((8,0)(9,0)) 0.002044989775051125
((8,0)(5,4)) 0.002044989775051125
((8,0)(8,5)) 0.002044989775051125
((8,0)(10,8)) 0.002044989775051125
((8,0)(11,9)) 0.002044989775051125
((8,0)(8,1)) 0.002044989775051125
((8,0)(12,6)) 0.002044989775051125
((8,0)(8,6)) 0.002044989775051125
((9,3)(9,3)) 0.7763975155279503
((9,3)(8,10)) 0.006211180124223602
((9,3)(10,6)) 0.062111801242236024
((9,3)(9,2)) 0.006211180124223602
((9,3)(8,6)) 0.037267080745341616
((9,3)(11,7)) 0.006211180124223602
((9,3)(9,5)) 0.012422360248447204
((9,3)(10,8)) 0.024844720496894408
((9,3)(10,1)) 0.018633540372670808
((9,3)(10,3)) 0.006211180124223602
((9,3)(8,1)) 0.018633540372670808
((9,3)(8,0)) 0.006211180124223602
((9,3)(9,4)) 0.006211180124223602
((9,3)(9,8)) 0.006211180124223602
((9,3)(10,7)) 0.006211180124223602
((10,3)(10,3)) 0.5588235294117647
((10,3)(11,2)) 0.04411764705882353
((10,3)(11,3)) 0.029411764705882353
((10,3)(10,6)) 0.1323529411764706
((10,3)(10,4)) 0.029411764705882353
((10,3)(14,5)) 0.014705882352941176
((10,3)(10,1)) 0.08823529411764706
((10,3)(9,3)) 0.014705882352941176
((10,3)(11,4)) 0.04411764705882353
((10,3)(8,9)) 0.014705882352941176
((10,3)(10,2)) 0.014705882352941176
((10,3)(10,8)) 0.014705882352941176
((11,2)(11,2)) 0.7419354838709677
((11,2)(10,6)) 0.06451612903225806
((11,2)(9,9)) 0.016129032258064516
((11,2)(11,3)) 0.04838709677419355
((11,2)(2,6)) 0.016129032258064516
((11,2)(10,3)) 0.03225806451612903
((11,2)(12,1)) 0.016129032258064516
((11,2)(11,6)) 0.016129032258064516
((11,2)(10,5)) 0.016129032258064516
((11,2)(10,8)) 0.016129032258064516
((11,2)(10,4)) 0.016129032258064516
((11,3)(11,3)) 0.6818181818181818
((11,3)(11,2)) 0.18181818181818182
((11,3)(12,0)) 0.045454545454545456
((11,3)(10,3)) 0.09090909090909091
((2,6)(2,6)) 0.5833333333333334
((2,6)(10,3)) 0.041666666666666664
((2,6)(3,5)) 0.125
((2,6)(3,6)) 0.16666666666666666
((2,6)(2,5)) 0.08333333333333333
((8,14)(8,14)) 0.7297297297297297
((8,14)(8,13)) 0.02702702702702703
((8,14)(7,14)) 0.02702702702702703
((8,14)(9,17)) 0.013513513513513514
((8,14)(6,4)) 0.013513513513513514
((8,14)(9,8)) 0.0945945945945946
((8,14)(10,7)) 0.013513513513513514
((8,14)(3,9)) 0.013513513513513514
((8,14)(18,12)) 0.013513513513513514
((8,14)(7,7)) 0.013513513513513514
((8,14)(8,10)) 0.013513513513513514
((8,14)(6,3)) 0.02702702702702703
((8,13)(8,13)) 0.5789473684210527
((8,13)(7,7)) 0.05263157894736842
((8,13)(8,14)) 0.10526315789473684
((8,13)(8,12)) 0.15789473684210525
((8,13)(9,13)) 0.05263157894736842
((8,13)(8,18)) 0.05263157894736842
((7,14)(7,14)) 0.8
((7,14)(2,7)) 0.2
((8,3)(8,3)) 0.6724137931034483
((8,3)(9,8)) 0.05172413793103448
((8,3)(10,6)) 0.017241379310344827
((8,3)(9,4)) 0.034482758620689655
((8,3)(7,3)) 0.017241379310344827
((8,3)(6,4)) 0.017241379310344827
((8,3)(9,2)) 0.034482758620689655
((8,3)(14,1)) 0.017241379310344827
((8,3)(10,0)) 0.017241379310344827
((8,3)(7,1)) 0.05172413793103448
((8,3)(8,4)) 0.034482758620689655
((8,3)(9,5)) 0.017241379310344827
((8,3)(9,6)) 0.017241379310344827
((10,14)(10,14)) 0.898876404494382
((10,14)(8,6)) 0.011235955056179775
((10,14)(9,8)) 0.0449438202247191
((10,14)(9,9)) 0.011235955056179775
((10,14)(7,13)) 0.011235955056179775
((10,14)(9,14)) 0.011235955056179775
((10,14)(11,15)) 0.011235955056179775
((16,2)(16,2)) 0.5
((16,2)(17,3)) 0.5
((17,3)(17,3)) 0.7959183673469388
((17,3)(17,4)) 0.061224489795918366
((17,3)(8,6)) 0.02040816326530612
((17,3)(16,1)) 0.10204081632653061
((17,3)(10,6)) 0.02040816326530612
((13,5)(13,5)) 0.7613636363636364
((13,5)(12,6)) 0.22727272727272727
((13,5)(10,6)) 0.011363636363636364
((9,10)(9,10)) 0.693069306930693
((9,10)(10,6)) 0.009900990099009901
((9,10)(9,11)) 0.019801980198019802
((9,10)(10,7)) 0.019801980198019802
((9,10)(9,9)) 0.06930693069306931
((9,10)(9,8)) 0.0297029702970297
((9,10)(12,8)) 0.009900990099009901
((9,10)(10,14)) 0.009900990099009901
((9,10)(11,4)) 0.0297029702970297
((9,10)(8,7)) 0.009900990099009901
((9,10)(3,3)) 0.009900990099009901
((9,10)(10,9)) 0.009900990099009901
((9,10)(8,6)) 0.009900990099009901
((9,10)(8,5)) 0.009900990099009901
((9,10)(10,8)) 0.0297029702970297
((9,10)(11,9)) 0.009900990099009901
((9,10)(11,10)) 0.009900990099009901
((9,10)(10,10)) 0.009900990099009901
((10,13)(10,13)) 0.6111111111111112
((10,13)(10,12)) 0.05555555555555555
((10,13)(7,7)) 0.027777777777777776
((10,13)(10,8)) 0.1111111111111111
((10,13)(10,9)) 0.027777777777777776
((10,13)(12,8)) 0.027777777777777776
((10,13)(11,13)) 0.1388888888888889
((12,5)(12,5)) 0.7058823529411765
((12,5)(8,5)) 0.029411764705882353
((12,5)(10,6)) 0.029411764705882353
((12,5)(12,3)) 0.058823529411764705
((12,5)(12,6)) 0.029411764705882353
((12,5)(11,7)) 0.029411764705882353
((12,5)(18,9)) 0.029411764705882353
((12,5)(10,8)) 0.029411764705882353
((12,5)(7,7)) 0.029411764705882353
((12,5)(10,7)) 0.029411764705882353
((0,6)(0,6)) 0.75
((0,6)(2,5)) 0.25
((11,11)(11,11)) 0.7586206896551724
((11,11)(10,6)) 0.10344827586206896
((11,11)(9,5)) 0.06896551724137931
((11,11)(10,10)) 0.034482758620689655
((11,11)(18,12)) 0.034482758620689655
((7,6)(7,6)) 0.6775510204081633
((7,6)(7,7)) 0.053061224489795916
((7,6)(5,6)) 0.024489795918367346
((7,6)(10,5)) 0.004081632653061225
((7,6)(6,6)) 0.02857142857142857
((7,6)(8,6)) 0.061224489795918366
((7,6)(10,6)) 0.024489795918367346
((7,6)(6,5)) 0.02040816326530612
((7,6)(10,7)) 0.004081632653061225
((7,6)(11,8)) 0.00816326530612245
((7,6)(10,8)) 0.012244897959183673
((7,6)(9,6)) 0.012244897959183673
((7,6)(4,6)) 0.004081632653061225
((7,6)(12,8)) 0.00816326530612245
((7,6)(5,7)) 0.004081632653061225
((7,6)(11,4)) 0.004081632653061225
((7,6)(8,7)) 0.00816326530612245
((7,6)(4,5)) 0.004081632653061225
((7,6)(6,2)) 0.004081632653061225
((7,6)(12,6)) 0.004081632653061225
((7,6)(11,9)) 0.004081632653061225
((7,6)(12,7)) 0.004081632653061225
((7,6)(9,8)) 0.012244897959183673
((7,6)(7,8)) 0.004081632653061225
((7,6)(5,5)) 0.004081632653061225
((16,1)(16,1)) 0.8482142857142857
((16,1)(12,5)) 0.008928571428571428
((16,1)(17,3)) 0.044642857142857144
((16,1)(12,6)) 0.008928571428571428
((16,1)(7,12)) 0.008928571428571428
((16,1)(15,2)) 0.008928571428571428
((16,1)(8,10)) 0.008928571428571428
((16,1)(9,6)) 0.008928571428571428
((16,1)(14,2)) 0.026785714285714284
((16,1)(14,3)) 0.008928571428571428
((16,1)(10,8)) 0.008928571428571428
((16,1)(9,8)) 0.008928571428571428
((8,9)(8,9)) 0.7368421052631579
((8,9)(8,10)) 0.019138755980861243
((8,9)(9,8)) 0.05741626794258373
((8,9)(10,10)) 0.009569377990430622
((8,9)(7,9)) 0.03349282296650718
((8,9)(10,8)) 0.023923444976076555
((8,9)(8,6)) 0.004784688995215311
((8,9)(4,6)) 0.014354066985645933
((8,9)(7,7)) 0.03827751196172249
((8,9)(10,7)) 0.004784688995215311
((8,9)(13,1)) 0.004784688995215311
((8,9)(10,3)) 0.004784688995215311
((8,9)(9,11)) 0.004784688995215311
((8,9)(12,5)) 0.004784688995215311
((8,9)(11,9)) 0.004784688995215311
((8,9)(3,5)) 0.004784688995215311
((8,9)(9,9)) 0.019138755980861243
((8,9)(12,6)) 0.004784688995215311
((8,9)(10,6)) 0.004784688995215311
((7,19)(7,19)) 0.625
((7,19)(8,19)) 0.25
((7,19)(8,18)) 0.125
((12,15)(12,15)) 0.8666666666666667
((12,15)(12,16)) 0.13333333333333333
((12,16)(12,16)) 0.7321428571428571
((12,16)(7,12)) 0.017857142857142856
((12,16)(8,12)) 0.07142857142857142
((12,16)(11,15)) 0.125
((12,16)(7,7)) 0.017857142857142856
((12,16)(12,15)) 0.03571428571428571
((8,12)(8,12)) 0.7333333333333333
((8,12)(9,14)) 0.022222222222222223
((8,12)(9,12)) 0.022222222222222223
((8,12)(14,6)) 0.022222222222222223
((8,12)(8,13)) 0.06666666666666667
((8,12)(12,16)) 0.06666666666666667
((8,12)(7,12)) 0.022222222222222223
((8,12)(10,8)) 0.022222222222222223
((8,12)(17,13)) 0.022222222222222223
((9,14)(9,14)) 0.55
((9,14)(12,16)) 0.05
((9,14)(11,15)) 0.25
((9,14)(10,14)) 0.05
((9,14)(10,1)) 0.05
((9,14)(10,17)) 0.05
((8,4)(8,4)) 0.6753246753246753
((8,4)(9,3)) 0.012987012987012988
((8,4)(10,6)) 0.06493506493506493
((8,4)(3,5)) 0.012987012987012988
((8,4)(10,8)) 0.012987012987012988
((8,4)(10,3)) 0.012987012987012988
((8,4)(3,9)) 0.012987012987012988
((8,4)(8,6)) 0.025974025974025976
((8,4)(9,7)) 0.012987012987012988
((8,4)(11,9)) 0.012987012987012988
((8,4)(9,5)) 0.03896103896103896
((8,4)(10,4)) 0.012987012987012988
((8,4)(9,4)) 0.012987012987012988
((8,4)(8,5)) 0.025974025974025976
((8,4)(8,7)) 0.025974025974025976
((8,4)(10,7)) 0.012987012987012988
((8,4)(7,1)) 0.012987012987012988
((9,1)(9,1)) 0.6363636363636364
((9,1)(8,1)) 0.09090909090909091
((9,1)(10,0)) 0.09090909090909091
((9,1)(8,0)) 0.09090909090909091
((9,1)(9,5)) 0.09090909090909091
((17,14)(17,14)) 0.7457627118644068
((17,14)(10,8)) 0.03389830508474576
((17,14)(18,14)) 0.01694915254237288
((17,14)(16,14)) 0.1864406779661017
((17,14)(19,14)) 0.01694915254237288
((12,3)(12,3)) 0.5217391304347826
((12,3)(8,6)) 0.043478260869565216
((12,3)(12,6)) 0.21739130434782608
((12,3)(14,3)) 0.043478260869565216
((12,3)(7,4)) 0.043478260869565216
((12,3)(12,4)) 0.08695652173913043
((12,3)(13,1)) 0.043478260869565216
((7,3)(7,3)) 0.7837837837837838
((7,3)(8,6)) 0.10810810810810811
((7,3)(8,3)) 0.04054054054054054
((7,3)(7,4)) 0.013513513513513514
((7,3)(6,3)) 0.013513513513513514
((7,3)(3,9)) 0.013513513513513514
((7,3)(10,6)) 0.013513513513513514
((7,3)(8,5)) 0.013513513513513514
((13,0)(13,0)) 0.6153846153846154
((13,0)(8,6)) 0.07692307692307693
((13,0)(12,6)) 0.038461538461538464
((13,0)(12,3)) 0.07692307692307693
((13,0)(14,1)) 0.11538461538461539
((13,0)(10,7)) 0.07692307692307693
((14,1)(14,1)) 0.6153846153846154
((14,1)(8,3)) 0.07692307692307693
((14,1)(13,0)) 0.07692307692307693
((14,1)(13,1)) 0.07692307692307693
((14,1)(8,6)) 0.07692307692307693
((14,1)(12,2)) 0.07692307692307693
((9,13)(9,13)) 0.7291666666666666
((9,13)(9,8)) 0.14583333333333334
((9,13)(10,8)) 0.020833333333333332
((9,13)(8,13)) 0.020833333333333332
((9,13)(8,12)) 0.020833333333333332
((9,13)(10,6)) 0.041666666666666664
((9,13)(6,7)) 0.020833333333333332
((7,5)(7,5)) 0.8082191780821918
((7,5)(8,6)) 0.0958904109589041
((7,5)(6,4)) 0.0273972602739726
((7,5)(5,8)) 0.0136986301369863
((7,5)(5,7)) 0.0273972602739726
((7,5)(10,6)) 0.0136986301369863
((7,5)(10,8)) 0.0136986301369863
((13,4)(13,4)) 0.6486486486486487
((13,4)(9,5)) 0.02702702702702703
((13,4)(12,6)) 0.16216216216216217
((13,4)(14,4)) 0.08108108108108109
((13,4)(6,1)) 0.02702702702702703
((13,4)(9,9)) 0.02702702702702703
((13,4)(10,7)) 0.02702702702702703
((5,2)(5,2)) 0.75
((5,2)(6,2)) 0.25
((8,1)(8,1)) 0.7142857142857143
((8,1)(10,6)) 0.08163265306122448
((8,1)(9,3)) 0.08163265306122448
((8,1)(10,7)) 0.02040816326530612
((8,1)(9,4)) 0.04081632653061224
((8,1)(8,0)) 0.04081632653061224
((8,1)(8,5)) 0.02040816326530612
((18,12)(18,12)) 0.5
((18,12)(9,17)) 0.1
((18,12)(16,6)) 0.1
((18,12)(8,12)) 0.1
((18,12)(17,13)) 0.1
((18,12)(10,16)) 0.1
((9,18)(9,18)) 0.6363636363636364
((9,18)(12,9)) 0.09090909090909091
((9,18)(8,18)) 0.18181818181818182
((9,18)(10,7)) 0.09090909090909091
((12,9)(12,9)) 0.55
((12,9)(12,8)) 0.05
((12,9)(11,10)) 0.025
((12,9)(11,12)) 0.025
((12,9)(10,8)) 0.1
((12,9)(12,11)) 0.05
((12,9)(10,6)) 0.025
((12,9)(9,8)) 0.025
((12,9)(17,7)) 0.025
((12,9)(14,13)) 0.025
((12,9)(11,8)) 0.025
((12,9)(12,2)) 0.025
((12,9)(13,11)) 0.025
((12,9)(13,10)) 0.025
((9,12)(9,12)) 0.6578947368421053
((9,12)(9,9)) 0.07894736842105263
((9,12)(9,7)) 0.10526315789473684
((9,12)(12,19)) 0.02631578947368421
((9,12)(10,8)) 0.05263157894736842
((9,12)(9,8)) 0.05263157894736842
((9,12)(10,12)) 0.02631578947368421
((11,1)(11,1)) 0.5714285714285714
((11,1)(10,1)) 0.42857142857142855
((9,11)(9,11)) 0.625
((9,11)(9,10)) 0.0625
((9,11)(11,4)) 0.0625
((9,11)(10,11)) 0.125
((9,11)(9,7)) 0.0625
((9,11)(10,8)) 0.0625
((3,4)(3,4)) 0.6578947368421053
((3,4)(3,5)) 0.07894736842105263
((3,4)(4,4)) 0.23684210526315788
((3,4)(3,3)) 0.02631578947368421
((6,5)(6,5)) 0.7786885245901639
((6,5)(9,6)) 0.00819672131147541
((6,5)(6,7)) 0.06557377049180328
((6,5)(7,5)) 0.00819672131147541
((6,5)(8,7)) 0.02459016393442623
((6,5)(6,4)) 0.05737704918032787
((6,5)(13,6)) 0.00819672131147541
((6,5)(6,6)) 0.00819672131147541
((6,5)(6,3)) 0.01639344262295082
((6,5)(12,6)) 0.00819672131147541
((6,5)(5,4)) 0.00819672131147541
((6,5)(10,2)) 0.00819672131147541
((17,13)(17,13)) 0.6
((17,13)(16,13)) 0.12307692307692308
((17,13)(13,10)) 0.07692307692307693
((17,13)(13,7)) 0.03076923076923077
((17,13)(18,11)) 0.015384615384615385
((17,13)(10,8)) 0.07692307692307693
((17,13)(19,14)) 0.015384615384615385
((17,13)(18,14)) 0.015384615384615385
((17,13)(14,15)) 0.015384615384615385
((17,13)(11,9)) 0.015384615384615385
((17,13)(19,15)) 0.015384615384615385
((2,7)(2,7)) 1.0
((14,3)(14,3)) 0.6842105263157895
((14,3)(12,6)) 0.07894736842105263
((14,3)(14,4)) 0.02631578947368421
((14,3)(8,18)) 0.02631578947368421
((14,3)(9,17)) 0.02631578947368421
((14,3)(12,8)) 0.02631578947368421
((14,3)(14,2)) 0.10526315789473684
((14,3)(10,7)) 0.02631578947368421
((16,13)(16,13)) 0.5294117647058824
((16,13)(17,13)) 0.35294117647058826
((16,13)(13,10)) 0.11764705882352941
((15,10)(15,10)) 0.6666666666666666
((15,10)(15,9)) 0.3333333333333333
((4,9)(4,9)) 0.6666666666666666
((4,9)(3,9)) 0.3333333333333333
((10,11)(10,11)) 0.5909090909090909
((10,11)(9,11)) 0.045454545454545456
((10,11)(10,7)) 0.09090909090909091
((10,11)(10,8)) 0.045454545454545456
((10,11)(9,9)) 0.09090909090909091
((10,11)(10,10)) 0.045454545454545456
((10,11)(8,6)) 0.045454545454545456
((10,11)(10,6)) 0.045454545454545456
((7,13)(7,13)) 0.6666666666666666
((7,13)(10,14)) 0.047619047619047616
((7,13)(7,12)) 0.2857142857142857
((19,15)(19,15)) 0.6818181818181818
((19,15)(18,14)) 0.18181818181818182
((19,15)(17,13)) 0.045454545454545456
((19,15)(13,7)) 0.045454545454545456
((19,15)(9,6)) 0.045454545454545456
((11,0)(11,0)) 0.6666666666666666
((11,0)(10,6)) 0.041666666666666664
((11,0)(10,0)) 0.20833333333333334
((11,0)(10,3)) 0.08333333333333333
((5,5)(5,5)) 0.7058823529411765
((5,5)(5,4)) 0.058823529411764705
((5,5)(14,6)) 0.058823529411764705
((5,5)(8,6)) 0.11764705882352941
((5,5)(7,6)) 0.058823529411764705
((13,11)(13,11)) 0.6666666666666666
((13,11)(13,12)) 0.027777777777777776
((13,11)(14,10)) 0.027777777777777776
((13,11)(12,8)) 0.05555555555555555
((13,11)(10,4)) 0.027777777777777776
((13,11)(11,12)) 0.05555555555555555
((13,11)(7,6)) 0.027777777777777776
((13,11)(13,10)) 0.05555555555555555
((13,11)(9,12)) 0.027777777777777776
((13,11)(12,11)) 0.027777777777777776
((14,10)(14,10)) 0.5
((14,10)(13,12)) 0.5
((17,12)(17,12)) 0.5
((17,12)(17,11)) 0.25
((17,12)(18,16)) 0.25
((17,11)(17,11)) 0.6923076923076923
((17,11)(13,12)) 0.07692307692307693
((17,11)(17,10)) 0.07692307692307693
((17,11)(16,9)) 0.038461538461538464
((17,11)(18,10)) 0.038461538461538464
((17,11)(19,7)) 0.038461538461538464
((17,11)(14,5)) 0.038461538461538464
((8,19)(8,19)) 0.6842105263157895
((8,19)(9,9)) 0.02631578947368421
((8,19)(8,18)) 0.13157894736842105
((8,19)(9,8)) 0.05263157894736842
((8,19)(7,19)) 0.07894736842105263
((8,19)(10,16)) 0.02631578947368421
((13,3)(13,3)) 0.8
((13,3)(10,8)) 0.05
((13,3)(12,6)) 0.05
((13,3)(10,9)) 0.05
((13,3)(8,6)) 0.05
((16,5)(16,5)) 0.7142857142857143
((16,5)(17,4)) 0.02857142857142857
((16,5)(16,4)) 0.02857142857142857
((16,5)(8,12)) 0.02857142857142857
((16,5)(15,5)) 0.02857142857142857
((16,5)(3,5)) 0.02857142857142857
((16,5)(3,6)) 0.02857142857142857
((16,5)(2,5)) 0.02857142857142857
((16,5)(10,8)) 0.02857142857142857
((16,5)(16,6)) 0.02857142857142857
((16,5)(12,6)) 0.02857142857142857
((18,9)(18,9)) 0.6875
((18,9)(13,10)) 0.125
((18,9)(19,9)) 0.03125
((18,9)(16,1)) 0.03125
((18,9)(17,4)) 0.03125
((18,9)(7,8)) 0.03125
((18,9)(9,8)) 0.0625
((9,0)(9,0)) 0.5555555555555556
((9,0)(10,0)) 0.2222222222222222
((9,0)(8,1)) 0.1111111111111111
((9,0)(8,2)) 0.1111111111111111
((14,16)(14,16)) 0.5
((14,16)(15,15)) 0.5
((15,15)(15,15)) 0.5
((15,15)(17,15)) 0.5
((17,15)(17,15)) 0.6521739130434783
((17,15)(16,14)) 0.17391304347826086
((17,15)(10,8)) 0.08695652173913043
((17,15)(18,16)) 0.043478260869565216
((17,15)(13,10)) 0.043478260869565216
((14,15)(14,15)) 0.8571428571428571
((14,15)(16,14)) 0.14285714285714285
((4,3)(4,3)) 0.5
((4,3)(4,4)) 0.25
((4,3)(5,1)) 0.25
((14,7)(14,7)) 0.625
((14,7)(13,7)) 0.0625
((14,7)(10,8)) 0.0625
((14,7)(9,8)) 0.0625
((14,7)(10,6)) 0.0625
((14,7)(14,6)) 0.125
((12,2)(12,2)) 0.6071428571428571
((12,2)(12,3)) 0.03571428571428571
((12,2)(10,6)) 0.03571428571428571
((12,2)(11,7)) 0.03571428571428571
((12,2)(12,6)) 0.07142857142857142
((12,2)(12,1)) 0.03571428571428571
((12,2)(11,2)) 0.03571428571428571
((12,2)(10,8)) 0.03571428571428571
((12,2)(13,1)) 0.07142857142857142
((12,2)(12,4)) 0.03571428571428571
((1,4)(1,4)) 0.5
((1,4)(7,7)) 0.5
((1,6)(1,6)) 0.7272727272727273
((1,6)(2,5)) 0.18181818181818182
((1,6)(4,6)) 0.09090909090909091
((10,2)(10,2)) 0.5
((10,2)(11,4)) 0.3
((10,2)(10,8)) 0.1
((10,2)(7,6)) 0.1
((8,11)(8,11)) 0.5
((8,11)(8,18)) 0.25
((8,11)(11,15)) 0.25
((3,8)(3,8)) 0.625
((3,8)(4,6)) 0.25
((3,8)(8,8)) 0.125
((18,11)(18,11)) 0.6666666666666666
((18,11)(10,6)) 0.3333333333333333
((15,7)(15,7)) 0.7142857142857143
((15,7)(16,4)) 0.07142857142857142
((15,7)(14,6)) 0.14285714285714285
((15,7)(16,8)) 0.07142857142857142
((16,4)(16,4)) 0.7272727272727273
((16,4)(15,6)) 0.045454545454545456
((16,4)(16,5)) 0.09090909090909091
((16,4)(18,4)) 0.045454545454545456
((16,4)(10,8)) 0.045454545454545456
((16,4)(9,8)) 0.045454545454545456
((6,8)(6,8)) 0.5
((6,8)(10,8)) 0.25
((6,8)(5,8)) 0.25
((16,8)(16,8)) 0.8571428571428571
((16,8)(14,6)) 0.14285714285714285
((2,4)(2,4)) 0.5
((2,4)(7,9)) 0.125
((2,4)(11,9)) 0.125
((2,4)(2,3)) 0.125
((2,4)(3,3)) 0.125
((11,19)(11,19)) 0.7222222222222222
((11,19)(18,14)) 0.027777777777777776
((11,19)(12,19)) 0.16666666666666666
((11,19)(9,7)) 0.027777777777777776
((11,19)(11,15)) 0.027777777777777776
((11,19)(11,18)) 0.027777777777777776
((15,11)(15,11)) 0.5
((15,11)(10,8)) 0.5
((7,11)(7,11)) 0.5
((7,11)(12,8)) 0.5
((15,2)(15,2)) 0.5
((15,2)(10,7)) 0.5
((14,17)(14,17)) 0.7857142857142857
((14,17)(13,17)) 0.14285714285714285
((14,17)(9,17)) 0.07142857142857142
((13,17)(13,17)) 0.5714285714285714
((13,17)(14,13)) 0.09523809523809523
((13,17)(12,17)) 0.19047619047619047
((13,17)(14,17)) 0.09523809523809523
((13,17)(15,17)) 0.047619047619047616
((20,9)(20,9)) 0.5555555555555556
((20,9)(10,8)) 0.4444444444444444
((12,17)(12,17)) 0.5714285714285714
((12,17)(13,17)) 0.2857142857142857
((12,17)(10,16)) 0.07142857142857142
((12,17)(11,14)) 0.07142857142857142
((17,7)(17,7)) 0.5555555555555556
((17,7)(8,10)) 0.3333333333333333
((17,7)(19,6)) 0.1111111111111111
((17,10)(17,10)) 0.5714285714285714
((17,10)(17,11)) 0.2857142857142857
((17,10)(13,10)) 0.14285714285714285
((16,9)(16,9)) 0.75
((16,9)(17,9)) 0.125
((16,9)(12,8)) 0.125
((16,12)(16,12)) 0.8333333333333334
((16,12)(13,10)) 0.16666666666666666
((5,9)(5,9)) 0.5
((5,9)(4,6)) 0.5
((15,17)(15,17)) 0.5
((15,17)(11,14)) 0.5
((19,6)(19,6)) 0.75
((19,6)(12,10)) 0.25
((15,5)(15,5)) 0.5
((15,5)(8,9)) 0.16666666666666666
((15,5)(10,6)) 0.16666666666666666
((15,5)(17,4)) 0.16666666666666666
((14,2)(14,2)) 0.7115384615384616
((14,2)(9,9)) 0.019230769230769232
((14,2)(9,6)) 0.019230769230769232
((14,2)(12,6)) 0.09615384615384616
((14,2)(13,4)) 0.019230769230769232
((14,2)(14,3)) 0.07692307692307693
((14,2)(18,9)) 0.019230769230769232
((14,2)(10,7)) 0.038461538461538464
((2,3)(2,3)) 0.8478260869565217
((2,3)(2,4)) 0.021739130434782608
((2,3)(8,6)) 0.06521739130434782
((2,3)(10,5)) 0.021739130434782608
((2,3)(10,6)) 0.043478260869565216
((13,9)(13,9)) 0.6666666666666666
((13,9)(13,10)) 0.3333333333333333
((18,8)(18,8)) 0.7777777777777778
((18,8)(8,7)) 0.16666666666666666
((18,8)(19,7)) 0.05555555555555555
((7,0)(7,0)) 0.6
((7,0)(6,2)) 0.1
((7,0)(10,8)) 0.1
((7,0)(5,4)) 0.1
((7,0)(6,0)) 0.1
((7,2)(7,2)) 0.8421052631578947
((7,2)(8,2)) 0.10526315789473684
((7,2)(7,1)) 0.05263157894736842
((14,14)(14,14)) 0.5
((14,14)(14,13)) 0.5
((17,16)(17,16)) 1.0
((14,18)(14,18)) 0.7
((14,18)(10,9)) 0.1
((14,18)(7,8)) 0.1
((14,18)(12,17)) 0.1
((18,5)(18,5)) 1.0
((14,8)(14,8)) 0.5
((14,8)(12,8)) 0.5
((11,13)(11,13)) 0.6363636363636364
((11,13)(10,9)) 0.09090909090909091
((11,13)(10,13)) 0.2727272727272727
((16,3)(16,3)) 0.5
((16,3)(14,6)) 0.5
