(15,9): 0.003
(6,2): 0.005
(4,4): 0.012
(12,7): 0.008
(11,8): 0.027
(14,6): 0.008
(6,1): 0.005
(8,7): 0.019
(1,5): 0.001
(3,3): 0.003
(16,6): 0.005
(17,4): 0.006
(10,6): 0.079
(11,4): 0.007
(6,4): 0.005
(11,10): 0.004
(12,6): 0.032
(8,6): 0.045
(9,8): 0.063
(10,7): 0.019
(19,14): 0.001
(10,8): 0.099
(8,10): 0.003
(6,9): 0.001
(8,2): 0.004
(10,19): 0.002
(12,19): 0.004
(18,14): 0.005
(10,16): 0.004
(15,14): 0.002
(12,12): 0.003
(7,7): 0.042
(15,6): 0.001
(12,8): 0.013
(11,9): 0.012
(4,5): 0.002
(4,7): 0.004
(18,7): 0.001
(6,7): 0.011
(3,9): 0.012
(10,18): 0.007
(12,1): 0.001
(5,7): 0.017
(16,16): 0.001
(18,16): 0.008
(9,6): 0.011
(11,18): 0.002
(16,14): 0.003
(9,2): 0.006
(19,9): 0.001
(8,18): 0.002
(9,5): 0.006
(13,1): 0.002
(13,10): 0.007
(10,10): 0.009
(13,12): 0.003
(7,1): 0.007
(10,0): 0.007
(14,4): 0.002
(11,6): 0.016
(8,0): 0.015
(9,3): 0.004
(9,4): 0.008
(10,3): 0.002
(8,14): 0.003
(5,3): 0.002
(11,15): 0.009
(10,14): 0.002
(9,7): 0.022
(13,7): 0.007
(4,6): 0.009
(10,5): 0.01
(12,15): 0.001
(7,3): 0.003
(8,8): 0.008
(6,6): 0.006
(7,5): 0.005
(13,4): 0.003
(2,5): 0.006
(5,4): 0.01
(13,5): 0.002
(12,10): 0.004
(3,5): 0.009
(11,14): 0.003
(11,12): 0.001
(3,6): 0.006
(9,18): 0.001
(10,9): 0.011
(11,2): 0.002
(8,5): 0.002
(6,5): 0.009
(7,9): 0.005
(7,6): 0.005
(8,4): 0.004
(5,1): 0.001
(8,3): 0.001
(14,5): 0.003
(9,10): 0.002
(13,6): 0.002
(10,1): 0.004
(12,0): 0.001
(12,4): 0.002
(14,13): 0.004
(9,9): 0.009
(16,1): 0.003
(6,3): 0.003
(10,12): 0.001
(14,16): 0.001
(11,5): 0.001
(9,17): 0.001
(12,2): 0.001
(7,8): 0.003
(1,6): 0.001
(10,4): 0.007
(8,12): 0.001
(11,7): 0.002
(16,4): 0.001
(8,1): 0.001
(8,9): 0.002
(19,7): 0.001
(7,13): 0.002
(14,17): 0.001
(12,3): 0.001
(13,17): 0.001
(17,7): 0.001
(7,4): 0.001
(5,9): 0.001
(2,3): 0.001
(18,4): 0.001
(16,5): 0.001
(17,9): 0.002
(11,19): 0.001
(17,11): 0.001
(7,12): 0.001
(5,6): 0.002
(2,4): 0.001
(17,12): 0.001
(7,0): 0.002
(14,7): 0.001
(14,2): 0.003
(7,2): 0.001
(8,19): 0.001
(14,14): 0.001
(13,8): 0.002
(17,15): 0.001
(3,7): 0.001
(12,9): 0.001
(13,3): 0.001
(10,13): 0.001
(6,0): 0.001
(3,4): 0.001
(17,13): 0.001
(9,11): 0.001
(12,11): 0.001
(12,16): 0.001
