(15,9): 0.001
(11,8): 0.035
(4,4): 0.01
(7,7): 0.033
(18,4): 0.005
(6,1): 0.004
(10,17): 0.003
(2,5): 0.012
(4,2): 0.001
(16,6): 0.008
(17,4): 0.006
(10,6): 0.065
(11,4): 0.009
(3,9): 0.009
(10,7): 0.013
(12,6): 0.049
(5,1): 0.005
(9,8): 0.052
(19,14): 0.001
(3,5): 0.015
(7,12): 0.004
(8,2): 0.005
(8,6): 0.032
(10,18): 0.012
(12,19): 0.004
(10,8): 0.067
(10,16): 0.006
(6,4): 0.004
(15,14): 0.003
(9,9): 0.007
(15,6): 0.004
(12,8): 0.022
(4,5): 0.003
(4,7): 0.004
(19,7): 0.001
(9,6): 0.014
(6,7): 0.005
(16,7): 0.002
(13,6): 0.005
(6,3): 0.005
(6,2): 0.002
(12,1): 0.002
(5,7): 0.013
(16,16): 0.002
(18,15): 0.002
(11,18): 0.002
(11,7): 0.004
(16,14): 0.004
(10,10): 0.01
(8,18): 0.008
(14,6): 0.007
(9,5): 0.006
(13,1): 0.002
(12,13): 0.004
(13,12): 0.004
(10,0): 0.006
(14,4): 0.001
(8,0): 0.017
(9,3): 0.009
(9,4): 0.013
(11,3): 0.002
(7,14): 0.001
(5,3): 0.005
(10,19): 0.005
(10,14): 0.005
(17,3): 0.003
(12,11): 0.004
(10,13): 0.002
(11,5): 0.003
(8,8): 0.011
(13,7): 0.009
(10,9): 0.009
(1,5): 0.004
(7,19): 0.002
(8,12): 0.005
(9,1): 0.001
(4,6): 0.02
(14,1): 0.003
(3,6): 0.006
(8,7): 0.008
(7,1): 0.008
(6,6): 0.003
(7,5): 0.005
(5,4): 0.007
(18,14): 0.005
(11,10): 0.008
(17,14): 0.001
(7,8): 0.003
(11,15): 0.005
(10,1): 0.009
(10,5): 0.006
(9,7): 0.007
(17,13): 0.003
(13,10): 0.008
(2,7): 0.002
(11,9): 0.009
(10,4): 0.006
(3,3): 0.007
(18,16): 0.002
(8,3): 0.002
(12,7): 0.004
(13,5): 0.002
(9,2): 0.003
(9,10): 0.003
(19,15): 0.002
(12,4): 0.004
(8,14): 0.002
(12,12): 0.002
(8,9): 0.003
(11,12): 0.004
(13,3): 0.002
(13,8): 0.001
(7,9): 0.01
(9,0): 0.001
(17,15): 0.001
(9,17): 0.001
(8,10): 0.003
(14,7): 0.002
(12,5): 0.002
(14,3): 0.002
(11,11): 0.001
(8,13): 0.001
(6,5): 0.002
(5,6): 0.002
(1,6): 0.001
(11,6): 0.008
(9,11): 0.002
(16,8): 0.001
(8,4): 0.003
(8,1): 0.001
(13,15): 0.001
(12,15): 0.001
(9,18): 0.001
(9,13): 0.002
(13,17): 0.001
(20,9): 0.001
(12,3): 0.001
(11,2): 0.002
(14,17): 0.002
(8,19): 0.002
(11,1): 0.001
(17,10): 0.001
(7,4): 0.002
(16,4): 0.002
(11,14): 0.001
(13,9): 0.001
(14,13): 0.001
(16,5): 0.001
(17,9): 0.001
(17,7): 0.001
(18,9): 0.002
(17,5): 0.001
(13,4): 0.001
(18,10): 0.001
(14,2): 0.002
(7,2): 0.001
(5,5): 0.001
(14,15): 0.001
(17,16): 0.001
(12,0): 0.001
(12,17): 0.002
(18,5): 0.001
(4,9): 0.001
(11,13): 0.001
(18,11): 0.001
(7,6): 0.001
(7,13): 0.001
(16,13): 0.001
