(29,13): 0.002
(14,15): 0.012
(34,19): 0.002
(22,24): 0.001
(30,4): 0.002
(20,17): 0.007
(22,15): 0.001
(8,18): 0.002
(20,12): 0.071
(24,13): 0.041
(22,12): 0.009
(21,20): 0.006
(10,9): 0.011
(8,15): 0.001
(19,16): 0.006
(17,12): 0.031
(35,9): 0.001
(24,3): 0.002
(32,15): 0.001
(16,12): 0.012
(5,6): 0.002
(17,0): 0.018
(23,11): 0.002
(36,32): 0.005
(11,14): 0.004
(19,17): 0.035
(25,23): 0.003
(18,20): 0.003
(18,26): 0.002
(21,21): 0.002
(18,15): 0.001
(23,29): 0.001
(24,12): 0.007
(20,18): 0.006
(17,14): 0.004
(8,13): 0.008
(21,3): 0.005
(13,6): 0.003
(18,17): 0.004
(17,2): 0.001
(11,10): 0.001
(7,7): 0.001
(16,37): 0.008
(21,16): 0.01
(15,13): 0.004
(21,17): 0.053
(18,16): 0.007
(18,35): 0.001
(8,8): 0.005
(22,19): 0.006
(27,21): 0.002
(12,5): 0.007
(16,8): 0.001
(25,5): 0.004
(18,25): 0.002
(29,5): 0.003
(24,16): 0.005
(7,18): 0.015
(20,36): 0.008
(10,7): 0.002
(13,9): 0.003
(24,32): 0.003
(7,10): 0.001
(18,4): 0.003
(21,1): 0.003
(18,13): 0.005
(13,14): 0.006
(24,10): 0.002
(24,27): 0.001
(14,14): 0.006
(24,8): 0.003
(20,29): 0.001
(22,9): 0.005
(32,12): 0.004
(20,11): 0.004
(24,6): 0.002
(19,11): 0.002
(15,7): 0.001
(11,4): 0.002
(24,14): 0.002
(18,11): 0.002
(6,11): 0.009
(20,16): 0.002
(15,18): 0.001
(17,16): 0.008
(16,11): 0.001
(15,15): 0.014
(22,16): 0.006
(14,12): 0.003
(15,3): 0.002
(25,2): 0.002
(13,13): 0.002
(33,19): 0.003
(15,11): 0.002
(18,9): 0.006
(13,11): 0.003
(29,11): 0.001
(25,10): 0.001
(12,15): 0.002
(28,13): 0.006
(9,9): 0.001
(31,19): 0.002
(17,11): 0.008
(16,29): 0.001
(22,17): 0.014
(29,27): 0.003
(18,7): 0.001
(13,2): 0.003
(21,18): 0.002
(18,18): 0.001
(27,25): 0.001
(9,14): 0.002
(2,11): 0.002
(8,5): 0.001
(24,15): 0.004
(18,28): 0.001
(16,9): 0.001
(20,22): 0.003
(15,12): 0.002
(6,12): 0.004
(19,5): 0.001
(18,8): 0.001
(22,27): 0.001
(23,9): 0.002
(23,8): 0.002
(20,38): 0.005
(22,8): 0.005
(21,33): 0.008
(36,8): 0.002
(21,19): 0.004
(25,13): 0.001
(31,23): 0.001
(32,3): 0.003
(24,17): 0.008
(14,2): 0.003
(26,15): 0.003
(21,4): 0.002
(38,28): 0.002
(23,4): 0.001
(21,12): 0.005
(19,14): 0.002
(22,13): 0.003
(28,34): 0.002
(22,31): 0.002
(35,28): 0.001
(18,12): 0.006
(12,4): 0.001
(25,22): 0.001
(22,11): 0.002
(16,15): 0.003
(33,12): 0.001
(26,18): 0.001
(37,29): 0.004
(27,10): 0.003
(21,8): 0.003
(27,9): 0.003
(16,21): 0.006
(30,13): 0.004
(36,16): 0.001
(22,30): 0.002
(23,24): 0.003
(14,13): 0.003
(31,28): 0.002
(19,28): 0.002
(19,15): 0.003
(24,25): 0.003
(23,6): 0.002
(22,20): 0.003
(23,12): 0.002
(8,14): 0.001
(12,10): 0.002
(17,13): 0.001
(34,8): 0.001
(32,9): 0.001
(16,28): 0.002
(12,13): 0.001
(37,15): 0.001
(20,15): 0.003
(19,18): 0.005
(18,22): 0.001
(11,12): 0.001
(23,16): 0.003
(20,14): 0.003
(35,19): 0.001
(4,10): 0.001
(21,15): 0.002
(27,12): 0.002
(20,8): 0.001
(15,5): 0.001
(29,10): 0.002
(24,2): 0.002
(24,19): 0.002
(6,7): 0.001
(17,39): 0.001
(21,10): 0.002
(21,0): 0.002
(18,14): 0.004
(32,33): 0.001
(7,17): 0.001
(23,37): 0.002
(24,39): 0.004
(33,29): 0.003
(15,25): 0.002
(37,18): 0.001
(29,12): 0.002
(10,14): 0.003
(29,36): 0.001
(26,20): 0.004
(25,18): 0.002
(28,18): 0.002
(24,0): 0.001
(11,9): 0.002
(13,4): 0.001
(14,38): 0.001
(16,24): 0.002
(26,24): 0.002
(20,2): 0.001
(17,1): 0.001
(12,9): 0.001
(19,9): 0.004
(22,6): 0.001
(22,18): 0.006
(13,10): 0.001
(7,13): 0.001
(20,28): 0.002
(19,20): 0.001
(38,14): 0.001
(18,19): 0.002
(18,24): 0.002
(25,19): 0.001
(23,13): 0.002
(26,25): 0.001
(28,2): 0.001
(7,8): 0.001
(20,7): 0.001
(16,1): 0.002
(34,31): 0.001
(26,14): 0.001
(18,6): 0.001
(16,19): 0.001
(9,10): 0.001
(34,23): 0.001
(25,21): 0.001
(21,9): 0.001
(26,12): 0.001
(27,20): 0.001
(22,22): 0.001
(16,0): 0.001
(23,18): 0.001
(22,3): 0.001
(4,11): 0.001
(16,26): 0.001
(20,21): 0.002
(17,25): 0.001
(14,26): 0.002
(40,18): 0.002
(9,12): 0.001
(5,12): 0.001
(10,3): 0.001
(16,4): 0.003
(35,20): 0.001
(24,7): 0.001
(26,3): 0.001
(16,13): 0.001
(9,11): 0.001
(5,11): 0.001
(9,8): 0.001
(7,14): 0.001
(23,20): 0.001
(26,0): 0.001
(31,10): 0.001
(34,9): 0.001
(6,10): 0.001
(12,11): 0.001
(20,25): 0.001
(15,19): 0.003
(15,16): 0.001
(8,10): 0.001
(33,11): 0.001
(18,10): 0.001
(32,28): 0.001
(31,22): 0.001
(13,15): 0.001
(34,14): 0.001
(14,18): 0.001
(36,30): 0.001
(22,37): 0.001
(17,19): 0.001
(12,14): 0.001
(21,34): 0.001
(10,2): 0.001
(15,22): 0.001
(22,5): 0.001
(15,28): 0.001
(17,7): 0.001
(16,10): 0.001
(16,7): 0.001
(19,12): 0.001
(34,27): 0.001
(25,14): 0.001
(19,21): 0.001
