(29,13): 0.004
(20,12): 0.068
(21,17): 0.078
(30,4): 0.001
(17,12): 0.029
(23,8): 0.001
(20,14): 0.001
(19,17): 0.042
(22,14): 0.001
(3,10): 0.003
(21,20): 0.009
(16,5): 0.002
(10,14): 0.005
(17,16): 0.004
(36,8): 0.003
(24,3): 0.002
(28,13): 0.008
(16,12): 0.008
(21,15): 0.002
(24,13): 0.038
(14,15): 0.007
(5,6): 0.002
(17,0): 0.014
(35,31): 0.001
(22,12): 0.009
(23,29): 0.004
(16,9): 0.001
(17,25): 0.001
(34,8): 0.003
(20,21): 0.002
(22,29): 0.001
(24,17): 0.01
(22,22): 0.001
(18,20): 0.001
(6,11): 0.002
(18,17): 0.005
(11,10): 0.001
(7,7): 0.001
(10,18): 0.002
(20,19): 0.001
(14,14): 0.004
(18,16): 0.008
(20,17): 0.004
(8,8): 0.006
(18,9): 0.001
(15,19): 0.014
(27,21): 0.002
(34,31): 0.001
(10,3): 0.001
(16,7): 0.001
(22,9): 0.008
(19,19): 0.003
(39,13): 0.001
(24,19): 0.001
(26,14): 0.002
(7,18): 0.013
(20,36): 0.011
(10,9): 0.01
(8,4): 0.001
(24,31): 0.001
(4,10): 0.002
(16,37): 0.01
(36,32): 0.005
(7,10): 0.002
(9,12): 0.001
(18,4): 0.002
(21,1): 0.002
(16,15): 0.003
(26,6): 0.001
(14,17): 0.003
(26,29): 0.001
(19,16): 0.004
(6,12): 0.005
(26,2): 0.001
(20,29): 0.002
(9,13): 0.002
(21,12): 0.009
(32,12): 0.001
(17,5): 0.002
(24,6): 0.002
(29,3): 0.001
(22,16): 0.005
(5,10): 0.001
(21,7): 0.001
(22,13): 0.001
(19,21): 0.003
(21,21): 0.005
(17,11): 0.003
(5,11): 0.002
(6,7): 0.005
(19,18): 0.006
(18,36): 0.001
(21,10): 0.001
(11,2): 0.002
(16,6): 0.003
(15,3): 0.001
(24,0): 0.002
(13,13): 0.002
(34,19): 0.002
(22,7): 0.002
(15,11): 0.001
(29,11): 0.001
(27,8): 0.001
(12,15): 0.002
(9,9): 0.002
(16,29): 0.001
(11,9): 0.002
(7,9): 0.001
(22,17): 0.021
(7,17): 0.002
(28,26): 0.001
(19,5): 0.001
(13,2): 0.001
(20,11): 0.004
(2,11): 0.001
(7,6): 0.001
(33,12): 0.001
(20,28): 0.002
(22,20): 0.002
(16,0): 0.001
(26,0): 0.003
(11,6): 0.002
(32,6): 0.001
(24,2): 0.001
(8,13): 0.005
(28,2): 0.002
(17,9): 0.003
(22,31): 0.004
(34,10): 0.001
(21,16): 0.005
(23,9): 0.002
(25,13): 0.003
(13,14): 0.004
(17,13): 0.002
(21,8): 0.004
(24,12): 0.009
(15,13): 0.004
(19,37): 0.001
(19,7): 0.001
(23,12): 0.001
(31,23): 0.001
(20,18): 0.001
(35,28): 0.001
(7,11): 0.002
(23,4): 0.001
(22,19): 0.007
(20,16): 0.002
(37,15): 0.003
(18,13): 0.003
(18,14): 0.004
(28,34): 0.002
(22,33): 0.002
(29,14): 0.003
(33,28): 0.001
(25,22): 0.001
(22,11): 0.002
(30,13): 0.004
(29,5): 0.002
(9,17): 0.001
(17,19): 0.005
(21,33): 0.003
(34,29): 0.001
(14,18): 0.001
(30,14): 0.002
(36,9): 0.001
(16,21): 0.003
(6,14): 0.001
(16,4): 0.001
(31,28): 0.002
(25,25): 0.001
(23,28): 0.001
(26,20): 0.004
(23,6): 0.001
(13,6): 0.004
(9,8): 0.003
(27,14): 0.001
(7,14): 0.001
(12,11): 0.001
(15,17): 0.002
(33,19): 0.002
(15,15): 0.004
(24,27): 0.002
(11,14): 0.006
(22,18): 0.004
(21,18): 0.003
(10,13): 0.001
(37,21): 0.001
(20,38): 0.002
(15,29): 0.003
(23,38): 0.001
(18,19): 0.001
(17,22): 0.001
(23,13): 0.001
(18,10): 0.002
(33,14): 0.001
(27,9): 0.002
(25,2): 0.002
(18,5): 0.001
(27,12): 0.002
(35,24): 0.001
(14,2): 0.003
(15,5): 0.001
(28,19): 0.001
(12,5): 0.005
(29,27): 0.003
(17,39): 0.001
(18,26): 0.002
(15,12): 0.001
(20,34): 0.001
(32,33): 0.002
(36,30): 0.001
(22,36): 0.001
(32,10): 0.001
(24,39): 0.003
(33,29): 0.002
(34,27): 0.001
(21,0): 0.001
(33,11): 0.001
(31,20): 0.001
(29,12): 0.002
(9,14): 0.002
(26,25): 0.001
(21,3): 0.004
(27,23): 0.002
(25,18): 0.001
(28,18): 0.001
(19,34): 0.001
(14,13): 0.002
(12,14): 0.001
(10,2): 0.003
(4,7): 0.001
(14,38): 0.001
(26,24): 0.001
(25,20): 0.002
(21,5): 0.001
(22,10): 0.001
(19,9): 0.005
(22,6): 0.001
(26,15): 0.001
(13,9): 0.004
(20,39): 0.002
(19,10): 0.002
(18,24): 0.001
(13,11): 0.002
(24,16): 0.002
(19,28): 0.001
(14,16): 0.001
(38,30): 0.001
(23,21): 0.001
(14,10): 0.001
(21,19): 0.001
(27,10): 0.001
(25,23): 0.002
(23,18): 0.001
(22,30): 0.001
(16,38): 0.001
(16,24): 0.003
(23,37): 0.001
(20,7): 0.001
(16,1): 0.002
(25,16): 0.003
(26,3): 0.001
(34,32): 0.001
(23,11): 0.001
(9,15): 0.001
(18,6): 0.001
(9,11): 0.001
(18,12): 0.003
(22,8): 0.003
(26,12): 0.003
(12,12): 0.001
(18,21): 0.001
(25,21): 0.001
(18,35): 0.001
(17,14): 0.002
(18,15): 0.001
(24,10): 0.001
(4,11): 0.001
(16,26): 0.001
(20,23): 0.001
(14,26): 0.001
(40,18): 0.002
(11,4): 0.001
(13,15): 0.003
(5,12): 0.002
(18,25): 0.001
(35,20): 0.001
(24,7): 0.001
(31,19): 0.002
(16,13): 0.002
(9,10): 0.001
(32,9): 0.001
(16,10): 0.001
(20,4): 0.001
(10,15): 0.001
(15,0): 0.001
(36,29): 0.001
(37,29): 0.002
(17,1): 0.001
(32,28): 0.001
(19,13): 0.001
(8,14): 0.001
(37,18): 0.001
(11,12): 0.001
(18,22): 0.001
(18,11): 0.003
(5,8): 0.001
(17,7): 0.002
(18,3): 0.001
(22,37): 0.001
(15,16): 0.001
(15,25): 0.002
(10,10): 0.001
(25,5): 0.001
(32,3): 0.002
(17,15): 0.001
(8,18): 0.001
(20,2): 0.001
(19,15): 0.001
(22,5): 0.001
(17,4): 0.001
(19,11): 0.001
(11,7): 0.001
(23,16): 0.001
(14,7): 0.001
(33,27): 0.001
(20,20): 0.001
(26,11): 0.001
(39,14): 0.001
