(14,17): 0.006
(22,15): 0.036
(32,28): 0.001
(20,46): 0.001
(24,21): 0.034
(26,26): 0.002
(29,36): 0.002
(30,21): 0.009
(30,16): 0.036
(25,15): 0.051
(20,19): 0.012
(18,18): 0.014
(16,8): 0.002
(22,22): 0.003
(18,17): 0.006
(25,14): 0.004
(9,9): 0.002
(12,11): 0.013
(27,7): 0.003
(18,19): 0.009
(26,19): 0.002
(17,17): 0.01
(23,20): 0.013
(27,21): 0.01
(10,10): 0.007
(42,36): 0.005
(28,22): 0.017
(36,2): 0.001
(21,10): 0.001
(28,15): 0.013
(31,6): 0.002
(13,3): 0.004
(22,31): 0.001
(15,7): 0.001
(29,29): 0.001
(8,9): 0.001
(25,45): 0.014
(30,40): 0.002
(28,24): 0.005
(5,12): 0.004
(7,14): 0.01
(46,36): 0.006
(26,22): 0.043
(20,16): 0.004
(31,5): 0.001
(28,16): 0.001
(8,12): 0.003
(11,16): 0.008
(25,18): 0.007
(35,17): 0.006
(35,8): 0.001
(23,16): 0.003
(21,0): 0.013
(6,8): 0.001
(21,47): 0.005
(31,13): 0.001
(21,49): 0.001
(23,17): 0.001
(23,21): 0.007
(32,36): 0.001
(26,15): 0.008
(17,15): 0.001
(33,44): 0.001
(14,12): 0.001
(36,34): 0.004
(27,12): 0.007
(26,21): 0.015
(40,15): 0.005
(23,10): 0.002
(23,14): 0.002
(32,0): 0.002
(22,16): 0.002
(28,23): 0.003
(30,34): 0.003
(25,20): 0.001
(20,14): 0.001
(25,16): 0.002
(13,4): 0.001
(23,19): 0.002
(19,4): 0.001
(16,18): 0.003
(33,14): 0.001
(43,24): 0.001
(31,9): 0.002
(13,20): 0.001
(22,12): 0.005
(37,14): 0.002
(28,20): 0.004
(31,18): 0.001
(27,19): 0.006
(34,10): 0.002
(10,17): 0.001
(9,23): 0.01
(25,26): 0.001
(29,15): 0.003
(26,20): 0.007
(20,36): 0.001
(12,13): 0.001
(9,12): 0.001
(16,3): 0.001
(41,31): 0.001
(30,17): 0.001
(22,4): 0.001
(34,32): 0.001
(3,14): 0.001
(10,7): 0.001
(22,0): 0.006
(30,19): 0.004
(28,25): 0.01
(20,12): 0.004
(25,13): 0.001
(25,22): 0.006
(30,22): 0.002
(24,14): 0.002
(20,15): 0.003
(27,2): 0.008
(27,22): 0.008
(7,15): 0.002
(24,6): 0.001
(27,34): 0.001
(43,12): 0.002
(29,11): 0.002
(19,32): 0.004
(21,23): 0.001
(29,10): 0.001
(27,39): 0.005
(27,10): 0.004
(44,10): 0.002
(37,23): 0.001
(39,28): 0.001
(41,35): 0.001
(47,35): 0.001
(38,35): 0.001
(29,7): 0.001
(28,26): 0.002
(21,20): 0.002
(11,12): 0.004
(15,13): 0.003
(28,13): 0.001
(25,47): 0.001
(24,22): 0.006
(21,1): 0.002
(28,37): 0.001
(48,23): 0.002
(24,18): 0.007
(23,18): 0.002
(25,21): 0.006
(34,13): 0.002
(9,20): 0.001
(27,41): 0.003
(16,12): 0.004
(27,16): 0.001
(31,16): 0.001
(28,30): 0.001
(22,17): 0.003
(30,32): 0.001
(25,19): 0.001
(16,14): 0.001
(32,25): 0.005
(38,16): 0.002
(27,25): 0.002
(26,25): 0.004
(11,14): 0.002
(10,18): 0.002
(19,21): 0.001
(43,10): 0.004
(13,16): 0.001
(15,6): 0.008
(40,12): 0.002
(45,11): 0.004
(27,42): 0.001
(16,16): 0.002
(23,44): 0.002
(24,20): 0.003
(21,28): 0.001
(19,16): 0.002
(13,15): 0.001
(15,10): 0.001
(34,11): 0.003
(25,27): 0.003
(33,16): 0.002
(36,7): 0.003
(25,11): 0.001
(16,13): 0.003
(17,3): 0.002
(19,6): 0.001
(33,15): 0.001
(37,37): 0.001
(26,10): 0.003
(30,2): 0.001
(26,13): 0.001
(8,15): 0.003
(31,22): 0.002
(45,40): 0.003
(23,3): 0.001
(45,37): 0.001
(41,14): 0.003
(42,34): 0.001
(28,36): 0.002
(18,8): 0.001
(21,35): 0.003
(23,5): 0.001
(31,10): 0.001
(42,38): 0.001
(20,26): 0.001
(30,49): 0.003
(18,15): 0.001
(36,15): 0.001
(13,18): 0.002
(27,20): 0.008
(36,46): 0.001
(14,18): 0.002
(33,25): 0.002
(16,19): 0.004
(18,16): 0.002
(20,30): 0.001
(33,31): 0.001
(31,25): 0.002
(28,14): 0.003
(27,5): 0.001
(31,8): 0.002
(33,8): 0.001
(24,23): 0.003
(24,16): 0.001
(6,14): 0.001
(21,2): 0.002
(28,2): 0.001
(27,17): 0.003
(22,33): 0.001
(13,9): 0.001
(22,18): 0.007
(13,8): 0.001
(27,4): 0.001
(20,8): 0.001
(34,29): 0.001
(31,17): 0.001
(27,0): 0.001
(34,18): 0.001
(21,24): 0.002
(23,12): 0.003
(23,15): 0.002
(26,23): 0.002
(27,24): 0.003
(23,22): 0.001
(17,19): 0.001
(21,19): 0.003
(40,4): 0.002
(21,46): 0.001
(24,45): 0.001
(23,47): 0.001
(42,40): 0.001
(33,18): 0.001
(22,13): 0.001
(17,2): 0.001
(12,18): 0.001
(23,33): 0.001
(24,35): 0.001
(34,25): 0.001
(16,26): 0.001
(23,8): 0.001
(37,16): 0.001
(29,20): 0.001
(18,11): 0.001
(30,13): 0.001
(7,17): 0.001
(22,14): 0.001
(22,24): 0.001
(32,16): 0.001
(23,26): 0.001
(42,7): 0.001
(23,13): 0.001
(23,9): 0.001
(35,24): 0.001
(19,19): 0.002
(22,20): 0.002
(30,27): 0.001
(26,14): 0.001
(18,9): 0.001
(22,23): 0.001
(9,21): 0.001
(20,47): 0.001
(43,25): 0.001
(19,14): 0.001
(24,19): 0.001
(25,32): 0.001
(34,17): 0.001
(40,13): 0.001
(5,16): 0.001
(25,24): 0.001
(10,16): 0.001
(25,49): 0.001
(39,35): 0.002
(19,23): 0.001
(23,24): 0.001
(15,17): 0.001
(27,15): 0.001
(18,23): 0.001
(26,27): 0.001
(21,15): 0.002
(30,24): 0.001
(29,8): 0.001
(21,16): 0.001
(24,13): 0.001
(29,47): 0.001
(23,28): 0.001
(18,22): 0.001
(24,9): 0.001
(27,3): 0.001
(29,17): 0.001
(35,43): 0.001
(37,12): 0.001
