(24,21): 0.04
(20,12): 0.002
(22,15): 0.024
(20,32): 0.001
(43,10): 0.006
(9,23): 0.006
(29,36): 0.002
(30,16): 0.039
(17,15): 0.001
(32,16): 0.003
(27,12): 0.006
(16,8): 0.005
(22,22): 0.002
(18,17): 0.003
(26,21): 0.016
(22,18): 0.002
(14,8): 0.002
(27,2): 0.004
(16,18): 0.003
(30,24): 0.004
(17,17): 0.007
(11,16): 0.008
(26,22): 0.049
(10,10): 0.007
(25,15): 0.056
(27,21): 0.006
(44,39): 0.002
(22,12): 0.003
(30,1): 0.001
(21,32): 0.001
(8,9): 0.003
(22,30): 0.001
(13,3): 0.005
(30,39): 0.001
(28,22): 0.019
(5,12): 0.002
(7,14): 0.007
(45,40): 0.005
(28,15): 0.008
(21,2): 0.003
(11,12): 0.005
(12,16): 0.002
(26,15): 0.01
(23,48): 0.001
(27,19): 0.007
(20,19): 0.007
(35,8): 0.001
(31,10): 0.005
(22,0): 0.001
(25,18): 0.001
(24,22): 0.004
(20,47): 0.005
(36,2): 0.001
(31,13): 0.002
(22,20): 0.004
(22,17): 0.001
(10,16): 0.001
(24,20): 0.002
(32,36): 0.001
(18,18): 0.009
(21,17): 0.001
(26,19): 0.002
(12,11): 0.009
(27,22): 0.006
(27,13): 0.001
(40,15): 0.004
(23,14): 0.002
(32,0): 0.003
(35,17): 0.012
(16,19): 0.003
(26,27): 0.002
(27,23): 0.002
(26,23): 0.005
(24,23): 0.002
(7,15): 0.003
(18,13): 0.002
(24,18): 0.001
(13,4): 0.002
(28,24): 0.003
(27,4): 0.005
(21,47): 0.004
(23,20): 0.007
(21,20): 0.002
(15,18): 0.001
(33,14): 0.001
(43,24): 0.001
(31,9): 0.003
(19,14): 0.003
(37,14): 0.002
(21,10): 0.003
(9,7): 0.002
(39,24): 0.001
(26,20): 0.008
(28,29): 0.003
(21,34): 0.002
(20,16): 0.004
(11,11): 0.001
(8,12): 0.001
(17,3): 0.006
(34,26): 0.001
(30,17): 0.004
(22,3): 0.001
(25,21): 0.004
(35,43): 0.002
(3,14): 0.001
(21,0): 0.013
(28,25): 0.01
(15,12): 0.001
(24,14): 0.002
(25,45): 0.013
(20,15): 0.004
(42,15): 0.002
(24,1): 0.001
(14,12): 0.002
(48,17): 0.001
(37,17): 0.001
(43,12): 0.004
(28,14): 0.001
(18,22): 0.004
(36,17): 0.001
(25,14): 0.003
(29,10): 0.003
(27,10): 0.006
(19,23): 0.002
(46,36): 0.007
(32,25): 0.012
(39,28): 0.001
(23,26): 0.001
(27,41): 0.007
(17,2): 0.001
(47,35): 0.001
(9,14): 0.001
(38,35): 0.001
(27,15): 0.002
(27,17): 0.002
(27,26): 0.001
(27,39): 0.003
(47,23): 0.002
(28,13): 0.001
(25,47): 0.003
(14,17): 0.004
(21,1): 0.002
(24,15): 0.001
(28,37): 0.001
(45,11): 0.004
(48,23): 0.001
(32,21): 0.001
(20,27): 0.002
(42,35): 0.002
(27,16): 0.001
(32,18): 0.004
(21,24): 0.001
(36,34): 0.003
(8,8): 0.001
(30,32): 0.002
(39,17): 0.001
(30,21): 0.007
(28,20): 0.001
(11,14): 0.002
(29,15): 0.001
(10,18): 0.001
(21,33): 0.001
(18,19): 0.004
(30,22): 0.002
(40,12): 0.003
(27,42): 0.001
(46,19): 0.002
(24,19): 0.002
(22,28): 0.001
(18,16): 0.002
(13,15): 0.001
(41,18): 0.001
(39,19): 0.001
(36,7): 0.004
(27,25): 0.002
(25,11): 0.003
(18,0): 0.001
(16,12): 0.005
(28,46): 0.003
(21,15): 0.001
(37,37): 0.001
(30,3): 0.003
(26,12): 0.001
(41,41): 0.001
(41,15): 0.002
(26,14): 0.002
(30,49): 0.002
(42,36): 0.003
(42,34): 0.003
(27,35): 0.001
(19,6): 0.002
(20,34): 0.001
(8,13): 0.001
(23,10): 0.003
(20,26): 0.002
(18,15): 0.001
(34,43): 0.001
(14,18): 0.002
(45,12): 0.001
(35,23): 0.001
(15,6): 0.004
(5,9): 0.001
(18,32): 0.001
(33,31): 0.001
(32,29): 0.001
(31,25): 0.001
(25,22): 0.001
(25,2): 0.001
(26,6): 0.001
(26,26): 0.002
(33,8): 0.002
(37,10): 0.001
(6,14): 0.001
(41,35): 0.001
(29,5): 0.001
(27,7): 0.004
(21,9): 0.001
(32,28): 0.001
(21,35): 0.001
(31,20): 0.001
(19,15): 0.001
(23,13): 0.003
(11,10): 0.001
(16,26): 0.001
(29,20): 0.001
(25,49): 0.001
(20,8): 0.001
(26,10): 0.002
(18,23): 0.001
(26,25): 0.003
(18,24): 0.002
(33,18): 0.001
(27,3): 0.003
(25,36): 0.001
(47,37): 0.001
(47,26): 0.001
(34,31): 0.001
(18,8): 0.002
(20,36): 0.002
(31,12): 0.001
(33,17): 0.001
(34,29): 0.001
(27,20): 0.006
(34,13): 0.002
(40,4): 0.001
(27,5): 0.001
(18,3): 0.001
(24,16): 0.003
(24,9): 0.001
(30,13): 0.001
(30,23): 0.001
(32,20): 0.001
(23,18): 0.002
(21,19): 0.001
(27,0): 0.002
(11,15): 0.001
(34,18): 0.001
(23,8): 0.002
(10,6): 0.001
(35,18): 0.001
(12,13): 0.002
(23,24): 0.001
(30,20): 0.001
(23,12): 0.002
(25,12): 0.001
(26,24): 0.001
(27,29): 0.001
(16,3): 0.001
(12,18): 0.001
(15,17): 0.001
(22,27): 0.001
(23,32): 0.001
(16,13): 0.004
(23,34): 0.001
(24,35): 0.001
(30,18): 0.001
(32,27): 0.001
(19,18): 0.001
(27,18): 0.001
(32,17): 0.001
(39,27): 0.001
(28,30): 0.001
(39,16): 0.001
(4,12): 0.001
(41,19): 0.001
(19,19): 0.001
(23,28): 0.001
(7,17): 0.001
(20,11): 0.001
(34,15): 0.001
(25,27): 0.001
(22,24): 0.001
(33,16): 0.001
(5,8): 0.001
(9,9): 0.001
(29,2): 0.001
(20,10): 0.001
(22,31): 0.001
(38,5): 0.001
(29,29): 0.001
(30,40): 0.001
(23,5): 0.001
(26,2): 0.001
(20,24): 0.001
(32,7): 0.001
(12,10): 0.001
(21,23): 0.001
(30,34): 0.001
(31,8): 0.001
(14,3): 0.002
(19,4): 0.001
(9,22): 0.002
(42,23): 0.001
(13,18): 0.001
(22,14): 0.002
(13,12): 0.001
(6,10): 0.001
(38,16): 0.001
(19,7): 0.001
(38,17): 0.001
(25,24): 0.001
(23,16): 0.001
(25,5): 0.001
(10,20): 0.001
(44,35): 0.001
(20,6): 0.001
(25,13): 0.001
(6,18): 0.001
(8,14): 0.001
(13,9): 0.001
(31,21): 0.001
(46,35): 0.001
(34,12): 0.001
(25,42): 0.001
(29,19): 0.001
(39,35): 0.001
(23,25): 0.001
(9,18): 0.001
(28,18): 0.001
(41,14): 0.001
(27,24): 0.001
(28,48): 0.001
(21,28): 0.001
(30,19): 0.001
(34,10): 0.001
(35,19): 0.001
(26,17): 0.001
(20,30): 0.001
(26,13): 0.001
(31,22): 0.001
(40,41): 0.001
(41,24): 0.001
(25,43): 0.001
