(9,8): 0.057
(8,4): 0.007
(8,6): 0.033
(8,13): 0.005
(17,4): 0.01
(3,9): 0.008
(11,14): 0.003
(12,6): 0.045
(7,6): 0.007
(13,6): 0.004
(11,4): 0.012
(6,3): 0.005
(10,8): 0.086
(9,7): 0.006
(5,3): 0.003
(10,0): 0.007
(6,7): 0.008
(12,9): 0.005
(7,7): 0.023
(4,6): 0.011
(4,4): 0.013
(10,6): 0.069
(17,15): 0.002
(9,4): 0.007
(12,0): 0.001
(8,12): 0.002
(3,3): 0.007
(9,12): 0.002
(5,1): 0.009
(12,15): 0.001
(11,8): 0.026
(2,5): 0.003
(3,5): 0.01
(18,16): 0.005
(11,6): 0.012
(8,1): 0.002
(9,19): 0.001
(11,7): 0.005
(8,7): 0.009
(14,3): 0.001
(12,4): 0.005
(8,0): 0.018
(10,7): 0.008
(8,18): 0.007
(14,1): 0.001
(12,5): 0.004
(13,14): 0.001
(5,4): 0.013
(5,6): 0.002
(10,5): 0.009
(16,6): 0.008
(8,5): 0.002
(9,5): 0.008
(13,0): 0.003
(14,6): 0.014
(10,10): 0.009
(11,9): 0.008
(10,9): 0.01
(9,9): 0.004
(2,6): 0.002
(7,5): 0.005
(10,1): 0.009
(8,8): 0.002
(13,5): 0.003
(17,9): 0.001
(12,3): 0.004
(14,5): 0.002
(15,9): 0.001
(11,11): 0.005
(3,4): 0.001
(6,1): 0.004
(13,10): 0.009
(14,17): 0.002
(1,5): 0.002
(11,10): 0.012
(6,4): 0.005
(10,18): 0.013
(9,0): 0.001
(19,6): 0.001
(11,5): 0.002
(7,8): 0.002
(7,9): 0.007
(18,14): 0.008
(15,11): 0.001
(9,10): 0.002
(10,16): 0.009
(19,14): 0.001
(15,14): 0.002
(11,15): 0.004
(18,9): 0.002
(4,5): 0.005
(10,19): 0.004
(5,7): 0.007
(9,6): 0.007
(18,4): 0.005
(19,9): 0.001
(12,8): 0.015
(8,10): 0.004
(17,14): 0.003
(13,7): 0.006
(8,9): 0.005
(14,13): 0.003
(12,12): 0.002
(12,10): 0.006
(15,6): 0.004
(10,4): 0.009
(4,7): 0.002
(16,4): 0.003
(18,7): 0.002
(9,11): 0.003
(16,7): 0.002
(15,7): 0.001
(14,2): 0.004
(7,0): 0.001
(7,1): 0.006
(11,18): 0.003
(14,14): 0.001
(12,1): 0.003
(16,16): 0.002
(12,19): 0.002
(16,14): 0.004
(17,13): 0.002
(7,2): 0.003
(8,19): 0.002
(13,17): 0.001
(14,9): 0.001
(6,2): 0.004
(2,3): 0.002
(7,13): 0.001
(13,12): 0.002
(12,11): 0.002
(3,6): 0.001
(10,2): 0.003
(13,3): 0.003
(15,4): 0.001
(11,2): 0.002
(10,3): 0.002
(8,3): 0.002
(8,14): 0.003
(6,10): 0.001
(6,5): 0.005
(16,13): 0.001
(10,14): 0.001
(19,15): 0.001
(18,10): 0.001
(7,3): 0.002
(13,11): 0.001
(16,1): 0.001
(9,3): 0.003
(4,2): 0.001
(14,7): 0.002
(9,13): 0.002
(9,14): 0.001
(12,7): 0.003
(15,10): 0.001
(11,12): 0.001
(3,7): 0.002
(11,1): 0.001
(15,2): 0.001
(12,16): 0.001
(11,3): 0.001
(9,2): 0.001
(12,13): 0.001
(16,9): 0.002
(2,4): 0.001
(4,8): 0.001
(8,2): 0.001
(2,7): 0.001
(13,4): 0.002
(16,5): 0.001
(11,19): 0.001
(8,11): 0.001
(10,17): 0.001
