(13,9): 0.054
(16,15): 0.01
(16,13): 0.064
(17,9): 0.016
(25,22): 0.008
(9,4): 0.02
(13,14): 0.005
(15,27): 0.021
(15,9): 0.058
(13,3): 0.001
(18,9): 0.035
(5,14): 0.012
(26,6): 0.005
(11,12): 0.001
(27,24): 0.003
(11,11): 0.03
(18,20): 0.003
(18,10): 0.008
(9,16): 0.002
(11,4): 0.002
(11,10): 0.006
(12,11): 0.013
(14,6): 0.002
(6,6): 0.009
(14,12): 0.042
(14,21): 0.001
(14,8): 0.003
(19,21): 0.002
(17,13): 0.023
(20,17): 0.001
(15,13): 0.009
(4,8): 0.012
(9,9): 0.005
(6,10): 0.011
(16,1): 0.006
(9,7): 0.005
(10,10): 0.01
(19,3): 0.002
(18,16): 0.001
(20,6): 0.005
(5,13): 0.002
(16,23): 0.006
(3,5): 0.001
(20,26): 0.001
(12,28): 0.006
(16,14): 0.014
(7,6): 0.012
(16,12): 0.013
(8,10): 0.004
(16,2): 0.002
(12,9): 0.007
(13,12): 0.018
(27,21): 0.004
(27,6): 0.005
(15,15): 0.004
(13,13): 0.004
(13,7): 0.005
(19,7): 0.002
(14,3): 0.001
(21,20): 0.003
(20,7): 0.003
(17,15): 0.002
(14,7): 0.003
(21,27): 0.001
(9,10): 0.002
(19,17): 0.002
(13,11): 0.002
(14,9): 0.002
(7,2): 0.008
(16,11): 0.009
(10,8): 0.001
(24,8): 0.005
(14,11): 0.015
(4,9): 0.006
(18,1): 0.003
(19,15): 0.007
(18,5): 0.003
(16,6): 0.006
(21,10): 0.005
(24,7): 0.001
(24,19): 0.001
(16,0): 0.001
(7,10): 0.001
(15,16): 0.003
(17,8): 0.003
(18,13): 0.007
(16,7): 0.01
(5,5): 0.003
(14,10): 0.005
(9,8): 0.005
(15,12): 0.012
(7,7): 0.003
(16,16): 0.001
(6,7): 0.005
(13,8): 0.002
(6,9): 0.001
(13,0): 0.01
(10,11): 0.004
(12,5): 0.004
(13,6): 0.004
(8,2): 0.003
(15,11): 0.007
(19,0): 0.002
(21,1): 0.001
(14,2): 0.004
(9,11): 0.003
(11,19): 0.004
(14,13): 0.006
(2,8): 0.002
(13,5): 0.002
(23,21): 0.002
(24,9): 0.005
(18,6): 0.003
(11,14): 0.002
(18,24): 0.001
(23,17): 0.002
(19,9): 0.001
(18,3): 0.003
(28,21): 0.001
(16,21): 0.001
(12,0): 0.006
(20,9): 0.002
(11,9): 0.001
(22,4): 0.004
(18,12): 0.008
(13,10): 0.009
(22,22): 0.002
(17,12): 0.004
(12,21): 0.004
(12,7): 0.005
(16,9): 0.008
(18,14): 0.002
(14,28): 0.001
(14,15): 0.001
(26,14): 0.001
(19,11): 0.002
(7,11): 0.002
(5,7): 0.002
(17,21): 0.002
(15,7): 0.001
(12,16): 0.001
(10,1): 0.008
(18,11): 0.002
(16,4): 0.003
(18,19): 0.001
(13,19): 0.002
(16,10): 0.003
(26,15): 0.001
(21,5): 0.003
(22,9): 0.001
(23,10): 0.001
(13,26): 0.001
(20,19): 0.003
(14,27): 0.002
(11,5): 0.001
(12,1): 0.001
(3,7): 0.002
(20,10): 0.001
(14,14): 0.001
(20,11): 0.001
(16,25): 0.003
(15,8): 0.002
(16,8): 0.002
(19,18): 0.001
(8,9): 0.001
(13,18): 0.001
(25,24): 0.001
(13,17): 0.001
(20,15): 0.001
(15,14): 0.002
(7,8): 0.002
(17,14): 0.001
(17,4): 0.001
(18,29): 0.001
(17,18): 0.001
(21,26): 0.001
(17,10): 0.001
(11,2): 0.001
(8,5): 0.001
(17,7): 0.001
(29,13): 0.001
(16,3): 0.001
