(16,13): 0.092
(15,9): 0.057
(13,14): 0.002
(14,11): 0.008
(13,8): 0.006
(25,20): 0.002
(9,10): 0.003
(24,25): 0.002
(18,13): 0.007
(16,12): 0.016
(11,14): 0.003
(19,17): 0.003
(7,5): 0.001
(12,14): 0.002
(11,5): 0.006
(9,4): 0.005
(24,21): 0.003
(8,5): 0.002
(15,12): 0.01
(10,0): 0.001
(15,27): 0.014
(12,9): 0.017
(27,6): 0.003
(15,6): 0.005
(16,15): 0.014
(9,2): 0.001
(14,14): 0.003
(7,10): 0.001
(4,5): 0.004
(10,10): 0.007
(13,12): 0.028
(11,11): 0.02
(15,13): 0.018
(14,10): 0.006
(15,15): 0.005
(17,13): 0.015
(6,10): 0.008
(19,0): 0.003
(14,8): 0.004
(23,21): 0.003
(18,9): 0.038
(21,10): 0.007
(5,14): 0.004
(14,13): 0.01
(13,10): 0.009
(14,15): 0.001
(16,23): 0.003
(14,6): 0.001
(24,9): 0.006
(13,6): 0.004
(16,2): 0.005
(16,25): 0.009
(18,10): 0.01
(17,12): 0.001
(5,7): 0.003
(17,8): 0.001
(5,10): 0.002
(5,13): 0.003
(27,24): 0.004
(13,26): 0.001
(19,15): 0.01
(18,6): 0.003
(16,7): 0.007
(16,1): 0.005
(28,14): 0.001
(26,23): 0.003
(12,16): 0.003
(14,5): 0.001
(14,4): 0.002
(15,8): 0.011
(14,9): 0.007
(11,10): 0.005
(28,11): 0.002
(19,6): 0.002
(7,6): 0.012
(12,11): 0.01
(16,8): 0.005
(22,2): 0.001
(12,0): 0.014
(16,11): 0.006
(24,2): 0.002
(11,0): 0.002
(12,28): 0.01
(11,19): 0.006
(9,7): 0.004
(18,24): 0.001
(25,22): 0.002
(4,8): 0.014
(17,9): 0.009
(5,9): 0.001
(13,9): 0.026
(25,5): 0.001
(15,21): 0.002
(14,0): 0.001
(28,21): 0.001
(5,12): 0.001
(4,9): 0.006
(10,1): 0.009
(10,2): 0.002
(26,7): 0.004
(16,9): 0.001
(14,12): 0.032
(15,11): 0.004
(12,8): 0.002
(17,11): 0.003
(13,2): 0.001
(6,6): 0.005
(10,9): 0.002
(11,9): 0.003
(3,7): 0.004
(20,11): 0.001
(6,9): 0.005
(26,17): 0.001
(17,21): 0.003
(8,10): 0.003
(16,26): 0.001
(14,27): 0.001
(18,20): 0.001
(18,14): 0.003
(26,6): 0.001
(11,13): 0.003
(17,14): 0.002
(18,2): 0.002
(7,7): 0.005
(24,12): 0.001
(23,10): 0.003
(5,11): 0.001
(18,8): 0.002
(13,15): 0.003
(19,3): 0.001
(8,2): 0.002
(9,11): 0.007
(20,9): 0.003
(12,5): 0.001
(12,7): 0.005
(19,11): 0.003
(17,18): 0.001
(13,5): 0.001
(6,11): 0.004
(18,1): 0.002
(17,7): 0.001
(16,4): 0.003
(11,6): 0.002
(12,21): 0.002
(12,6): 0.002
(19,4): 0.002
(10,12): 0.001
(14,28): 0.002
(22,7): 0.001
(27,18): 0.003
(15,10): 0.004
(16,14): 0.004
(9,16): 0.001
(4,11): 0.001
(8,7): 0.001
(17,29): 0.001
(18,11): 0.002
(5,4): 0.002
(25,11): 0.002
(13,11): 0.001
(17,17): 0.001
(22,8): 0.002
(7,9): 0.001
(20,25): 0.001
(13,18): 0.002
(9,8): 0.002
(26,21): 0.001
(27,21): 0.003
(30,13): 0.002
(7,2): 0.001
(25,21): 0.001
(8,11): 0.002
(23,16): 0.001
(11,21): 0.001
(13,0): 0.004
(12,3): 0.002
(16,6): 0.002
(13,21): 0.001
(6,2): 0.002
(10,8): 0.002
(18,12): 0.006
(16,3): 0.001
(5,8): 0.004
(6,7): 0.001
(16,17): 0.001
(17,22): 0.003
(13,20): 0.001
(29,13): 0.001
(15,25): 0.001
(10,5): 0.002
(13,7): 0.003
(23,7): 0.001
(15,7): 0.002
(14,16): 0.002
(12,4): 0.002
(15,28): 0.001
(9,6): 0.001
(13,13): 0.001
(3,5): 0.001
(19,10): 0.002
(16,0): 0.001
(20,6): 0.001
(17,28): 0.001
(12,27): 0.001
(16,10): 0.001
(22,4): 0.002
(10,13): 0.001
(18,23): 0.001
(15,16): 0.001
(29,10): 0.001
(25,14): 0.001
(6,8): 0.001
(14,7): 0.001
(16,16): 0.001
(17,1): 0.001
