((7,4)(7,4)) 0.6470588235294118
((7,4)(5,5)) 0.09803921568627451
((7,4)(7,5)) 0.0392156862745098
((7,4)(4,6)) 0.0196078431372549
((7,4)(5,4)) 0.09803921568627451
((7,4)(6,5)) 0.0392156862745098
((7,4)(4,4)) 0.0196078431372549
((7,4)(9,4)) 0.0196078431372549
((7,4)(6,4)) 0.0196078431372549
((5,5)(5,5)) 0.7767988252569751
((5,5)(5,6)) 0.010279001468428781
((5,5)(6,4)) 0.004405286343612335
((5,5)(5,3)) 0.016152716593245228
((5,5)(4,9)) 0.004405286343612335
((5,5)(5,8)) 0.004405286343612335
((5,5)(4,4)) 0.03524229074889868
((5,5)(6,5)) 0.013215859030837005
((5,5)(5,4)) 0.049926578560939794
((5,5)(4,3)) 0.005873715124816446
((5,5)(3,4)) 0.002936857562408223
((5,5)(3,3)) 0.020558002936857563
((5,5)(4,5)) 0.005873715124816446
((5,5)(4,0)) 0.0014684287812041115
((5,5)(6,6)) 0.007342143906020558
((5,5)(8,7)) 0.0014684287812041115
((5,5)(6,3)) 0.0014684287812041115
((5,5)(4,2)) 0.005873715124816446
((5,5)(5,7)) 0.00881057268722467
((5,5)(9,5)) 0.0014684287812041115
((5,5)(5,0)) 0.0014684287812041115
((5,5)(5,2)) 0.0014684287812041115
((5,5)(1,2)) 0.004405286343612335
((5,5)(9,4)) 0.0014684287812041115
((5,5)(6,9)) 0.0014684287812041115
((5,5)(9,6)) 0.0014684287812041115
((5,5)(7,3)) 0.0014684287812041115
((5,5)(7,4)) 0.005873715124816446
((5,5)(4,8)) 0.0014684287812041115
((5,5)(4,6)) 0.0014684287812041115
((5,6)(5,6)) 0.7194244604316546
((5,6)(5,4)) 0.14388489208633093
((5,6)(5,7)) 0.014388489208633094
((5,6)(3,3)) 0.014388489208633094
((5,6)(5,5)) 0.03597122302158273
((5,6)(4,3)) 0.007194244604316547
((5,6)(6,4)) 0.007194244604316547
((5,6)(7,1)) 0.007194244604316547
((5,6)(1,4)) 0.007194244604316547
((5,6)(4,5)) 0.014388489208633094
((5,6)(5,8)) 0.02158273381294964
((5,6)(6,6)) 0.007194244604316547
((5,4)(5,4)) 0.8453065134099617
((5,4)(6,5)) 0.008141762452107279
((5,4)(7,4)) 0.0009578544061302681
((5,4)(3,1)) 0.0009578544061302681
((5,4)(4,3)) 0.014208173690932312
((5,4)(4,4)) 0.02713920817369093
((5,4)(6,3)) 0.010376756066411238
((5,4)(5,3)) 0.02219029374201788
((5,4)(3,3)) 0.008141762452107279
((5,4)(9,7)) 0.001756066411238825
((5,4)(5,8)) 0.0014367816091954023
((5,4)(4,2)) 0.0015964240102171138
((5,4)(6,4)) 0.00590676883780332
((5,4)(8,3)) 0.0007982120051085569
((5,4)(7,2)) 0.00031928480204342275
((5,4)(9,8)) 0.002554278416347382
((5,4)(2,3)) 0.0028735632183908046
((5,4)(5,5)) 0.006545338441890166
((5,4)(6,2)) 0.0004789272030651341
((5,4)(4,5)) 0.002234993614303959
((5,4)(5,6)) 0.002234993614303959
((5,4)(5,0)) 0.0027139208173690933
((5,4)(8,7)) 0.00031928480204342275
((5,4)(1,3)) 0.00015964240102171138
((5,4)(2,2)) 0.0019157088122605363
((5,4)(8,2)) 0.001277139208173691
((5,4)(3,4)) 0.0015964240102171138
((5,4)(5,9)) 0.0007982120051085569
((5,4)(4,6)) 0.0014367816091954023
((5,4)(6,6)) 0.0019157088122605363
((5,4)(5,1)) 0.0006385696040868455
((5,4)(1,1)) 0.00015964240102171138
((5,4)(7,3)) 0.00351213282247765
((5,4)(8,6)) 0.001756066411238825
((5,4)(1,2)) 0.001277139208173691
((5,4)(5,2)) 0.004150702426564496
((5,4)(4,1)) 0.0011174968071519795
((5,4)(3,0)) 0.00015964240102171138
((5,4)(5,7)) 0.001277139208173691
((5,4)(3,2)) 0.0004789272030651341
((5,4)(2,1)) 0.00015964240102171138
((5,4)(9,2)) 0.0009578544061302681
((5,4)(9,6)) 0.00015964240102171138
((5,4)(8,4)) 0.0004789272030651341
((5,4)(4,7)) 0.00015964240102171138
((5,4)(6,7)) 0.0007982120051085569
((5,4)(4,9)) 0.0007982120051085569
((5,4)(7,6)) 0.00031928480204342275
((5,4)(10,4)) 0.0004789272030651341
((5,4)(2,0)) 0.00015964240102171138
((5,4)(8,5)) 0.00015964240102171138
((5,4)(6,1)) 0.00015964240102171138
((5,4)(1,4)) 0.00031928480204342275
((5,4)(7,7)) 0.0006385696040868455
((5,4)(4,0)) 0.00015964240102171138
((5,4)(6,9)) 0.00015964240102171138
((5,4)(9,4)) 0.00015964240102171138
((5,4)(7,9)) 0.00031928480204342275
((5,4)(7,8)) 0.00015964240102171138
((5,4)(4,8)) 0.00015964240102171138
((5,4)(9,5)) 0.00015964240102171138
((5,4)(8,1)) 0.00015964240102171138
((6,5)(6,5)) 0.6917562724014337
((6,5)(5,6)) 0.007168458781362007
((6,5)(5,5)) 0.023297491039426525
((6,5)(5,4)) 0.09498207885304659
((6,5)(9,8)) 0.012544802867383513
((6,5)(4,4)) 0.016129032258064516
((6,5)(5,8)) 0.0035842293906810036
((6,5)(6,6)) 0.007168458781362007
((6,5)(9,4)) 0.010752688172043012
((6,5)(6,4)) 0.035842293906810034
((6,5)(7,7)) 0.0035842293906810036
((6,5)(4,3)) 0.014336917562724014
((6,5)(4,2)) 0.0017921146953405018
((6,5)(7,6)) 0.007168458781362007
((6,5)(8,6)) 0.005376344086021506
((6,5)(7,5)) 0.0017921146953405018
((6,5)(5,3)) 0.005376344086021506
((6,5)(6,3)) 0.007168458781362007
((6,5)(5,2)) 0.0035842293906810036
((6,5)(5,9)) 0.010752688172043012
((6,5)(7,3)) 0.0017921146953405018
((6,5)(7,4)) 0.005376344086021506
((6,5)(4,1)) 0.0017921146953405018
((6,5)(10,4)) 0.0017921146953405018
((6,5)(9,7)) 0.005376344086021506
((6,5)(8,5)) 0.0017921146953405018
((6,5)(3,3)) 0.007168458781362007
((6,5)(6,7)) 0.0017921146953405018
((6,5)(8,4)) 0.005376344086021506
((6,5)(4,6)) 0.0035842293906810036
((3,1)(3,1)) 0.7828571428571428
((3,1)(5,4)) 0.02
((3,1)(3,3)) 0.014285714285714285
((3,1)(3,2)) 0.022857142857142857
((3,1)(5,3)) 0.017142857142857144
((3,1)(4,4)) 0.005714285714285714
((3,1)(2,1)) 0.005714285714285714
((3,1)(4,3)) 0.04857142857142857
((3,1)(2,0)) 0.008571428571428572
((3,1)(4,1)) 0.02
((3,1)(2,3)) 0.002857142857142857
((3,1)(4,0)) 0.005714285714285714
((3,1)(3,0)) 0.022857142857142857
((3,1)(2,2)) 0.002857142857142857
((3,1)(4,2)) 0.005714285714285714
((3,1)(1,2)) 0.002857142857142857
((3,1)(4,7)) 0.002857142857142857
((3,1)(7,1)) 0.002857142857142857
((3,1)(1,4)) 0.002857142857142857
((3,1)(5,2)) 0.002857142857142857
((3,3)(3,3)) 0.7639593908629442
((3,3)(5,4)) 0.02182741116751269
((3,3)(5,3)) 0.024873096446700507
((3,3)(2,3)) 0.03451776649746193
((3,3)(4,3)) 0.0416243654822335
((3,3)(3,2)) 0.009644670050761422
((3,3)(6,3)) 0.009137055837563452
((3,3)(4,5)) 0.0020304568527918783
((3,3)(0,2)) 0.003045685279187817
((3,3)(1,2)) 0.008121827411167513
((3,3)(5,2)) 0.003045685279187817
((3,3)(7,0)) 0.0010152284263959391
((3,3)(4,4)) 0.03147208121827411
((3,3)(3,4)) 0.01116751269035533
((3,3)(5,5)) 0.007106598984771574
((3,3)(5,9)) 0.0010152284263959391
((3,3)(1,4)) 0.0020304568527918783
((3,3)(6,6)) 0.0015228426395939086
((3,3)(2,2)) 0.006091370558375634
((3,3)(1,3)) 0.0025380710659898475
((3,3)(5,7)) 0.0015228426395939086
((3,3)(5,8)) 0.0020304568527918783
((3,3)(7,3)) 0.0020304568527918783
((3,3)(6,4)) 0.0010152284263959391
((3,3)(4,9)) 0.0005076142131979696
((3,3)(3,1)) 0.0010152284263959391
((3,3)(6,2)) 0.0015228426395939086
((3,3)(2,0)) 0.0005076142131979696
((3,3)(4,2)) 0.0005076142131979696
((3,3)(2,4)) 0.0005076142131979696
((3,3)(8,7)) 0.0005076142131979696
((3,3)(4,6)) 0.0005076142131979696
((3,3)(4,7)) 0.0005076142131979696
((3,3)(7,6)) 0.0010152284263959391
((3,3)(6,5)) 0.0005076142131979696
((2,2)(2,2)) 0.7730138713745272
((2,2)(3,3)) 0.02269861286254729
((2,2)(4,3)) 0.04918032786885246
((2,2)(4,4)) 0.02648171500630517
((2,2)(3,0)) 0.011349306431273645
((2,2)(1,2)) 0.05674653215636822
((2,2)(3,2)) 0.007566204287515763
((2,2)(5,2)) 0.0012610340479192938
((2,2)(2,1)) 0.008827238335435058
((2,2)(4,9)) 0.0012610340479192938
((2,2)(5,3)) 0.006305170239596469
((2,2)(5,4)) 0.008827238335435058
((2,2)(1,1)) 0.01008827238335435
((2,2)(1,3)) 0.0012610340479192938
((2,2)(2,3)) 0.006305170239596469
((2,2)(3,1)) 0.0037831021437578815
((2,2)(7,3)) 0.0012610340479192938
((2,2)(6,3)) 0.0025220680958385876
((2,2)(5,1)) 0.0012610340479192938
((5,3)(5,3)) 0.776829268292683
((5,3)(2,2)) 0.0031707317073170734
((5,3)(3,3)) 0.01121951219512195
((5,3)(5,2)) 0.032439024390243903
((5,3)(5,4)) 0.03780487804878049
((5,3)(5,5)) 0.002682926829268293
((5,3)(4,4)) 0.015121951219512195
((5,3)(4,1)) 0.007804878048780488
((5,3)(4,2)) 0.013658536585365854
((5,3)(6,3)) 0.024390243902439025
((5,3)(4,3)) 0.025853658536585365
((5,3)(7,3)) 0.0031707317073170734
((5,3)(3,1)) 0.0021951219512195124
((5,3)(6,0)) 0.003902439024390244
((5,3)(6,6)) 0.000975609756097561
((5,3)(5,0)) 0.00853658536585366
((5,3)(3,0)) 0.0021951219512195124
((5,3)(5,1)) 0.0012195121951219512
((5,3)(6,4)) 0.004634146341463414
((5,3)(2,3)) 0.0007317073170731707
((5,3)(5,7)) 0.0007317073170731707
((5,3)(3,2)) 0.0004878048780487805
((5,3)(6,5)) 0.000975609756097561
((5,3)(4,5)) 0.0007317073170731707
((5,3)(8,0)) 0.000975609756097561
((5,3)(4,0)) 0.004390243902439025
((5,3)(8,2)) 0.001951219512195122
((5,3)(3,4)) 0.0024390243902439024
((5,3)(6,2)) 0.0014634146341463415
((5,3)(1,3)) 0.00024390243902439024
((5,3)(4,7)) 0.000975609756097561
((5,3)(6,1)) 0.0007317073170731707
((5,3)(8,3)) 0.0014634146341463415
((5,3)(5,8)) 0.00024390243902439024
((5,3)(5,6)) 0.0004878048780487805
((5,3)(7,0)) 0.00024390243902439024
((5,3)(1,2)) 0.00024390243902439024
((5,3)(7,2)) 0.00024390243902439024
((5,3)(4,9)) 0.00024390243902439024
((5,3)(2,0)) 0.00024390243902439024
((5,3)(6,9)) 0.0007317073170731707
((5,3)(1,1)) 0.00024390243902439024
((5,3)(7,1)) 0.00024390243902439024
((5,3)(8,1)) 0.0004878048780487805
((5,3)(6,8)) 0.00024390243902439024
((4,3)(4,3)) 0.798775618844823
((4,3)(2,2)) 0.008783603939313283
((4,3)(3,3)) 0.021559755123768964
((4,3)(5,3)) 0.030343359063082248
((4,3)(6,3)) 0.015704019164226778
((4,3)(2,0)) 0.002129358530742614
((4,3)(5,4)) 0.02528613255256854
((4,3)(4,4)) 0.026616981634282673
((4,3)(2,3)) 0.005057226510513707
((4,3)(3,2)) 0.0077189246739419745
((4,3)(5,2)) 0.0034602076124567475
((4,3)(5,9)) 0.0007985094490284802
((4,3)(3,1)) 0.0037263774287995743
((4,3)(5,8)) 0.001064679265371307
((4,3)(6,6)) 0.001064679265371307
((4,3)(6,2)) 0.001064679265371307
((4,3)(6,0)) 0.001064679265371307
((4,3)(1,4)) 0.0005323396326856535
((4,3)(4,5)) 0.0007985094490284802
((4,3)(4,2)) 0.014107000266169817
((4,3)(1,2)) 0.0034602076124567475
((4,3)(6,5)) 0.002129358530742614
((4,3)(4,0)) 0.0007985094490284802
((4,3)(1,1)) 0.0034602076124567475
((4,3)(4,1)) 0.0023955283470854403
((4,3)(3,0)) 0.0007985094490284802
((4,3)(5,5)) 0.0018631887143997872
((4,3)(5,0)) 0.0034602076124567475
((4,3)(5,1)) 0.00026616981634282674
((4,3)(9,7)) 0.0005323396326856535
((4,3)(8,1)) 0.00026616981634282674
((4,3)(6,8)) 0.00026616981634282674
((4,3)(7,3)) 0.0023955283470854403
((4,3)(5,6)) 0.00026616981634282674
((4,3)(1,3)) 0.0005323396326856535
((4,3)(6,4)) 0.001064679265371307
((4,3)(8,2)) 0.00026616981634282674
((4,3)(3,4)) 0.0013308490817141336
((4,3)(4,6)) 0.0013308490817141336
((4,3)(6,1)) 0.0005323396326856535
((4,3)(7,0)) 0.00026616981634282674
((4,3)(9,4)) 0.0007985094490284802
((4,3)(7,1)) 0.0005323396326856535
((4,3)(3,6)) 0.00026616981634282674
((4,3)(8,3)) 0.00026616981634282674
((4,3)(6,9)) 0.0005323396326856535
((4,3)(8,8)) 0.00026616981634282674
((6,3)(6,3)) 0.7760657421674371
((6,3)(5,3)) 0.04571135079609656
((6,3)(5,4)) 0.03800719054956343
((6,3)(6,4)) 0.02670775552131484
((6,3)(4,4)) 0.012326656394453005
((6,3)(7,3)) 0.009758602978941962
((6,3)(4,3)) 0.02362609142270159
((6,3)(6,2)) 0.017976373908577297
((6,3)(3,3)) 0.007190549563430919
((6,3)(6,0)) 0.0035952747817154596
((6,3)(7,2)) 0.0030816640986132513
((6,3)(6,5)) 0.0025680534155110425
((6,3)(8,2)) 0.0030816640986132513
((6,3)(4,8)) 0.0005136106831022085
((6,3)(2,2)) 0.001027221366204417
((6,3)(9,7)) 0.0025680534155110425
((6,3)(3,4)) 0.0030816640986132513
((6,3)(6,1)) 0.0035952747817154596
((6,3)(9,2)) 0.0005136106831022085
((6,3)(2,3)) 0.001027221366204417
((6,3)(4,5)) 0.0035952747817154596
((6,3)(4,2)) 0.001027221366204417
((6,3)(3,2)) 0.0005136106831022085
((6,3)(9,3)) 0.0005136106831022085
((6,3)(5,0)) 0.001027221366204417
((6,3)(5,2)) 0.002054442732408834
((6,3)(7,1)) 0.0035952747817154596
((6,3)(8,0)) 0.001027221366204417
((6,3)(7,8)) 0.0005136106831022085
((6,3)(5,8)) 0.0005136106831022085
((6,3)(1,2)) 0.001027221366204417
((6,3)(5,6)) 0.0005136106831022085
((6,3)(3,1)) 0.001027221366204417
((6,3)(4,0)) 0.0005136106831022085
((6,3)(5,5)) 0.0005136106831022085
((7,3)(7,3)) 0.7966457023060797
((7,3)(9,2)) 0.012578616352201259
((7,3)(4,4)) 0.012578616352201259
((7,3)(8,3)) 0.006289308176100629
((7,3)(6,4)) 0.016771488469601678
((7,3)(6,3)) 0.04821802935010482
((7,3)(8,1)) 0.0020964360587002098
((7,3)(8,2)) 0.014675052410901468
((7,3)(4,3)) 0.008385744234800839
((7,3)(5,4)) 0.03563941299790356
((7,3)(3,3)) 0.010482180293501049
((7,3)(5,3)) 0.018867924528301886
((7,3)(5,2)) 0.0020964360587002098
((7,3)(3,4)) 0.0020964360587002098
((7,3)(7,2)) 0.0020964360587002098
((7,3)(1,4)) 0.0020964360587002098
((7,3)(6,2)) 0.0020964360587002098
((7,3)(8,4)) 0.0020964360587002098
((7,3)(9,5)) 0.0020964360587002098
((7,3)(4,2)) 0.0020964360587002098
((9,2)(9,2)) 0.7978723404255319
((9,2)(7,3)) 0.0425531914893617
((9,2)(8,2)) 0.05319148936170213
((9,2)(5,4)) 0.06382978723404255
((9,2)(4,3)) 0.010638297872340425
((9,2)(6,3)) 0.010638297872340425
((9,2)(5,0)) 0.010638297872340425
((9,2)(4,0)) 0.010638297872340425
((4,4)(4,4)) 0.7643013441700531
((4,4)(9,2)) 0.0009377930603313535
((4,4)(3,0)) 0.0006251953735542357
((4,4)(4,3)) 0.02875898718349484
((4,4)(8,3)) 0.002188183807439825
((4,4)(7,3)) 0.001875586120662707
((4,4)(2,3)) 0.008440137542982182
((4,4)(8,2)) 0.0031259768677711786
((4,4)(5,4)) 0.0525164113785558
((4,4)(5,3)) 0.019381056580181306
((4,4)(3,4)) 0.012191309784307595
((4,4)(6,9)) 0.002188183807439825
((4,4)(2,2)) 0.005939356048765239
((4,4)(6,7)) 0.00031259768677711783
((4,4)(3,3)) 0.02188183807439825
((4,4)(1,3)) 0.0025007814942169426
((4,4)(6,6)) 0.0009377930603313535
((4,4)(6,3)) 0.01031572366364489
((4,4)(5,5)) 0.007502344482650828
((4,4)(4,5)) 0.004688965301656768
((4,4)(5,9)) 0.002188183807439825
((4,4)(5,7)) 0.004688965301656768
((4,4)(5,1)) 0.0015629884338855893
((4,4)(4,1)) 0.0009377930603313535
((4,4)(1,2)) 0.006877149109096593
((4,4)(4,6)) 0.0031259768677711786
((4,4)(6,5)) 0.0031259768677711786
((4,4)(8,7)) 0.00031259768677711783
((4,4)(5,2)) 0.0025007814942169426
((4,4)(4,8)) 0.0009377930603313535
((4,4)(5,6)) 0.0012503907471084713
((4,4)(1,4)) 0.001875586120662707
((4,4)(2,0)) 0.0006251953735542357
((4,4)(5,0)) 0.0015629884338855893
((4,4)(4,7)) 0.0015629884338855893
((4,4)(4,2)) 0.0015629884338855893
((4,4)(4,9)) 0.0087527352297593
((4,4)(6,0)) 0.00031259768677711783
((4,4)(6,4)) 0.001875586120662707
((4,4)(6,2)) 0.00031259768677711783
((4,4)(5,8)) 0.0006251953735542357
((4,4)(3,6)) 0.0006251953735542357
((4,4)(1,1)) 0.00031259768677711783
((4,4)(3,1)) 0.00031259768677711783
((4,4)(6,1)) 0.00031259768677711783
((4,4)(9,7)) 0.0006251953735542357
((4,4)(7,6)) 0.00031259768677711783
((4,4)(2,1)) 0.00031259768677711783
((3,0)(3,0)) 0.8333333333333334
((3,0)(2,2)) 0.017948717948717947
((3,0)(4,4)) 0.007692307692307693
((3,0)(1,2)) 0.023076923076923078
((3,0)(3,1)) 0.023076923076923078
((3,0)(4,2)) 0.015384615384615385
((3,0)(5,3)) 0.015384615384615385
((3,0)(4,1)) 0.04871794871794872
((3,0)(6,2)) 0.002564102564102564
((3,0)(2,3)) 0.005128205128205128
((3,0)(6,5)) 0.002564102564102564
((3,0)(4,3)) 0.002564102564102564
((3,0)(5,4)) 0.002564102564102564
((2,3)(2,3)) 0.830997526793075
((2,3)(1,3)) 0.01978565539983512
((2,3)(3,3)) 0.03957131079967024
((2,3)(5,5)) 0.0008244023083264633
((2,3)(4,4)) 0.018136850783182192
((2,3)(2,4)) 0.00741962077493817
((2,3)(2,2)) 0.015663643858202802
((2,3)(4,3)) 0.015663643858202802
((2,3)(5,4)) 0.01978565539983512
((2,3)(1,2)) 0.011541632316570486
((2,3)(5,3)) 0.00741962077493817
((2,3)(1,4)) 0.005770816158285243
((2,3)(6,5)) 0.0008244023083264633
((2,3)(6,3)) 0.0016488046166529267
((2,3)(5,6)) 0.0008244023083264633
((2,3)(3,2)) 0.0016488046166529267
((2,3)(2,1)) 0.0008244023083264633
((2,3)(7,4)) 0.0008244023083264633
((2,3)(3,4)) 0.0008244023083264633
((1,3)(1,3)) 0.7176470588235294
((1,3)(2,3)) 0.07941176470588235
((1,3)(1,2)) 0.1264705882352941
((1,3)(3,1)) 0.008823529411764706
((1,3)(5,1)) 0.0029411764705882353
((1,3)(4,4)) 0.020588235294117647
((1,3)(2,1)) 0.0058823529411764705
((1,3)(4,3)) 0.008823529411764706
((1,3)(2,2)) 0.0029411764705882353
((1,3)(1,4)) 0.0058823529411764705
((1,3)(2,4)) 0.0029411764705882353
((1,3)(3,3)) 0.008823529411764706
((1,3)(7,3)) 0.0029411764705882353
((1,3)(3,0)) 0.0029411764705882353
((1,3)(5,4)) 0.0029411764705882353
((5,7)(5,7)) 0.7905282331511839
((5,7)(5,8)) 0.030965391621129327
((5,7)(5,4)) 0.01639344262295082
((5,7)(6,5)) 0.0036429872495446266
((5,7)(8,7)) 0.012750455373406194
((5,7)(5,9)) 0.01639344262295082
((5,7)(4,3)) 0.0036429872495446266
((5,7)(5,3)) 0.0036429872495446266
((5,7)(8,6)) 0.0018214936247723133
((5,7)(4,7)) 0.01092896174863388
((5,7)(4,4)) 0.0273224043715847
((5,7)(3,6)) 0.00546448087431694
((5,7)(6,6)) 0.020036429872495445
((5,7)(6,8)) 0.009107468123861567
((5,7)(3,3)) 0.009107468123861567
((5,7)(5,5)) 0.01092896174863388
((5,7)(9,4)) 0.0018214936247723133
((5,7)(6,4)) 0.007285974499089253
((5,7)(5,6)) 0.0036429872495446266
((5,7)(7,7)) 0.0018214936247723133
((5,7)(4,6)) 0.0036429872495446266
((5,7)(4,8)) 0.0036429872495446266
((5,7)(6,9)) 0.0018214936247723133
((5,7)(4,5)) 0.0018214936247723133
((5,7)(4,9)) 0.0018214936247723133
((5,8)(5,8)) 0.8052256532066508
((5,8)(9,8)) 0.011876484560570071
((5,8)(5,9)) 0.06413301662707839
((5,8)(5,7)) 0.0498812351543943
((5,8)(5,5)) 0.011876484560570071
((5,8)(4,3)) 0.007125890736342043
((5,8)(4,8)) 0.007125890736342043
((5,8)(1,4)) 0.0023752969121140144
((5,8)(4,9)) 0.004750593824228029
((5,8)(5,4)) 0.011876484560570071
((5,8)(2,4)) 0.0023752969121140144
((5,8)(6,8)) 0.009501187648456057
((5,8)(5,3)) 0.004750593824228029
((5,8)(4,4)) 0.0023752969121140144
((5,8)(6,6)) 0.0023752969121140144
((5,8)(8,5)) 0.0023752969121140144
((0,2)(0,2)) 0.7638888888888888
((0,2)(1,2)) 0.1111111111111111
((0,2)(0,3)) 0.027777777777777776
((0,2)(3,3)) 0.013888888888888888
((0,2)(4,4)) 0.013888888888888888
((0,2)(5,3)) 0.05555555555555555
((0,2)(2,2)) 0.013888888888888888
((1,2)(1,2)) 0.790096878363832
((1,2)(2,2)) 0.02798708288482239
((1,2)(1,3)) 0.05059203444564048
((1,2)(3,3)) 0.010764262648008612
((1,2)(5,4)) 0.010764262648008612
((1,2)(3,0)) 0.00968783638320775
((1,2)(2,3)) 0.00968783638320775
((1,2)(0,2)) 0.015069967707212056
((1,2)(2,1)) 0.00968783638320775
((1,2)(4,0)) 0.002152852529601722
((1,2)(4,4)) 0.022604951560818085
((1,2)(3,4)) 0.004305705059203444
((1,2)(6,3)) 0.007534983853606028
((1,2)(5,3)) 0.004305705059203444
((1,2)(0,3)) 0.002152852529601722
((1,2)(4,1)) 0.001076426264800861
((1,2)(4,3)) 0.005382131324004306
((1,2)(1,1)) 0.005382131324004306
((1,2)(6,4)) 0.002152852529601722
((1,2)(8,2)) 0.0032292787944025836
((1,2)(5,5)) 0.004305705059203444
((1,2)(4,9)) 0.001076426264800861
((1,1)(1,1)) 0.7852760736196319
((1,1)(2,1)) 0.018404907975460124
((1,1)(2,2)) 0.03680981595092025
((1,1)(4,3)) 0.049079754601226995
((1,1)(1,3)) 0.012269938650306749
((1,1)(5,3)) 0.018404907975460124
((1,1)(1,2)) 0.012269938650306749
((1,1)(4,4)) 0.018404907975460124
((1,1)(2,3)) 0.006134969325153374
((1,1)(6,4)) 0.006134969325153374
((1,1)(3,3)) 0.012269938650306749
((1,1)(5,2)) 0.006134969325153374
((1,1)(4,2)) 0.018404907975460124
((2,1)(2,1)) 0.7551020408163265
((2,1)(1,1)) 0.04081632653061224
((2,1)(1,2)) 0.04081632653061224
((2,1)(2,2)) 0.10204081632653061
((2,1)(3,1)) 0.02040816326530612
((2,1)(1,3)) 0.02040816326530612
((2,1)(2,0)) 0.01020408163265306
((2,1)(4,3)) 0.01020408163265306
((8,3)(8,3)) 0.8095238095238095
((8,3)(4,4)) 0.047619047619047616
((8,3)(4,8)) 0.02040816326530612
((8,3)(5,4)) 0.02040816326530612
((8,3)(5,3)) 0.02040816326530612
((8,3)(8,4)) 0.006802721088435374
((8,3)(8,2)) 0.034013605442176874
((8,3)(4,5)) 0.02040816326530612
((8,3)(7,3)) 0.013605442176870748
((8,3)(9,3)) 0.006802721088435374
((8,2)(8,2)) 0.7861635220125787
((8,2)(4,4)) 0.02830188679245283
((8,2)(2,3)) 0.0031446540880503146
((8,2)(9,2)) 0.0220125786163522
((8,2)(8,1)) 0.012578616352201259
((8,2)(6,3)) 0.018867924528301886
((8,2)(8,0)) 0.006289308176100629
((8,2)(8,3)) 0.0220125786163522
((8,2)(5,4)) 0.025157232704402517
((8,2)(9,6)) 0.0031446540880503146
((8,2)(7,3)) 0.012578616352201259
((8,2)(9,4)) 0.0031446540880503146
((8,2)(8,6)) 0.0031446540880503146
((8,2)(6,4)) 0.0031446540880503146
((8,2)(4,6)) 0.0031446540880503146
((8,2)(4,3)) 0.009433962264150943
((8,2)(5,7)) 0.0031446540880503146
((8,2)(4,8)) 0.006289308176100629
((8,2)(5,3)) 0.009433962264150943
((8,2)(7,2)) 0.0031446540880503146
((8,2)(5,1)) 0.0031446540880503146
((8,2)(1,2)) 0.006289308176100629
((8,2)(1,3)) 0.0031446540880503146
((8,2)(9,5)) 0.0031446540880503146
((5,2)(5,2)) 0.7263948497854077
((5,2)(5,3)) 0.13841201716738197
((5,2)(4,3)) 0.016094420600858368
((5,2)(6,4)) 0.002145922746781116
((5,2)(6,2)) 0.00536480686695279
((5,2)(4,2)) 0.012875536480686695
((5,2)(5,0)) 0.011802575107296138
((5,2)(4,1)) 0.01072961373390558
((5,2)(2,3)) 0.004291845493562232
((5,2)(4,4)) 0.011802575107296138
((5,2)(5,4)) 0.023605150214592276
((5,2)(7,2)) 0.002145922746781116
((5,2)(6,3)) 0.004291845493562232
((5,2)(6,1)) 0.003218884120171674
((5,2)(5,1)) 0.0075107296137339056
((5,2)(0,3)) 0.001072961373390558
((5,2)(2,4)) 0.001072961373390558
((5,2)(4,5)) 0.003218884120171674
((5,2)(7,5)) 0.001072961373390558
((5,2)(1,2)) 0.001072961373390558
((5,2)(2,0)) 0.001072961373390558
((5,2)(3,3)) 0.003218884120171674
((5,2)(7,3)) 0.001072961373390558
((5,2)(5,8)) 0.001072961373390558
((5,2)(6,5)) 0.001072961373390558
((5,2)(3,4)) 0.001072961373390558
((5,2)(5,5)) 0.001072961373390558
((5,2)(9,8)) 0.001072961373390558
((5,2)(9,7)) 0.001072961373390558
((3,2)(3,2)) 0.7613941018766756
((3,2)(2,3)) 0.0160857908847185
((3,2)(4,3)) 0.09115281501340483
((3,2)(3,1)) 0.029490616621983913
((3,2)(3,3)) 0.03485254691689008
((3,2)(2,2)) 0.024128686327077747
((3,2)(5,3)) 0.00804289544235925
((3,2)(4,2)) 0.005361930294906166
((3,2)(6,3)) 0.005361930294906166
((3,2)(4,7)) 0.002680965147453083
((3,2)(4,4)) 0.002680965147453083
((3,2)(2,4)) 0.002680965147453083
((3,2)(2,1)) 0.002680965147453083
((3,2)(1,4)) 0.002680965147453083
((3,2)(1,1)) 0.005361930294906166
((3,2)(5,4)) 0.002680965147453083
((3,2)(5,1)) 0.002680965147453083
((2,4)(2,4)) 0.5510204081632653
((2,4)(1,4)) 0.12244897959183673
((2,4)(3,2)) 0.10204081632653061
((2,4)(2,3)) 0.14285714285714285
((2,4)(5,2)) 0.02040816326530612
((2,4)(3,3)) 0.04081632653061224
((2,4)(4,4)) 0.02040816326530612
((1,4)(1,4)) 0.7354838709677419
((1,4)(2,4)) 0.04516129032258064
((1,4)(4,3)) 0.012903225806451613
((1,4)(3,3)) 0.03870967741935484
((1,4)(5,4)) 0.012903225806451613
((1,4)(5,8)) 0.0064516129032258064
((1,4)(2,3)) 0.05161290322580645
((1,4)(5,6)) 0.0064516129032258064
((1,4)(5,3)) 0.012903225806451613
((1,4)(4,4)) 0.03870967741935484
((1,4)(5,5)) 0.0064516129032258064
((1,4)(4,1)) 0.0064516129032258064
((1,4)(3,0)) 0.0064516129032258064
((1,4)(3,4)) 0.0064516129032258064
((1,4)(7,3)) 0.0064516129032258064
((1,4)(4,6)) 0.0064516129032258064
((6,4)(6,4)) 0.7215189873417721
((6,4)(6,5)) 0.05063291139240506
((6,4)(4,4)) 0.012658227848101266
((6,4)(5,4)) 0.056962025316455694
((6,4)(5,3)) 0.015822784810126583
((6,4)(6,3)) 0.06645569620253164
((6,4)(5,2)) 0.012658227848101266
((6,4)(7,6)) 0.006329113924050633
((6,4)(7,3)) 0.007911392405063292
((6,4)(7,1)) 0.0015822784810126582
((6,4)(2,3)) 0.0015822784810126582
((6,4)(9,8)) 0.0031645569620253164
((6,4)(4,3)) 0.004746835443037975
((6,4)(5,6)) 0.0031645569620253164
((6,4)(3,3)) 0.006329113924050633
((6,4)(5,5)) 0.0031645569620253164
((6,4)(8,2)) 0.00949367088607595
((6,4)(5,7)) 0.0031645569620253164
((6,4)(1,2)) 0.0031645569620253164
((6,4)(8,3)) 0.0015822784810126582
((6,4)(6,7)) 0.0015822784810126582
((6,4)(6,1)) 0.0015822784810126582
((6,4)(5,9)) 0.0015822784810126582
((6,4)(5,1)) 0.0015822784810126582
((6,4)(9,4)) 0.0015822784810126582
((2,0)(2,0)) 0.7169811320754716
((2,0)(3,3)) 0.05660377358490566
((2,0)(4,4)) 0.05660377358490566
((2,0)(2,1)) 0.018867924528301886
((2,0)(4,2)) 0.018867924528301886
((2,0)(4,3)) 0.07547169811320754
((2,0)(2,2)) 0.018867924528301886
((2,0)(3,1)) 0.03773584905660377
((4,9)(4,9)) 0.7698744769874477
((4,9)(5,7)) 0.016736401673640166
((4,9)(4,8)) 0.008368200836820083
((4,9)(4,5)) 0.016736401673640166
((4,9)(7,3)) 0.0041841004184100415
((4,9)(3,9)) 0.02092050209205021
((4,9)(3,6)) 0.012552301255230125
((4,9)(6,4)) 0.0041841004184100415
((4,9)(4,4)) 0.08786610878661087
((4,9)(3,3)) 0.0041841004184100415
((4,9)(4,6)) 0.0041841004184100415
((4,9)(4,3)) 0.0041841004184100415
((4,9)(5,9)) 0.0041841004184100415
((4,9)(4,7)) 0.0041841004184100415
((4,9)(5,3)) 0.016736401673640166
((4,9)(5,4)) 0.012552301255230125
((4,9)(6,3)) 0.0041841004184100415
((4,9)(5,8)) 0.0041841004184100415
((9,7)(9,7)) 0.806930693069307
((9,7)(9,8)) 0.034653465346534656
((9,7)(4,4)) 0.034653465346534656
((9,7)(8,4)) 0.01485148514851485
((9,7)(5,4)) 0.024752475247524754
((9,7)(8,7)) 0.019801980198019802
((9,7)(6,3)) 0.01485148514851485
((9,7)(8,6)) 0.024752475247524754
((9,7)(5,9)) 0.0049504950495049506
((9,7)(3,3)) 0.0049504950495049506
((9,7)(6,4)) 0.0049504950495049506
((9,7)(6,5)) 0.0049504950495049506
((9,7)(4,3)) 0.0049504950495049506
((9,8)(9,8)) 0.734375
((9,8)(6,5)) 0.0390625
((9,8)(9,7)) 0.04296875
((9,8)(5,8)) 0.03125
((9,8)(7,7)) 0.02734375
((9,8)(8,8)) 0.03515625
((9,8)(5,4)) 0.0390625
((9,8)(8,4)) 0.0078125
((9,8)(6,4)) 0.01171875
((9,8)(5,9)) 0.00390625
((9,8)(8,7)) 0.01171875
((9,8)(4,3)) 0.00390625
((9,8)(6,3)) 0.0078125
((9,8)(7,6)) 0.00390625
((4,5)(4,5)) 0.691304347826087
((4,5)(3,6)) 0.017391304347826087
((4,5)(4,9)) 0.02608695652173913
((4,5)(4,4)) 0.06086956521739131
((4,5)(4,7)) 0.008695652173913044
((4,5)(5,3)) 0.02608695652173913
((4,5)(4,3)) 0.021739130434782608
((4,5)(5,4)) 0.04782608695652174
((4,5)(6,4)) 0.004347826086956522
((4,5)(5,2)) 0.017391304347826087
((4,5)(5,5)) 0.021739130434782608
((4,5)(5,7)) 0.008695652173913044
((4,5)(3,3)) 0.004347826086956522
((4,5)(6,3)) 0.021739130434782608
((4,5)(1,1)) 0.004347826086956522
((4,5)(8,3)) 0.008695652173913044
((4,5)(4,2)) 0.004347826086956522
((4,5)(4,8)) 0.004347826086956522
((3,6)(3,6)) 0.8760330578512396
((3,6)(4,4)) 0.03305785123966942
((3,6)(4,7)) 0.01652892561983471
((3,6)(4,6)) 0.008264462809917356
((3,6)(5,7)) 0.008264462809917356
((3,6)(7,1)) 0.01652892561983471
((3,6)(6,8)) 0.008264462809917356
((3,6)(5,9)) 0.024793388429752067
((3,6)(8,6)) 0.008264462809917356
((3,4)(3,4)) 0.7768421052631579
((3,4)(4,4)) 0.06947368421052631
((3,4)(5,3)) 0.031578947368421054
((3,4)(7,2)) 0.002105263157894737
((3,4)(5,4)) 0.02526315789473684
((3,4)(5,7)) 0.002105263157894737
((3,4)(4,3)) 0.018947368421052633
((3,4)(5,2)) 0.002105263157894737
((3,4)(3,3)) 0.02526315789473684
((3,4)(4,5)) 0.010526315789473684
((3,4)(6,3)) 0.008421052631578947
((3,4)(4,2)) 0.002105263157894737
((3,4)(2,3)) 0.002105263157894737
((3,4)(10,4)) 0.002105263157894737
((3,4)(2,4)) 0.002105263157894737
((3,4)(1,2)) 0.002105263157894737
((3,4)(1,3)) 0.002105263157894737
((3,4)(8,2)) 0.002105263157894737
((3,4)(4,6)) 0.002105263157894737
((3,4)(3,1)) 0.002105263157894737
((3,4)(6,4)) 0.004210526315789474
((3,4)(9,4)) 0.002105263157894737
((3,4)(9,2)) 0.002105263157894737
((4,1)(4,1)) 0.7650727650727651
((4,1)(5,3)) 0.079002079002079
((4,1)(4,5)) 0.002079002079002079
((4,1)(4,4)) 0.008316008316008316
((4,1)(4,0)) 0.02494802494802495
((4,1)(3,0)) 0.02494802494802495
((4,1)(4,2)) 0.02702702702702703
((4,1)(4,3)) 0.02079002079002079
((4,1)(3,1)) 0.008316008316008316
((4,1)(5,4)) 0.008316008316008316
((4,1)(5,0)) 0.008316008316008316
((4,1)(5,1)) 0.002079002079002079
((4,1)(5,2)) 0.010395010395010396
((4,1)(2,2)) 0.006237006237006237
((4,1)(3,2)) 0.002079002079002079
((4,1)(7,0)) 0.002079002079002079
((4,2)(4,2)) 0.7438356164383562
((4,2)(5,4)) 0.021917808219178082
((4,2)(4,3)) 0.07397260273972603
((4,2)(4,4)) 0.009589041095890411
((4,2)(4,1)) 0.012328767123287671
((4,2)(5,3)) 0.07534246575342465
((4,2)(3,0)) 0.00821917808219178
((4,2)(2,0)) 0.0013698630136986301
((4,2)(5,2)) 0.01643835616438356
((4,2)(3,2)) 0.0027397260273972603
((4,2)(1,2)) 0.0013698630136986301
((4,2)(5,5)) 0.005479452054794521
((4,2)(5,1)) 0.0013698630136986301
((4,2)(4,0)) 0.00684931506849315
((4,2)(3,4)) 0.0013698630136986301
((4,2)(1,4)) 0.0027397260273972603
((4,2)(6,3)) 0.0027397260273972603
((4,2)(3,3)) 0.0013698630136986301
((4,2)(5,0)) 0.0027397260273972603
((4,2)(4,5)) 0.0013698630136986301
((4,2)(7,7)) 0.0013698630136986301
((4,2)(7,3)) 0.0013698630136986301
((4,2)(5,6)) 0.0013698630136986301
((4,2)(1,1)) 0.0027397260273972603
((5,9)(5,9)) 0.8723809523809524
((5,9)(5,8)) 0.0419047619047619
((5,9)(4,3)) 0.007619047619047619
((5,9)(5,3)) 0.0019047619047619048
((5,9)(4,4)) 0.01904761904761905
((5,9)(5,7)) 0.013333333333333334
((5,9)(5,4)) 0.005714285714285714
((5,9)(4,9)) 0.005714285714285714
((5,9)(4,8)) 0.005714285714285714
((5,9)(9,7)) 0.0038095238095238095
((5,9)(6,4)) 0.0019047619047619048
((5,9)(3,5)) 0.0019047619047619048
((5,9)(7,2)) 0.0019047619047619048
((5,9)(6,8)) 0.0019047619047619048
((5,9)(6,9)) 0.011428571428571429
((5,9)(7,6)) 0.0019047619047619048
((5,9)(5,5)) 0.0019047619047619048
((6,9)(6,9)) 0.75
((6,9)(6,5)) 0.03409090909090909
((6,9)(4,4)) 0.056818181818181816
((6,9)(5,7)) 0.022727272727272728
((6,9)(3,6)) 0.011363636363636364
((6,9)(5,9)) 0.03409090909090909
((6,9)(5,5)) 0.011363636363636364
((6,9)(4,3)) 0.03409090909090909
((6,9)(5,8)) 0.011363636363636364
((6,9)(5,3)) 0.03409090909090909
((7,7)(7,7)) 0.7558139534883721
((7,7)(9,8)) 0.08139534883720931
((7,7)(7,6)) 0.046511627906976744
((7,7)(8,7)) 0.046511627906976744
((7,7)(5,7)) 0.023255813953488372
((7,7)(5,4)) 0.03488372093023256
((7,7)(6,5)) 0.011627906976744186
((7,6)(7,6)) 0.6301369863013698
((7,6)(7,7)) 0.0273972602739726
((7,6)(6,5)) 0.0547945205479452
((7,6)(6,4)) 0.0410958904109589
((7,6)(9,8)) 0.0684931506849315
((7,6)(6,6)) 0.0273972602739726
((7,6)(5,4)) 0.0136986301369863
((7,6)(6,8)) 0.0136986301369863
((7,6)(4,4)) 0.0273972602739726
((7,6)(8,7)) 0.0273972602739726
((7,6)(5,9)) 0.0273972602739726
((7,6)(5,8)) 0.0136986301369863
((7,6)(3,3)) 0.0273972602739726
((6,6)(6,6)) 0.7524752475247525
((6,6)(4,3)) 0.024752475247524754
((6,6)(6,4)) 0.0049504950495049506
((6,6)(5,9)) 0.0049504950495049506
((6,6)(6,5)) 0.0297029702970297
((6,6)(1,4)) 0.0049504950495049506
((6,6)(3,3)) 0.024752475247524754
((6,6)(8,6)) 0.0049504950495049506
((6,6)(5,3)) 0.034653465346534656
((6,6)(5,4)) 0.024752475247524754
((6,6)(3,4)) 0.0049504950495049506
((6,6)(2,3)) 0.0049504950495049506
((6,6)(5,8)) 0.0049504950495049506
((6,6)(5,6)) 0.0049504950495049506
((6,6)(5,5)) 0.019801980198019802
((6,6)(5,7)) 0.0297029702970297
((6,6)(7,6)) 0.0049504950495049506
((6,6)(4,4)) 0.0049504950495049506
((6,6)(1,2)) 0.0049504950495049506
((6,6)(8,5)) 0.0049504950495049506
((6,7)(6,7)) 0.7954545454545454
((6,7)(6,4)) 0.06818181818181818
((6,7)(6,8)) 0.045454545454545456
((6,7)(5,4)) 0.09090909090909091
((9,3)(9,3)) 0.7878787878787878
((9,3)(4,9)) 0.030303030303030304
((9,3)(4,8)) 0.030303030303030304
((9,3)(5,4)) 0.030303030303030304
((9,3)(6,3)) 0.030303030303030304
((9,3)(6,5)) 0.030303030303030304
((9,3)(9,4)) 0.030303030303030304
((9,3)(9,5)) 0.030303030303030304
((4,8)(4,8)) 0.6197183098591549
((4,8)(9,3)) 0.014084507042253521
((4,8)(4,9)) 0.056338028169014086
((4,8)(9,5)) 0.014084507042253521
((4,8)(8,2)) 0.07042253521126761
((4,8)(5,4)) 0.014084507042253521
((4,8)(5,7)) 0.056338028169014086
((4,8)(5,9)) 0.028169014084507043
((4,8)(4,7)) 0.014084507042253521
((4,8)(5,8)) 0.014084507042253521
((4,8)(3,4)) 0.028169014084507043
((4,8)(4,4)) 0.028169014084507043
((4,8)(8,7)) 0.014084507042253521
((4,8)(7,9)) 0.014084507042253521
((4,8)(6,4)) 0.014084507042253521
((9,5)(9,5)) 0.7083333333333334
((9,5)(9,3)) 0.041666666666666664
((9,5)(5,3)) 0.041666666666666664
((9,5)(4,4)) 0.041666666666666664
((9,5)(8,5)) 0.041666666666666664
((9,5)(9,6)) 0.041666666666666664
((9,5)(6,3)) 0.041666666666666664
((9,5)(6,5)) 0.041666666666666664
((7,2)(7,2)) 0.6376811594202898
((7,2)(6,3)) 0.11594202898550725
((7,2)(3,4)) 0.014492753623188406
((7,2)(4,5)) 0.014492753623188406
((7,2)(5,3)) 0.028985507246376812
((7,2)(5,2)) 0.043478260869565216
((7,2)(5,1)) 0.014492753623188406
((7,2)(5,6)) 0.014492753623188406
((7,2)(5,4)) 0.043478260869565216
((7,2)(6,4)) 0.014492753623188406
((7,2)(4,4)) 0.014492753623188406
((7,2)(8,2)) 0.014492753623188406
((7,2)(5,8)) 0.014492753623188406
((7,2)(3,1)) 0.014492753623188406
((6,0)(6,0)) 0.68
((6,0)(5,3)) 0.128
((6,0)(6,3)) 0.056
((6,0)(4,3)) 0.024
((6,0)(5,0)) 0.024
((6,0)(4,4)) 0.024
((6,0)(6,1)) 0.016
((6,0)(3,2)) 0.008
((6,0)(7,0)) 0.024
((6,0)(5,4)) 0.008
((6,0)(3,3)) 0.008
((8,8)(8,8)) 0.7419354838709677
((8,8)(5,4)) 0.12903225806451613
((8,8)(9,8)) 0.12903225806451613
((8,4)(8,4)) 0.7741935483870968
((8,4)(9,8)) 0.06451612903225806
((8,4)(5,4)) 0.03225806451612903
((8,4)(8,5)) 0.016129032258064516
((8,4)(4,3)) 0.016129032258064516
((8,4)(7,3)) 0.03225806451612903
((8,4)(6,4)) 0.016129032258064516
((8,4)(9,5)) 0.016129032258064516
((8,4)(5,3)) 0.016129032258064516
((8,4)(9,7)) 0.016129032258064516
((8,7)(8,7)) 0.9142857142857143
((8,7)(5,7)) 0.025
((8,7)(5,4)) 0.014285714285714285
((8,7)(9,8)) 0.010714285714285714
((8,7)(9,7)) 0.007142857142857143
((8,7)(4,4)) 0.0035714285714285713
((8,7)(7,6)) 0.007142857142857143
((8,7)(7,7)) 0.010714285714285714
((8,7)(4,3)) 0.0035714285714285713
((8,7)(6,5)) 0.0035714285714285713
((9,4)(9,4)) 0.71875
((9,4)(5,5)) 0.015625
((9,4)(5,4)) 0.015625
((9,4)(6,5)) 0.109375
((9,4)(4,3)) 0.046875
((9,4)(9,3)) 0.015625
((9,4)(8,0)) 0.015625
((9,4)(8,2)) 0.015625
((9,4)(3,4)) 0.015625
((9,4)(4,4)) 0.03125
((6,2)(6,2)) 0.7383966244725738
((6,2)(6,0)) 0.008438818565400843
((6,2)(6,3)) 0.12658227848101267
((6,2)(4,2)) 0.008438818565400843
((6,2)(5,3)) 0.03375527426160337
((6,2)(6,1)) 0.016877637130801686
((6,2)(7,2)) 0.012658227848101266
((6,2)(5,2)) 0.016877637130801686
((6,2)(9,4)) 0.004219409282700422
((6,2)(3,3)) 0.008438818565400843
((6,2)(5,4)) 0.004219409282700422
((6,2)(3,0)) 0.004219409282700422
((6,2)(4,4)) 0.008438818565400843
((6,2)(4,3)) 0.004219409282700422
((6,2)(8,6)) 0.004219409282700422
((5,0)(5,0)) 0.8322147651006712
((5,0)(5,3)) 0.0436241610738255
((5,0)(5,2)) 0.015100671140939598
((5,0)(5,1)) 0.016778523489932886
((5,0)(3,3)) 0.003355704697986577
((5,0)(3,4)) 0.0016778523489932886
((5,0)(5,4)) 0.02348993288590604
((5,0)(4,3)) 0.025167785234899327
((5,0)(4,1)) 0.0050335570469798654
((5,0)(4,2)) 0.010067114093959731
((5,0)(6,0)) 0.0050335570469798654
((5,0)(2,2)) 0.0016778523489932886
((5,0)(4,0)) 0.008389261744966443
((5,0)(4,4)) 0.003355704697986577
((5,0)(6,6)) 0.0016778523489932886
((5,0)(3,2)) 0.0016778523489932886
((5,0)(6,3)) 0.0016778523489932886
((4,0)(4,0)) 0.9157706093189965
((4,0)(5,3)) 0.026881720430107527
((4,0)(1,2)) 0.0035842293906810036
((4,0)(4,1)) 0.023297491039426525
((4,0)(4,2)) 0.012544802867383513
((4,0)(5,5)) 0.0017921146953405018
((4,0)(5,0)) 0.007168458781362007
((4,0)(2,2)) 0.0017921146953405018
((4,0)(5,4)) 0.0035842293906810036
((4,0)(6,3)) 0.0017921146953405018
((4,0)(4,3)) 0.0017921146953405018
((5,1)(5,1)) 0.7469135802469136
((5,1)(5,3)) 0.08641975308641975
((5,1)(4,4)) 0.012345679012345678
((5,1)(1,3)) 0.006172839506172839
((5,1)(5,2)) 0.06172839506172839
((5,1)(7,2)) 0.006172839506172839
((5,1)(5,0)) 0.037037037037037035
((5,1)(4,1)) 0.006172839506172839
((5,1)(5,4)) 0.018518518518518517
((5,1)(6,0)) 0.012345679012345678
((5,1)(3,3)) 0.006172839506172839
((4,7)(4,7)) 0.6914893617021277
((4,7)(4,6)) 0.02127659574468085
((4,7)(3,7)) 0.02127659574468085
((4,7)(4,8)) 0.010638297872340425
((4,7)(6,8)) 0.010638297872340425
((4,7)(5,7)) 0.06382978723404255
((4,7)(3,2)) 0.010638297872340425
((4,7)(4,4)) 0.07446808510638298
((4,7)(5,3)) 0.010638297872340425
((4,7)(1,4)) 0.010638297872340425
((4,7)(5,0)) 0.010638297872340425
((4,7)(9,6)) 0.010638297872340425
((4,7)(3,3)) 0.010638297872340425
((4,7)(4,5)) 0.010638297872340425
((4,7)(3,1)) 0.02127659574468085
((4,7)(5,8)) 0.010638297872340425
((4,6)(4,6)) 0.76
((4,6)(3,3)) 0.013333333333333334
((4,6)(4,7)) 0.02
((4,6)(4,4)) 0.08
((4,6)(5,4)) 0.02666666666666667
((4,6)(7,3)) 0.006666666666666667
((4,6)(4,9)) 0.006666666666666667
((4,6)(4,3)) 0.02666666666666667
((4,6)(6,8)) 0.02
((4,6)(5,3)) 0.013333333333333334
((4,6)(6,9)) 0.006666666666666667
((4,6)(3,6)) 0.006666666666666667
((4,6)(8,6)) 0.006666666666666667
((4,6)(5,6)) 0.006666666666666667
((3,7)(3,7)) 0.8
((3,7)(1,3)) 0.2
((8,1)(8,1)) 0.7924528301886793
((8,1)(8,2)) 0.05660377358490566
((8,1)(4,3)) 0.018867924528301886
((8,1)(8,0)) 0.09433962264150944
((8,1)(7,3)) 0.018867924528301886
((8,1)(5,3)) 0.018867924528301886
((0,3)(0,3)) 0.7368421052631579
((0,3)(1,2)) 0.21052631578947367
((0,3)(2,3)) 0.05263157894736842
((8,0)(8,0)) 0.8482142857142857
((8,0)(6,2)) 0.008928571428571428
((8,0)(8,1)) 0.044642857142857144
((8,0)(6,3)) 0.008928571428571428
((8,0)(3,6)) 0.008928571428571428
((8,0)(7,1)) 0.044642857142857144
((8,0)(4,5)) 0.008928571428571428
((8,0)(4,3)) 0.008928571428571428
((8,0)(5,4)) 0.008928571428571428
((8,0)(4,4)) 0.008928571428571428
((3,9)(3,9)) 0.625
((3,9)(4,9)) 0.375
((6,8)(6,8)) 0.7582417582417582
((6,8)(3,6)) 0.01098901098901099
((6,8)(4,6)) 0.04395604395604396
((6,8)(5,7)) 0.08791208791208792
((6,8)(3,3)) 0.01098901098901099
((6,8)(6,7)) 0.02197802197802198
((6,8)(7,6)) 0.02197802197802198
((6,8)(7,8)) 0.03296703296703297
((6,8)(5,8)) 0.01098901098901099
((6,1)(6,1)) 0.647887323943662
((6,1)(4,3)) 0.028169014084507043
((6,1)(6,3)) 0.11267605633802817
((6,1)(7,1)) 0.014084507042253521
((6,1)(5,3)) 0.028169014084507043
((6,1)(5,4)) 0.04225352112676056
((6,1)(3,2)) 0.014084507042253521
((6,1)(6,2)) 0.04225352112676056
((6,1)(6,0)) 0.056338028169014086
((6,1)(5,1)) 0.014084507042253521
((7,0)(7,0)) 0.6153846153846154
((7,0)(4,1)) 0.07692307692307693
((7,0)(6,0)) 0.15384615384615385
((7,0)(4,3)) 0.07692307692307693
((7,0)(6,1)) 0.07692307692307693
((9,6)(9,6)) 0.5
((9,6)(4,8)) 0.1
((9,6)(8,3)) 0.1
((9,6)(4,6)) 0.1
((9,6)(8,6)) 0.1
((9,6)(5,8)) 0.1
((8,6)(8,6)) 0.7551020408163265
((8,6)(6,5)) 0.09183673469387756
((8,6)(6,3)) 0.02040816326530612
((8,6)(8,5)) 0.01020408163265306
((8,6)(9,5)) 0.01020408163265306
((8,6)(5,4)) 0.061224489795918366
((8,6)(9,7)) 0.030612244897959183
((8,6)(9,8)) 0.01020408163265306
((8,6)(7,7)) 0.01020408163265306
((7,1)(7,1)) 0.782608695652174
((7,1)(6,3)) 0.08695652173913043
((7,1)(7,2)) 0.010869565217391304
((7,1)(4,9)) 0.010869565217391304
((7,1)(4,8)) 0.010869565217391304
((7,1)(5,3)) 0.043478260869565216
((7,1)(4,4)) 0.010869565217391304
((7,1)(4,3)) 0.010869565217391304
((7,1)(6,4)) 0.010869565217391304
((7,1)(6,2)) 0.010869565217391304
((7,1)(9,4)) 0.010869565217391304
((7,5)(7,5)) 0.6
((7,5)(7,4)) 0.2
((7,5)(6,6)) 0.1
((7,5)(5,4)) 0.1
((8,5)(8,5)) 0.7878787878787878
((8,5)(6,6)) 0.06060606060606061
((8,5)(8,4)) 0.030303030303030304
((8,5)(6,5)) 0.030303030303030304
((8,5)(9,5)) 0.030303030303030304
((8,5)(9,3)) 0.030303030303030304
((8,5)(7,2)) 0.030303030303030304
((7,8)(7,8)) 0.7222222222222222
((7,8)(7,7)) 0.05555555555555555
((7,8)(6,8)) 0.1111111111111111
((7,8)(5,7)) 0.05555555555555555
((7,8)(4,8)) 0.05555555555555555
((3,5)(3,5)) 0.5
((3,5)(6,4)) 0.5
((10,4)(10,4)) 0.5555555555555556
((10,4)(5,4)) 0.4444444444444444
((7,9)(7,9)) 0.7
((7,9)(5,4)) 0.1
((7,9)(3,4)) 0.1
((7,9)(6,8)) 0.1
