((7,4)(7,4)) 33
((7,4)(5,5)) 5
((5,5)(5,5)) 529
((5,5)(5,6)) 7
((5,6)(5,6)) 100
((5,6)(5,4)) 20
((5,4)(5,4)) 5295
((5,4)(6,5)) 51
((6,5)(6,5)) 386
((6,5)(5,6)) 4
((5,4)(7,4)) 6
((3,1)(3,1)) 274
((3,1)(5,4)) 7
((5,4)(3,1)) 6
((3,1)(3,3)) 5
((3,3)(3,3)) 1505
((3,3)(5,4)) 43
((2,2)(2,2)) 613
((2,2)(3,3)) 18
((3,3)(5,3)) 49
((5,3)(5,3)) 3185
((5,3)(2,2)) 13
((2,2)(4,3)) 39
((4,3)(4,3)) 3001
((4,3)(2,2)) 33
((6,3)(6,3)) 1511
((6,3)(5,3)) 89
((5,3)(3,3)) 46
((7,3)(7,3)) 380
((7,3)(9,2)) 6
((9,2)(9,2)) 75
((9,2)(7,3)) 4
((7,3)(4,4)) 6
((4,4)(4,4)) 2445
((4,4)(9,2)) 3
((3,0)(3,0)) 325
((3,0)(2,2)) 7
((2,2)(4,4)) 21
((4,4)(3,0)) 2
((3,0)(4,4)) 3
((4,4)(4,3)) 92
((2,2)(3,0)) 9
((4,3)(3,3)) 81
((3,3)(2,3)) 68
((2,3)(2,3)) 1008
((2,3)(1,3)) 24
((1,3)(1,3)) 244
((1,3)(2,3)) 27
((2,3)(3,3)) 48
((2,3)(5,5)) 1
((5,6)(5,7)) 2
((5,7)(5,7)) 434
((5,7)(5,8)) 17
((5,8)(5,8)) 339
((0,2)(0,2)) 55
((0,2)(1,2)) 8
((1,2)(1,2)) 734
((1,2)(2,2)) 26
((2,2)(1,2)) 45
((1,2)(1,3)) 47
((1,3)(1,2)) 43
((1,1)(1,1)) 128
((1,1)(2,1)) 3
((2,1)(2,1)) 74
((2,1)(1,1)) 4
((8,3)(8,3)) 119
((8,3)(4,4)) 7
((4,4)(8,3)) 7
((4,4)(7,3)) 6
((7,3)(8,3)) 3
((8,2)(8,2)) 250
((8,2)(4,4)) 9
((4,4)(2,3)) 27
((2,3)(4,4)) 22
((4,4)(8,2)) 10
((8,2)(2,3)) 1
((5,2)(5,2)) 677
((5,2)(5,3)) 129
((5,3)(5,2)) 133
((3,2)(3,2)) 284
((3,2)(2,3)) 6
((2,3)(2,4)) 9
((2,4)(2,4)) 27
((2,4)(1,4)) 6
((1,4)(1,4)) 114
((1,4)(2,4)) 7
((2,4)(3,2)) 5
((5,5)(6,4)) 3
((6,4)(6,4)) 456
((6,4)(6,5)) 32
((6,5)(5,5)) 13
((5,5)(5,3)) 11
((5,3)(5,4)) 155
((5,4)(4,3)) 89
((4,3)(5,3)) 114
((6,3)(5,4)) 74
((5,4)(4,4)) 170
((4,4)(5,4)) 168
((5,4)(6,3)) 65
((4,3)(6,3)) 59
((4,3)(2,0)) 8
((2,0)(2,0)) 38
((4,3)(5,4)) 95
((5,3)(5,5)) 11
((5,5)(4,9)) 3
((4,9)(4,9)) 184
((4,9)(5,7)) 4
((5,7)(5,4)) 9
((5,4)(5,3)) 139
((9,7)(9,7)) 163
((9,7)(9,8)) 7
((9,8)(9,8)) 188
((9,8)(6,5)) 10
((6,5)(5,4)) 53
((6,5)(9,8)) 7
((9,8)(9,7)) 11
((5,4)(3,3)) 51
((2,3)(2,2)) 19
((1,2)(3,3)) 10
((1,2)(5,4)) 10
((4,5)(4,5)) 159
((4,5)(3,6)) 4
((3,6)(3,6)) 106
((3,4)(3,4)) 369
((3,4)(4,4)) 33
((4,4)(5,3)) 62
((5,3)(4,4)) 62
((4,4)(3,4)) 39
((3,4)(5,3)) 15
((4,1)(4,1)) 368
((4,1)(5,3)) 38
((5,3)(4,1)) 32
((5,3)(4,2)) 56
((4,2)(4,2)) 543
((4,2)(5,4)) 16
((5,9)(5,9)) 458
((5,9)(5,8)) 22
((5,8)(9,8)) 5
((9,8)(5,8)) 8
((5,8)(5,9)) 27
((6,9)(6,9)) 66
((6,9)(6,5)) 3
((6,5)(4,4)) 9
((4,4)(6,9)) 7
((9,7)(4,4)) 7
((5,4)(9,7)) 11
((5,8)(5,7)) 21
((6,5)(5,8)) 2
((5,7)(6,5)) 2
((5,4)(5,8)) 9
((2,2)(3,2)) 6
((3,2)(4,3)) 34
((4,4)(2,2)) 19
((4,3)(4,4)) 100
((4,3)(2,3)) 19
((2,3)(4,3)) 19
((4,3)(3,2)) 29
((5,4)(4,2)) 10
((4,2)(4,3)) 54
((7,7)(7,7)) 65
((7,7)(9,8)) 7
((9,8)(7,7)) 7
((7,7)(7,6)) 4
((7,6)(7,6)) 46
((7,6)(7,7)) 2
((6,6)(6,6)) 152
((6,6)(4,3)) 5
((5,3)(6,3)) 100
((6,5)(6,6)) 4
((6,6)(6,4)) 1
((6,4)(4,4)) 8
((4,4)(6,7)) 1
((6,7)(6,7)) 35
((6,7)(6,4)) 3
((5,2)(4,3)) 15
((4,3)(5,2)) 13
((1,2)(3,0)) 9
((3,0)(1,2)) 9
((9,3)(9,3)) 26
((9,3)(4,9)) 1
((4,9)(4,8)) 2
((4,8)(4,8)) 44
((4,8)(9,3)) 1
((9,3)(4,8)) 1
((4,8)(4,9)) 4
((4,8)(9,5)) 1
((9,5)(9,5)) 17
((9,5)(9,3)) 1
((5,3)(4,3)) 106
((3,3)(4,3)) 82
((5,8)(5,5)) 5
((5,5)(5,8)) 3
((4,4)(3,3)) 70
((3,3)(3,2)) 19
((3,2)(3,1)) 11
((3,2)(3,3)) 13
((5,4)(6,4)) 37
((6,4)(5,4)) 36
((1,4)(4,3)) 2
((5,4)(8,3)) 5
((5,3)(7,3)) 13
((7,3)(6,4)) 8
((6,4)(5,3)) 10
((5,3)(3,1)) 9
((3,1)(3,2)) 8
((5,9)(4,3)) 4
((4,3)(5,9)) 3
((5,4)(7,2)) 2
((7,2)(7,2)) 44
((7,2)(6,3)) 8
((3,1)(5,3)) 6
((4,3)(3,1)) 14
((6,0)(6,0)) 85
((6,0)(5,3)) 16
((5,3)(6,0)) 16
((1,1)(2,2)) 6
((4,4)(1,3)) 8
((1,3)(3,1)) 3
((3,1)(4,4)) 2
((6,4)(6,3)) 42
((6,3)(6,4)) 52
((8,8)(8,8)) 23
((8,8)(5,4)) 4
((5,4)(9,8)) 16
((9,8)(8,8)) 9
((8,8)(9,8)) 4
((9,8)(5,4)) 10
((9,8)(8,4)) 2
((8,4)(8,4)) 48
((8,4)(9,8)) 4
((9,7)(8,4)) 3
((4,3)(5,8)) 4
((5,8)(4,3)) 3
((5,9)(5,3)) 1
((4,4)(6,6)) 3
((6,6)(5,9)) 1
((6,3)(4,4)) 24
((4,4)(6,3)) 33
((8,7)(8,7)) 256
((8,7)(5,7)) 7
((5,7)(8,7)) 7
((9,4)(9,4)) 46
((9,4)(5,5)) 1
((5,5)(4,4)) 24
((4,4)(5,5)) 24
((5,5)(6,5)) 9
((6,5)(9,4)) 6
((9,4)(5,4)) 1
((4,9)(4,5)) 4
((4,5)(4,9)) 6
((4,5)(4,4)) 14
((4,4)(4,5)) 15
((7,3)(6,3)) 23
((6,3)(7,3)) 19
((2,3)(5,4)) 24
((5,4)(2,3)) 18
((4,2)(4,4)) 7
((6,0)(6,3)) 7
((6,3)(4,3)) 46
((3,3)(6,3)) 18
((6,3)(6,2)) 35
((6,2)(6,2)) 175
((6,2)(6,0)) 2
((6,3)(3,3)) 14
((6,3)(6,0)) 7
((5,5)(5,4)) 34
((5,4)(5,5)) 41
((5,3)(6,6)) 4
((4,3)(6,6)) 4
((3,0)(3,1)) 9
((3,1)(2,1)) 2
((2,1)(1,2)) 4
((5,0)(5,0)) 496
((5,0)(5,3)) 26
((5,3)(5,0)) 35
((6,3)(7,2)) 6
((7,2)(3,4)) 1
((3,4)(7,2)) 1
((4,0)(4,0)) 511
((4,1)(4,5)) 1
((3,6)(4,4)) 4
((5,3)(3,0)) 9
((3,0)(4,2)) 6
((4,2)(4,1)) 9
((5,9)(4,4)) 10
((4,4)(5,9)) 7
((4,4)(5,7)) 15
((5,7)(5,9)) 9
((4,2)(5,3)) 55
((5,1)(5,1)) 121
((5,1)(5,3)) 14
((5,3)(5,1)) 5
((5,1)(4,4)) 2
((4,4)(5,1)) 5
((5,1)(1,3)) 1
((1,3)(5,1)) 1
((6,5)(6,4)) 20
((6,3)(6,5)) 5
((4,7)(4,7)) 65
((4,7)(4,6)) 2
((4,6)(4,6)) 114
((4,6)(3,3)) 2
((3,3)(4,5)) 4
((4,5)(4,7)) 2
((4,6)(4,7)) 3
((4,7)(3,7)) 2
((3,7)(3,7)) 4
((5,3)(6,4)) 19
((6,4)(5,2)) 8
((2,2)(5,2)) 1
((5,2)(6,4)) 2
((4,4)(4,1)) 3
((4,1)(4,4)) 4
((2,1)(2,2)) 10
((2,2)(2,1)) 7
((9,8)(6,4)) 3
((5,7)(4,3)) 2
((2,2)(4,9)) 1
((4,9)(7,3)) 1
((7,3)(8,1)) 1
((8,1)(8,1)) 42
((8,1)(8,2)) 3
((8,2)(9,2)) 7
((9,2)(8,2)) 5
((8,2)(8,1)) 4
((6,6)(6,5)) 6
((6,2)(6,3)) 30
((5,4)(6,2)) 3
((2,3)(1,2)) 14
((1,2)(2,3)) 9
((3,0)(5,3)) 6
((5,4)(4,5)) 14
((4,5)(5,3)) 6
((5,4)(5,6)) 14
((5,6)(3,3)) 2
((5,4)(5,0)) 17
((5,0)(5,2)) 9
((5,2)(6,2)) 5
((6,2)(4,2)) 2
((1,2)(0,2)) 14
((0,2)(0,3)) 2
((0,3)(0,3)) 14
((0,3)(1,2)) 4
((8,2)(6,3)) 6
((7,3)(8,2)) 7
((3,3)(0,2)) 6
((8,2)(8,0)) 2
((8,0)(8,0)) 95
((8,0)(6,2)) 1
((6,2)(5,3)) 8
((3,6)(4,7)) 2
((4,7)(4,8)) 1
((4,9)(3,9)) 5
((3,9)(3,9)) 5
((5,2)(4,2)) 12
((6,7)(6,8)) 2
((6,8)(6,8)) 69
((6,8)(3,6)) 1
((3,6)(4,6)) 1
((4,7)(6,8)) 1
((6,8)(4,6)) 4
((3,3)(1,2)) 16
((4,4)(1,2)) 22
((4,1)(4,0)) 12
((5,4)(8,7)) 2
((8,7)(5,4)) 4
((5,2)(5,0)) 11
((5,0)(5,1)) 10
((3,3)(5,2)) 6
((5,3)(2,3)) 3
((8,3)(4,8)) 3
((4,8)(8,2)) 5
((8,2)(8,3)) 7
((8,3)(5,4)) 3
((6,2)(6,1)) 4
((6,1)(6,1)) 46
((6,1)(4,3)) 2
((4,3)(6,2)) 4
((6,1)(6,3)) 8
((6,4)(7,6)) 4
((7,6)(6,5)) 4
((3,1)(4,3)) 17
((4,3)(6,0)) 4
((6,0)(4,3)) 3
((3,3)(7,0)) 2
((7,0)(7,0)) 8
((5,4)(1,3)) 1
((4,4)(4,6)) 10
((4,6)(4,4)) 12
((2,0)(3,3)) 3
((3,3)(4,4)) 62
((2,0)(4,4)) 3
((3,0)(4,1)) 19
((5,2)(4,1)) 10
((4,1)(3,0)) 12
((4,1)(4,2)) 13
((4,2)(3,0)) 6
((3,0)(6,2)) 1
((2,2)(5,3)) 5
((2,2)(5,4)) 7
((5,4)(2,2)) 12
((5,4)(8,2)) 8
((8,2)(5,4)) 8
((2,3)(5,3)) 9
((5,2)(2,3)) 4
((6,5)(7,7)) 2
((7,7)(8,7)) 4
((8,7)(9,8)) 3
((9,7)(5,4)) 5
((9,7)(8,7)) 4
((8,7)(9,7)) 2
((5,4)(3,4)) 10
((3,4)(5,4)) 12
((9,8)(5,9)) 1
((5,4)(5,9)) 5
((6,9)(4,4)) 5
((4,4)(6,5)) 10
((8,7)(4,4)) 1
((4,4)(8,7)) 1
((3,2)(2,2)) 9
((3,1)(2,0)) 3
((2,0)(2,1)) 1
((2,1)(3,1)) 2
((4,0)(5,3)) 15
((3,0)(2,3)) 2
((6,3)(8,2)) 6
((8,2)(9,6)) 1
((9,6)(9,6)) 5
((9,6)(4,8)) 1
((4,9)(3,6)) 3
((5,9)(5,7)) 7
((5,9)(5,4)) 3
((3,3)(3,4)) 22
((5,6)(5,5)) 5
((1,3)(4,4)) 7
((4,9)(6,4)) 1
((3,4)(5,7)) 1
((5,7)(5,3)) 2
((5,3)(5,7)) 3
((8,7)(7,6)) 2
((7,6)(6,4)) 3
((2,3)(1,4)) 7
((1,4)(3,3)) 6
((5,4)(4,6)) 9
((6,6)(1,4)) 1
((5,4)(6,6)) 12
((6,5)(4,3)) 8
((4,3)(1,4)) 2
((5,0)(3,3)) 2
((3,4)(4,3)) 9
((6,2)(7,2)) 3
((7,2)(4,5)) 1
((9,4)(6,5)) 7
((5,5)(4,3)) 4
((3,4)(5,2)) 1
((5,4)(5,1)) 4
((5,1)(5,2)) 10
((4,3)(4,5)) 3
((4,5)(4,3)) 5
((6,4)(7,3)) 5
((8,2)(7,3)) 4
((4,3)(4,2)) 53
((7,3)(4,3)) 4
((2,1)(1,3)) 2
((1,3)(2,1)) 2
((1,3)(4,3)) 3
((4,4)(5,2)) 8
((5,2)(4,4)) 11
((6,2)(5,2)) 4
((4,2)(2,0)) 1
((2,0)(4,2)) 1
((4,2)(5,2)) 12
((5,5)(3,4)) 2
((4,4)(4,8)) 3
((4,8)(5,4)) 1
((6,3)(4,8)) 1
((4,8)(5,7)) 4
((3,2)(5,3)) 3
((5,3)(3,2)) 2
((3,2)(4,2)) 2
((4,2)(3,2)) 2
((4,4)(5,6)) 4
((5,7)(8,6)) 1
((8,6)(8,6)) 74
((4,3)(1,2)) 13
((1,2)(2,1)) 9
((3,0)(6,5)) 1
((6,5)(4,2)) 1
((5,3)(6,5)) 4
((4,3)(6,5)) 8
((4,2)(1,2)) 1
((1,2)(4,0)) 2
((4,0)(1,2)) 2
((4,3)(4,0)) 3
((4,3)(1,1)) 13
((1,1)(4,3)) 8
((1,1)(1,3)) 2
((4,5)(5,4)) 11
((5,7)(4,7)) 6
((4,7)(5,7)) 6
((4,1)(4,3)) 10
((4,3)(4,1)) 9
((5,7)(4,4)) 15
((1,4)(5,4)) 2
((4,4)(1,4)) 6
((2,0)(4,3)) 4
((4,4)(2,0)) 2
((1,1)(5,3)) 3
((5,2)(5,4)) 22
((5,4)(1,1)) 1
((2,2)(1,1)) 8
((6,4)(7,1)) 1
((7,1)(7,1)) 72
((7,1)(6,3)) 8
((7,6)(9,8)) 5
((6,5)(7,6)) 4
((4,3)(3,0)) 3
((1,2)(4,4)) 21
((4,1)(3,1)) 4
((3,1)(4,1)) 7
((1,2)(3,4)) 4
((7,2)(5,3)) 2
((7,3)(5,4)) 17
((7,2)(5,2)) 3
((5,2)(7,2)) 2
((5,4)(7,3)) 22
((5,5)(3,3)) 14
((3,3)(5,5)) 14
((3,3)(5,9)) 2
((5,4)(8,6)) 11
((8,6)(6,5)) 9
((6,5)(8,6)) 3
((7,4)(7,5)) 2
((7,5)(7,5)) 6
((7,5)(7,4)) 2
((7,4)(4,6)) 1
((6,6)(3,3)) 5
((3,3)(1,4)) 4
((3,3)(6,6)) 3
((4,3)(5,5)) 7
((5,3)(4,5)) 3
((4,5)(6,4)) 1
((6,4)(2,3)) 1
((4,0)(4,1)) 13
((2,2)(1,3)) 1
((3,1)(2,3)) 1
((5,4)(1,2)) 8
((3,3)(2,2)) 12
((4,3)(5,0)) 13
((5,0)(3,4)) 1
((3,4)(3,3)) 12
((5,0)(5,4)) 14
((4,3)(5,1)) 1
((5,1)(7,2)) 1
((7,2)(5,1)) 1
((5,1)(5,0)) 6
((5,0)(4,3)) 15
((5,0)(4,1)) 3
((4,5)(5,2)) 4
((5,0)(4,2)) 6
((4,2)(5,5)) 4
((5,5)(4,5)) 4
((4,5)(5,5)) 5
((4,5)(5,7)) 2
((5,7)(3,6)) 3
((3,6)(5,7)) 1
((3,3)(1,3)) 5
((5,4)(5,2)) 26
((6,3)(2,2)) 2
((1,2)(6,3)) 7
((3,2)(6,3)) 2
((5,4)(4,1)) 7
((4,1)(5,4)) 4
((6,3)(9,7)) 5
((9,7)(6,3)) 3
((9,7)(8,6)) 5
((8,6)(6,3)) 2
((4,3)(9,7)) 2
((2,2)(2,3)) 5
((4,3)(8,1)) 1
((8,1)(4,3)) 1
((8,1)(8,0)) 5
((8,0)(8,1)) 5
((3,1)(4,0)) 2
((4,0)(4,2)) 7
((5,5)(4,0)) 1
((4,0)(5,5)) 1
((6,0)(5,0)) 3
((5,0)(6,0)) 3
((4,4)(5,0)) 5
((5,0)(2,2)) 1
((2,2)(3,1)) 3
((4,0)(5,0)) 4
((7,6)(6,6)) 2
((6,5)(7,5)) 1
((7,5)(6,6)) 1
((6,6)(8,6)) 1
((8,6)(8,5)) 1
((8,5)(8,5)) 26
((8,5)(6,6)) 2
((5,4)(3,0)) 1
((3,0)(4,3)) 1
((4,7)(3,2)) 1
((3,2)(4,7)) 1
((4,7)(4,4)) 7
((4,4)(4,7)) 5
((6,4)(9,8)) 2
((4,4)(4,2)) 5
((3,3)(5,7)) 3
((5,7)(6,6)) 11
((3,3)(5,8)) 4
((5,7)(6,8)) 5
((6,8)(5,7)) 8
((5,7)(3,3)) 5
((6,8)(3,3)) 1
((4,3)(6,8)) 1
((5,7)(5,5)) 6
((5,4)(5,7)) 8
((4,4)(4,9)) 28
((4,9)(4,4)) 21
((4,3)(7,3)) 9
((6,4)(4,3)) 3
((7,3)(3,3)) 5
((5,2)(6,3)) 4
((1,2)(5,3)) 4
((4,1)(5,0)) 4
((8,0)(6,3)) 1
((5,3)(8,0)) 4
((8,0)(3,6)) 1
((3,1)(3,0)) 8
((5,5)(6,6)) 5
((6,6)(5,3)) 7
((6,6)(5,4)) 5
((4,1)(5,1)) 1
((5,1)(4,1)) 1
((4,3)(5,6)) 1
((5,6)(4,3)) 1
((6,0)(4,4)) 3
((4,4)(6,0)) 1
((6,5)(5,3)) 3
((5,3)(4,0)) 18
((5,4)(3,2)) 3
((5,2)(6,1)) 3
((6,5)(6,3)) 4
((8,2)(9,4)) 1
((6,5)(5,2)) 2
((6,5)(5,9)) 6
((5,9)(4,9)) 3
((5,7)(9,4)) 1
((5,3)(8,2)) 8
((5,3)(3,4)) 10
((4,3)(1,3)) 2
((4,1)(5,2)) 5
((5,0)(4,0)) 5
((5,6)(6,4)) 1
((6,4)(5,6)) 2
((7,8)(7,8)) 13
((7,8)(7,7)) 1
((8,7)(7,7)) 3
((9,8)(8,7)) 3
((2,3)(6,5)) 1
((5,5)(8,7)) 1
((3,4)(4,5)) 5
((3,6)(7,1)) 2
((7,1)(7,2)) 1
((7,2)(5,6)) 1
((5,6)(7,1)) 1
((7,1)(4,9)) 1
((7,1)(4,8)) 1
((5,9)(4,8)) 3
((4,8)(5,9)) 2
((4,8)(4,7)) 1
((5,8)(4,8)) 3
((6,3)(3,4)) 6
((5,4)(2,1)) 1
((4,5)(3,3)) 1
((3,3)(7,3)) 4
((6,4)(3,3)) 4
((3,3)(6,4)) 2
((5,0)(4,4)) 2
((1,3)(2,2)) 1
((4,4)(6,4)) 6
((5,4)(9,2)) 6
((9,2)(5,4)) 6
((3,3)(4,9)) 1
((4,9)(3,3)) 1
((7,3)(5,3)) 9
((5,5)(6,3)) 1
((6,5)(7,3)) 1
((7,3)(5,2)) 1
((6,3)(6,1)) 7
((6,1)(7,1)) 1
((6,3)(9,2)) 1
((6,1)(5,3)) 2
((5,3)(6,2)) 6
((0,2)(3,3)) 1
((6,9)(5,7)) 2
((5,5)(4,2)) 4
((1,2)(0,3)) 2
((0,3)(2,3)) 1
((0,2)(4,4)) 1
((6,6)(3,4)) 1
((4,6)(5,4)) 4
((7,2)(5,4)) 3
((5,4)(9,6)) 1
((9,6)(8,3)) 1
((2,3)(6,3)) 2
((6,3)(2,3)) 2
((6,6)(2,3)) 1
((5,2)(5,1)) 7
((5,2)(0,3)) 1
((6,4)(5,5)) 2
((6,5)(7,4)) 3
((7,4)(5,4)) 5
((5,8)(1,4)) 1
((1,4)(5,8)) 1
((5,8)(4,9)) 2
((6,3)(4,5)) 7
((3,3)(3,1)) 2
((2,4)(2,3)) 7
((1,4)(2,3)) 8
((8,2)(8,6)) 1
((8,6)(9,5)) 1
((9,5)(5,3)) 1
((6,4)(8,2)) 6
((8,2)(6,4)) 1
((5,4)(8,4)) 3
((8,4)(5,4)) 2
((5,6)(1,4)) 1
((1,4)(5,6)) 1
((5,3)(1,3)) 1
((1,3)(1,4)) 2
((5,2)(2,4)) 1
((2,4)(5,2)) 1
((5,3)(4,7)) 4
((4,7)(5,3)) 1
((4,7)(1,4)) 1
((1,4)(5,3)) 2
((4,3)(6,4)) 4
((3,4)(6,3)) 4
((5,3)(6,1)) 3
((4,4)(6,2)) 1
((0,2)(5,3)) 4
((6,1)(5,4)) 3
((4,1)(2,2)) 3
((1,2)(4,1)) 1
((8,2)(4,6)) 1
((4,6)(7,3)) 1
((5,3)(8,3)) 6
((8,3)(5,3)) 3
((8,3)(8,4)) 1
((4,5)(6,3)) 5
((4,3)(8,2)) 1
((8,2)(4,3)) 3
((1,3)(2,4)) 1
((5,4)(4,7)) 1
((4,7)(5,0)) 1
((4,2)(5,1)) 1
((4,6)(4,9)) 1
((4,9)(4,6)) 1
((1,4)(4,4)) 6
((5,5)(5,7)) 6
((6,3)(4,2)) 2
((4,2)(4,0)) 5
((1,2)(4,3)) 5
((4,1)(3,2)) 1
((1,2)(1,1)) 5
((4,3)(3,4)) 5
((3,4)(4,2)) 1
((4,2)(3,4)) 1
((5,4)(6,7)) 5
((6,7)(5,4)) 4
((4,1)(7,0)) 1
((7,0)(4,1)) 1
((1,1)(1,2)) 2
((9,3)(5,4)) 1
((6,6)(5,8)) 1
((4,4)(5,8)) 2
((4,8)(5,8)) 1
((6,2)(9,4)) 1
((5,7)(6,4)) 4
((8,2)(5,7)) 1
((6,4)(5,7)) 2
((4,3)(4,6)) 5
((4,6)(4,3)) 4
((4,9)(4,3)) 1
((4,9)(5,9)) 1
((5,2)(4,5)) 3
((4,9)(4,7)) 1
((3,6)(6,8)) 1
((6,8)(6,7)) 2
((4,6)(6,8)) 3
((5,9)(9,7)) 2
((9,7)(5,9)) 1
((5,2)(7,5)) 1
((7,5)(5,4)) 1
((8,6)(5,4)) 6
((9,7)(3,3)) 1
((2,2)(7,3)) 1
((2,1)(2,0)) 1
((2,0)(2,2)) 1
((6,5)(4,1)) 1
((5,1)(5,4)) 3
((5,9)(6,4)) 1
((5,9)(3,5)) 1
((3,5)(3,5)) 1
((3,5)(6,4)) 1
((5,9)(7,2)) 1
((7,2)(6,4)) 1
((8,0)(7,1)) 5
((7,1)(5,3)) 4
((4,8)(3,4)) 2
((5,3)(5,8)) 1
((6,6)(5,6)) 1
((3,3)(6,2)) 3
((6,2)(3,3)) 2
((6,2)(5,4)) 1
((5,4)(4,9)) 5
((4,4)(3,6)) 2
((5,5)(9,5)) 1
((9,5)(4,4)) 1
((4,2)(1,4)) 2
((1,4)(5,5)) 1
((1,4)(4,1)) 1
((7,8)(6,8)) 2
((6,8)(7,6)) 2
((7,6)(5,4)) 1
((5,4)(7,6)) 2
((7,6)(6,8)) 1
((5,9)(6,8)) 1
((3,4)(2,3)) 1
((3,1)(2,2)) 1
((7,4)(6,5)) 2
((3,4)(10,4)) 1
((10,4)(10,4)) 5
((10,4)(5,4)) 4
((5,4)(10,4)) 3
((6,5)(10,4)) 1
((5,2)(1,2)) 1
((8,3)(8,2)) 5
((8,2)(4,8)) 2
((3,4)(2,4)) 1
((2,4)(3,3)) 2
((5,3)(5,6)) 2
((5,6)(4,5)) 2
((6,3)(3,2)) 1
((4,3)(6,1)) 2
((6,0)(6,1)) 2
((6,1)(3,2)) 1
((5,3)(7,0)) 1
((7,0)(6,0)) 2
((4,3)(7,0)) 1
((6,0)(3,2)) 1
((6,0)(7,0)) 3
((7,0)(4,3)) 1
((6,1)(6,2)) 3
((7,0)(6,1)) 1
((1,1)(4,4)) 3
((1,3)(3,3)) 3
((4,5)(1,1)) 1
((4,4)(1,1)) 1
((6,3)(9,3)) 1
((9,3)(6,3)) 1
((6,6)(5,5)) 4
((5,5)(5,0)) 1
((5,0)(6,6)) 1
((1,3)(7,3)) 1
((6,4)(1,2)) 2
((1,2)(6,4)) 2
((6,8)(7,8)) 3
((8,3)(4,5)) 3
((4,5)(8,3)) 2
((4,6)(5,3)) 2
((5,4)(2,0)) 1
((5,2)(2,0)) 1
((2,0)(3,1)) 2
((3,3)(2,0)) 1
((4,9)(5,3)) 4
((4,9)(5,4)) 3
((5,1)(6,0)) 2
((6,5)(9,7)) 3
((9,7)(6,4)) 1
((6,3)(5,0)) 2
((3,2)(4,4)) 1
((8,2)(5,3)) 3
((5,4)(8,5)) 1
((8,5)(8,4)) 1
((8,4)(8,5)) 1
((8,5)(6,5)) 1
((6,5)(8,5)) 1
((8,5)(9,5)) 1
((9,5)(8,5)) 1
((5,2)(3,3)) 3
((5,4)(6,1)) 1
((6,1)(6,0)) 4
((6,0)(5,4)) 1
((6,3)(5,2)) 4
((3,2)(2,4)) 1
((3,4)(1,2)) 1
((5,2)(7,3)) 1
((6,2)(3,0)) 1
((4,2)(6,3)) 2
((3,3)(4,2)) 1
((4,2)(3,3)) 1
((7,4)(4,4)) 1
((4,7)(9,6)) 1
((9,6)(4,6)) 1
((5,4)(1,4)) 2
((9,2)(4,3)) 1
((4,4)(3,1)) 1
((1,4)(3,0)) 1
((4,8)(4,4)) 2
((8,3)(7,3)) 2
((7,3)(3,4)) 1
((2,3)(5,6)) 1
((5,6)(5,8)) 3
((5,8)(5,4)) 5
((5,8)(2,4)) 1
((5,8)(6,8)) 4
((7,8)(5,7)) 1
((5,2)(5,8)) 1
((5,3)(1,2)) 1
((0,2)(2,2)) 1
((2,3)(3,2)) 2
((2,3)(2,1)) 1
((1,1)(2,3)) 1
((6,4)(8,3)) 1
((8,3)(9,3)) 1
((9,3)(6,5)) 1
((1,4)(3,4)) 1
((5,7)(5,6)) 2
((3,2)(2,1)) 1
((5,3)(7,2)) 1
((7,2)(4,4)) 1
((8,2)(7,2)) 1
((6,6)(5,7)) 6
((3,2)(1,4)) 1
((7,7)(5,7)) 2
((5,7)(7,7)) 1
((4,2)(5,0)) 2
((5,0)(3,2)) 1
((6,3)(7,1)) 7
((7,1)(4,4)) 1
((4,5)(4,2)) 1
((4,2)(4,5)) 1
((6,3)(8,0)) 2
((8,0)(4,5)) 1
((4,9)(6,3)) 1
((6,3)(7,8)) 1
((5,8)(5,3)) 2
((6,5)(3,3)) 4
((6,3)(5,8)) 1
((5,3)(4,9)) 1
((9,7)(6,5)) 1
((8,6)(9,7)) 3
((3,4)(1,3)) 1
((4,4)(6,1)) 1
((6,1)(5,1)) 1
((2,2)(6,3)) 2
((5,4)(7,7)) 4
((7,7)(5,4)) 3
((7,7)(6,5)) 1
((5,7)(4,6)) 2
((4,6)(6,9)) 1
((7,4)(9,4)) 1
((3,3)(2,4)) 1
((2,4)(4,4)) 1
((4,4)(9,7)) 2
((5,2)(6,5)) 1
((5,2)(3,4)) 1
((5,8)(4,4)) 1
((6,6)(7,6)) 1
((8,7)(4,3)) 1
((7,6)(4,4)) 2
((4,4)(7,6)) 1
((7,6)(8,7)) 2
((7,3)(7,2)) 1
((7,2)(8,2)) 1
((8,2)(5,1)) 1
((3,1)(4,2)) 2
((4,3)(9,4)) 3
((9,4)(4,3)) 3
((9,4)(9,3)) 1
((9,3)(9,4)) 1
((8,2)(1,2)) 2
((1,2)(8,2)) 3
((8,2)(1,3)) 1
((8,4)(4,3)) 1
((4,3)(7,1)) 2
((7,1)(4,3)) 1
((6,6)(4,4)) 1
((8,0)(4,3)) 1
((4,4)(2,1)) 1
((5,9)(6,9)) 6
((6,9)(3,6)) 1
((3,6)(5,9)) 3
((6,9)(5,9)) 3
((4,3)(3,6)) 1
((4,0)(2,2)) 1
((2,2)(5,1)) 1
((6,5)(6,7)) 1
((6,4)(6,7)) 1
((5,2)(5,5)) 1
((5,5)(5,2)) 1
((6,3)(1,2)) 2
((1,2)(5,5)) 4
((5,5)(1,2)) 3
((3,3)(8,7)) 1
((3,1)(1,2)) 1
((1,3)(3,0)) 1
((6,6)(1,2)) 1
((1,2)(4,9)) 1
((4,7)(3,3)) 1
((3,3)(4,6)) 1
((3,7)(1,3)) 1
((3,4)(8,2)) 1
((8,5)(9,3)) 1
((9,3)(9,5)) 1
((9,5)(9,6)) 1
((9,6)(8,6)) 1
((5,5)(9,4)) 1
((7,1)(6,4)) 1
((9,2)(6,3)) 1
((3,2)(1,1)) 2
((4,7)(4,5)) 1
((3,3)(4,7)) 1
((4,7)(3,1)) 2
((3,1)(4,7)) 1
((3,2)(5,4)) 1
((1,1)(6,4)) 1
((8,6)(9,8)) 1
((3,1)(7,1)) 1
((7,1)(6,2)) 1
((6,2)(4,4)) 2
((4,3)(8,3)) 1
((7,3)(1,4)) 1
((1,4)(7,3)) 1
((7,3)(6,2)) 1
((3,4)(4,6)) 1
((6,5)(8,4)) 3
((8,4)(7,3)) 2
((8,4)(6,4)) 1
((7,3)(8,4)) 1
((8,4)(9,5)) 1
((1,1)(3,3)) 2
((6,4)(6,1)) 1
((3,0)(5,4)) 1
((7,6)(5,9)) 2
((5,9)(7,6)) 1
((5,9)(5,5)) 1
((5,3)(2,0)) 1
((3,9)(4,9)) 3
((4,9)(5,8)) 1
((5,8)(6,6)) 1
((1,3)(5,4)) 1
((8,6)(7,7)) 1
((4,0)(5,4)) 2
((5,4)(4,0)) 1
((8,4)(5,3)) 1
((5,2)(9,8)) 1
((8,4)(9,7)) 1
((6,9)(5,5)) 1
((5,5)(6,9)) 1
((6,9)(4,3)) 3
((4,3)(6,9)) 2
((6,9)(5,8)) 1
((5,4)(6,9)) 1
((4,2)(7,7)) 1
((5,7)(4,8)) 2
((4,8)(8,7)) 1
((8,7)(6,5)) 1
((9,8)(4,3)) 1
((4,3)(8,8)) 1
((5,5)(9,6)) 1
((9,6)(5,8)) 1
((7,1)(9,4)) 1
((9,4)(8,0)) 1
((5,5)(7,3)) 1
((5,0)(6,3)) 1
((5,4)(9,4)) 1
((9,4)(8,2)) 1
((5,7)(6,9)) 1
((6,9)(5,3)) 3
((5,3)(6,9)) 3
((4,2)(7,3)) 1
((5,4)(7,9)) 2
((7,9)(7,9)) 7
((7,9)(5,4)) 1
((5,4)(7,8)) 1
((7,8)(4,8)) 1
((7,9)(3,4)) 1
((5,4)(4,8)) 1
((4,8)(7,9)) 1
((7,9)(6,8)) 1
((9,2)(5,0)) 1
((9,2)(4,0)) 1
((6,0)(3,3)) 1
((5,5)(7,4)) 4
((6,3)(5,6)) 1
((3,4)(3,1)) 1
((1,1)(5,2)) 1
((5,3)(1,1)) 1
((4,6)(3,6)) 1
((3,6)(8,6)) 1
((6,5)(4,6)) 2
((4,6)(8,6)) 1
((1,4)(4,6)) 1
((4,6)(5,6)) 1
((5,6)(6,6)) 1
((6,6)(8,5)) 1
((2,3)(7,4)) 1
((7,4)(6,4)) 1
((4,5)(4,8)) 1
((6,3)(3,1)) 2
((7,3)(9,5)) 1
((9,5)(6,3)) 1
((2,3)(3,4)) 1
((5,8)(8,5)) 1
((8,5)(7,2)) 1
((7,2)(5,8)) 1
((6,8)(5,8)) 1
((6,4)(5,9)) 1
((5,3)(7,1)) 1
((7,2)(3,1)) 1
((3,1)(1,4)) 1
((7,3)(4,2)) 1
((6,4)(5,1)) 1
((5,4)(9,5)) 1
((6,3)(4,0)) 1
((4,0)(6,3)) 1
((6,2)(4,3)) 1
((4,0)(4,3)) 1
((3,2)(5,1)) 1
((5,1)(3,3)) 1
((5,4)(8,1)) 1
((8,1)(7,3)) 1
((5,2)(9,7)) 1
((2,1)(4,3)) 1
((4,7)(5,8)) 1
((5,7)(4,5)) 1
((9,8)(6,3)) 2
((9,8)(7,6)) 1
((7,6)(5,8)) 1
((7,6)(3,3)) 2
((3,3)(7,6)) 2
((6,2)(8,6)) 1
((8,0)(5,4)) 1
((6,3)(5,5)) 1
((5,5)(4,8)) 1
((4,8)(6,4)) 1
((3,4)(6,4)) 2
((9,4)(3,4)) 1
((3,4)(9,4)) 1
((9,4)(4,4)) 2
((6,4)(9,4)) 1
((4,2)(5,6)) 1
((8,2)(9,5)) 1
((9,5)(6,5)) 1
((3,4)(9,2)) 1
((9,7)(4,3)) 1
((5,3)(8,1)) 2
((8,1)(5,3)) 1
((5,5)(4,6)) 1
((3,1)(5,2)) 1
((3,3)(6,5)) 1
((5,3)(6,8)) 1
((5,7)(4,9)) 1
((8,0)(4,4)) 1
((1,1)(4,2)) 3
((4,2)(1,1)) 2
