(7,4): 0.003
(3,1): 0.012
(2,2): 0.024
(6,3): 0.049
(5,4): 0.149
(7,3): 0.01
(3,0): 0.015
(4,3): 0.097
(0,2): 0.001
(1,1): 0.004
(8,3): 0.006
(8,2): 0.008
(5,3): 0.116
(5,2): 0.025
(3,2): 0.02
(5,5): 0.013
(4,4): 0.082
(9,7): 0.006
(4,5): 0.006
(3,4): 0.009
(4,1): 0.015
(5,9): 0.012
(6,9): 0.004
(5,8): 0.004
(7,7): 0.003
(6,6): 0.006
(3,3): 0.064
(6,4): 0.016
(2,3): 0.032
(9,3): 0.002
(1,4): 0.012
(6,0): 0.004
(8,8): 0.001
(9,8): 0.008
(8,7): 0.004
(9,4): 0.001
(4,9): 0.004
(4,2): 0.02
(6,5): 0.012
(5,0): 0.011
(7,2): 0.005
(4,0): 0.016
(5,1): 0.004
(4,7): 0.003
(2,1): 0.002
(5,7): 0.014
(6,7): 0.001
(6,2): 0.007
(1,2): 0.017
(5,6): 0.003
(1,3): 0.007
(2,0): 0.001
(7,6): 0.004
(8,0): 0.003
(7,8): 0.002
(4,8): 0.001
(6,1): 0.003
(0,3): 0.001
(4,6): 0.001
(3,6): 0.003
(6,8): 0.002
(2,4): 0.001
(9,2): 0.001
(8,4): 0.002
(8,5): 0.001
(8,6): 0.002
(7,1): 0.003
