(7,4): 0.001
(5,4): 0.12
(2,2): 0.021
(3,3): 0.042
(9,2): 0.006
(3,0): 0.012
(5,8): 0.009
(1,2): 0.027
(2,1): 0.006
(8,3): 0.011
(8,2): 0.01
(5,3): 0.09
(5,2): 0.024
(1,4): 0.009
(6,3): 0.067
(2,0): 0.005
(4,4): 0.073
(9,7): 0.01
(3,6): 0.005
(4,1): 0.019
(4,3): 0.061
(5,9): 0.019
(6,9): 0.004
(3,2): 0.013
(7,7): 0.004
(7,3): 0.013
(6,4): 0.024
(2,3): 0.039
(9,3): 0.001
(3,1): 0.008
(6,0): 0.005
(8,8): 0.003
(8,7): 0.006
(5,5): 0.019
(4,9): 0.011
(4,2): 0.022
(6,6): 0.01
(5,0): 0.016
(7,2): 0.001
(4,0): 0.02
(5,1): 0.004
(3,7): 0.001
(5,7): 0.011
(8,1): 0.003
(6,5): 0.012
(5,6): 0.007
(0,2): 0.004
(3,9): 0.002
(4,6): 0.008
(7,0): 0.003
(1,3): 0.008
(3,4): 0.013
(8,6): 0.004
(1,1): 0.007
(9,8): 0.002
(6,2): 0.009
(4,5): 0.008
(4,7): 0.002
(6,1): 0.003
(4,8): 0.001
(7,1): 0.004
(0,3): 0.001
(8,4): 0.002
(6,7): 0.002
(6,8): 0.003
(10,4): 0.001
(7,8): 0.002
(8,5): 0.001
(7,6): 0.001
(9,4): 0.002
(9,5): 0.002
(2,4): 0.001
