(10,18): 0.013
(8,6): 0.042
(10,5): 0.008
(11,9): 0.011
(15,11): 0.003
(9,1): 0.001
(11,14): 0.006
(17,4): 0.011
(11,5): 0.004
(9,8): 0.052
(12,6): 0.045
(9,4): 0.013
(12,4): 0.005
(15,14): 0.004
(11,4): 0.007
(10,6): 0.06
(11,8): 0.029
(7,6): 0.009
(6,2): 0.008
(7,9): 0.003
(14,4): 0.001
(3,9): 0.012
(9,9): 0.011
(7,7): 0.037
(10,3): 0.005
(9,5): 0.008
(8,18): 0.008
(19,14): 0.003
(7,8): 0.001
(18,14): 0.007
(10,8): 0.075
(11,3): 0.002
(13,10): 0.004
(9,7): 0.011
(8,2): 0.005
(8,5): 0.002
(6,7): 0.006
(11,15): 0.007
(8,0): 0.021
(8,7): 0.016
(5,7): 0.012
(10,7): 0.017
(19,9): 0.001
(10,10): 0.014
(10,4): 0.008
(4,4): 0.007
(16,14): 0.003
(5,4): 0.007
(15,6): 0.006
(13,4): 0.003
(9,12): 0.002
(11,12): 0.006
(9,11): 0.002
(10,0): 0.013
(12,12): 0.003
(16,1): 0.006
(12,8): 0.014
(11,6): 0.017
(8,8): 0.005
(10,16): 0.01
(4,5): 0.003
(4,7): 0.005
(14,7): 0.002
(5,6): 0.004
(7,1): 0.006
(16,4): 0.003
(8,4): 0.004
(10,19): 0.004
(9,17): 0.007
(11,18): 0.004
(9,10): 0.002
(10,9): 0.005
(12,7): 0.007
(5,3): 0.003
(6,4): 0.007
(10,11): 0.002
(14,2): 0.003
(6,5): 0.007
(4,6): 0.009
(14,13): 0.001
(14,5): 0.002
(12,1): 0.003
(8,19): 0.002
(2,5): 0.002
(14,15): 0.002
(16,16): 0.002
(18,15): 0.001
(13,9): 0.001
(12,19): 0.003
(17,13): 0.003
(8,14): 0.003
(16,15): 0.001
(11,0): 0.001
(14,6): 0.005
(14,18): 0.001
(11,10): 0.006
(6,3): 0.004
(12,9): 0.003
(3,5): 0.013
(13,12): 0.003
(10,2): 0.001
(13,3): 0.002
(11,13): 0.002
(16,9): 0.001
(7,14): 0.002
(7,0): 0.002
(3,4): 0.002
(10,1): 0.006
(8,3): 0.001
(18,16): 0.002
(15,9): 0.002
(13,5): 0.005
(9,2): 0.005
(13,7): 0.005
(10,14): 0.002
(9,6): 0.004
(12,11): 0.002
(12,16): 0.002
(8,9): 0.003
(9,3): 0.004
(3,3): 0.003
(10,12): 0.001
(18,13): 0.001
(8,10): 0.003
(6,1): 0.002
(9,14): 0.001
(5,8): 0.001
(16,5): 0.001
(16,7): 0.002
(3,2): 0.001
(8,1): 0.002
(8,13): 0.001
(5,2): 0.001
(13,6): 0.002
(18,9): 0.001
(12,15): 0.001
(17,15): 0.002
(20,9): 0.001
(16,6): 0.003
(12,3): 0.001
(14,1): 0.001
(9,13): 0.002
(18,4): 0.002
(3,6): 0.001
(3,7): 0.001
(1,5): 0.001
(13,0): 0.002
(7,5): 0.001
(11,2): 0.001
(12,13): 0.002
(12,10): 0.003
(18,8): 0.001
(7,12): 0.003
(18,7): 0.001
(14,9): 0.001
(17,9): 0.002
(11,7): 0.001
(15,3): 0.001
(17,3): 0.002
(5,1): 0.002
(6,0): 0.001
(0,6): 0.001
