(10,18): 0.015
(8,6): 0.048
(16,5): 0.004
(11,9): 0.014
(11,4): 0.017
(5,4): 0.009
(7,7): 0.028
(17,4): 0.011
(12,6): 0.049
(6,7): 0.008
(10,11): 0.002
(8,0): 0.027
(11,14): 0.001
(6,4): 0.007
(9,9): 0.006
(10,6): 0.058
(6,3): 0.007
(7,8): 0.003
(10,5): 0.005
(15,11): 0.001
(3,9): 0.013
(11,8): 0.026
(9,8): 0.044
(10,8): 0.066
(8,5): 0.006
(10,3): 0.003
(11,6): 0.014
(13,10): 0.004
(10,15): 0.002
(19,14): 0.003
(3,5): 0.015
(11,10): 0.002
(8,7): 0.011
(11,15): 0.006
(9,6): 0.011
(5,7): 0.007
(4,6): 0.015
(19,9): 0.002
(18,4): 0.004
(18,14): 0.003
(13,5): 0.004
(10,16): 0.008
(4,4): 0.01
(16,14): 0.004
(5,5): 0.002
(15,6): 0.009
(14,6): 0.01
(11,11): 0.004
(8,19): 0.005
(12,13): 0.001
(14,13): 0.002
(10,0): 0.011
(3,8): 0.002
(16,1): 0.005
(2,5): 0.004
(11,19): 0.002
(12,5): 0.001
(10,4): 0.006
(11,3): 0.002
(8,8): 0.008
(4,5): 0.004
(13,7): 0.007
(3,7): 0.002
(7,9): 0.001
(18,7): 0.003
(10,9): 0.005
(9,14): 0.003
(16,4): 0.003
(10,19): 0.006
(7,4): 0.002
(14,9): 0.002
(7,3): 0.002
(5,6): 0.003
(4,9): 0.001
(18,10): 0.001
(14,2): 0.004
(7,6): 0.005
(2,3): 0.002
(11,18): 0.003
(9,3): 0.006
(5,1): 0.004
(12,1): 0.003
(3,3): 0.005
(14,15): 0.001
(12,8): 0.011
(16,16): 0.002
(18,16): 0.005
(16,6): 0.005
(9,13): 0.002
(16,9): 0.001
(9,7): 0.01
(17,13): 0.001
(9,11): 0.001
(8,2): 0.003
(16,15): 0.002
(12,19): 0.004
(10,1): 0.009
(4,7): 0.006
(12,17): 0.002
(10,10): 0.013
(17,14): 0.001
(13,12): 0.003
(9,12): 0.001
(10,2): 0.001
(14,17): 0.002
(7,1): 0.005
(13,3): 0.001
(11,13): 0.001
(12,9): 0.003
(12,4): 0.003
(11,2): 0.002
(8,18): 0.013
(6,2): 0.001
(7,12): 0.005
(8,14): 0.004
(9,10): 0.002
(9,4): 0.011
(6,5): 0.002
(8,10): 0.004
(5,3): 0.004
(10,7): 0.004
(16,13): 0.002
(15,9): 0.002
(14,4): 0.002
(9,2): 0.004
(10,14): 0.002
(13,6): 0.003
(19,15): 0.001
(17,3): 0.004
(6,6): 0.001
(12,11): 0.001
(3,4): 0.002
(8,9): 0.003
(11,12): 0.004
(6,1): 0.004
(11,16): 0.002
(10,13): 0.002
(14,7): 0.003
(12,7): 0.001
(5,8): 0.001
(1,5): 0.002
(16,7): 0.001
(3,6): 0.002
(8,1): 0.002
(17,15): 0.002
(9,5): 0.002
(8,4): 0.003
(12,16): 0.001
(9,19): 0.001
(8,13): 0.001
(12,10): 0.001
(12,2): 0.001
(13,0): 0.002
(2,6): 0.002
(14,5): 0.001
(13,4): 0.003
(10,17): 0.003
(13,1): 0.002
(12,0): 0.001
(7,5): 0.001
(15,14): 0.001
(8,12): 0.003
(19,7): 0.001
(9,17): 0.003
(11,7): 0.002
(17,9): 0.001
(14,18): 0.001
(8,3): 0.001
(7,14): 0.001
(11,5): 0.001
(12,15): 0.001
(12,3): 0.001
