(13,4): 0.002
(21,10): 0.007
(16,0): 0.004
(18,29): 0.006
(16,12): 0.013
(12,16): 0.006
(18,12): 0.004
(12,9): 0.009
(19,12): 0.001
(14,12): 0.033
(12,1): 0.003
(7,11): 0.001
(16,13): 0.063
(14,6): 0.003
(15,28): 0.002
(8,10): 0.007
(16,7): 0.009
(16,15): 0.01
(20,18): 0.003
(14,13): 0.007
(15,27): 0.014
(11,10): 0.002
(16,9): 0.004
(11,11): 0.022
(4,8): 0.011
(13,0): 0.016
(9,4): 0.006
(15,14): 0.005
(7,2): 0.003
(11,9): 0.004
(13,9): 0.036
(27,21): 0.006
(15,9): 0.04
(17,9): 0.005
(16,1): 0.008
(6,9): 0.001
(19,6): 0.001
(18,9): 0.035
(16,11): 0.014
(13,12): 0.025
(18,6): 0.004
(19,17): 0.004
(6,6): 0.008
(14,0): 0.001
(12,21): 0.008
(8,5): 0.003
(11,6): 0.004
(9,6): 0.001
(5,13): 0.005
(17,12): 0.004
(16,25): 0.006
(13,14): 0.004
(19,7): 0.002
(16,2): 0.007
(7,7): 0.009
(11,5): 0.001
(9,8): 0.004
(4,5): 0.003
(27,24): 0.003
(15,12): 0.011
(10,10): 0.01
(15,6): 0.004
(25,20): 0.002
(23,15): 0.001
(15,13): 0.011
(12,11): 0.008
(7,6): 0.012
(24,2): 0.004
(14,15): 0.003
(15,21): 0.002
(5,7): 0.004
(6,10): 0.015
(14,7): 0.006
(26,6): 0.004
(24,8): 0.001
(20,17): 0.002
(13,6): 0.002
(16,14): 0.005
(20,7): 0.003
(5,6): 0.004
(5,14): 0.011
(12,28): 0.01
(22,14): 0.001
(17,18): 0.005
(17,13): 0.009
(14,14): 0.002
(14,9): 0.002
(9,3): 0.001
(18,19): 0.003
(14,5): 0.002
(8,3): 0.001
(15,8): 0.009
(10,11): 0.004
(11,13): 0.001
(15,16): 0.007
(15,1): 0.001
(17,8): 0.003
(13,26): 0.001
(19,11): 0.003
(14,11): 0.005
(14,4): 0.004
(7,8): 0.003
(6,7): 0.003
(14,8): 0.007
(27,6): 0.003
(20,9): 0.002
(9,11): 0.006
(13,11): 0.004
(23,10): 0.004
(16,17): 0.002
(3,7): 0.006
(10,1): 0.004
(16,23): 0.003
(14,21): 0.002
(15,11): 0.005
(19,15): 0.006
(19,10): 0.003
(16,5): 0.001
(26,7): 0.005
(23,9): 0.001
(16,10): 0.003
(6,11): 0.002
(12,12): 0.002
(18,2): 0.003
(18,8): 0.002
(18,11): 0.004
(13,2): 0.003
(27,18): 0.002
(13,10): 0.005
(18,23): 0.001
(18,14): 0.003
(15,10): 0.004
(12,7): 0.003
(4,9): 0.004
(7,9): 0.003
(18,5): 0.004
(22,2): 0.002
(18,20): 0.003
(11,8): 0.002
(13,19): 0.001
(8,2): 0.002
(11,3): 0.002
(11,2): 0.002
(20,14): 0.001
(7,12): 0.002
(21,14): 0.001
(10,2): 0.002
(20,19): 0.001
(2,8): 0.001
(19,0): 0.003
(17,21): 0.003
(17,7): 0.001
(15,29): 0.002
(12,10): 0.001
(28,21): 0.001
(16,8): 0.002
(11,19): 0.006
(16,6): 0.003
(25,22): 0.003
(18,10): 0.004
(13,18): 0.002
(23,21): 0.001
(18,13): 0.003
(10,9): 0.002
(14,10): 0.003
(28,11): 0.001
(14,16): 0.002
(8,9): 0.001
(9,7): 0.002
(21,20): 0.001
(22,7): 0.001
(17,10): 0.002
(12,29): 0.002
(5,9): 0.001
(17,1): 0.001
(24,25): 0.001
(11,29): 0.001
(27,22): 0.001
(16,28): 0.001
(19,14): 0.001
(16,21): 0.001
(28,14): 0.001
(22,9): 0.001
(21,27): 0.001
(12,0): 0.004
(15,15): 0.002
(19,18): 0.001
(16,3): 0.001
(20,5): 0.002
(21,11): 0.001
(18,0): 0.001
(16,4): 0.001
(13,7): 0.002
(11,21): 0.001
(4,7): 0.001
(10,4): 0.001
(23,14): 0.002
(20,8): 0.001
(18,7): 0.003
(19,16): 0.001
(18,17): 0.001
(17,22): 0.001
(22,10): 0.001
(12,14): 0.001
(5,8): 0.002
(15,19): 0.001
(10,5): 0.001
(13,27): 0.001
(7,10): 0.002
(9,10): 0.004
(14,20): 0.002
(20,15): 0.001
(22,3): 0.001
(12,4): 0.001
(25,7): 0.001
(25,11): 0.001
(4,10): 0.001
(12,19): 0.001
(13,13): 0.003
(25,4): 0.001
(20,16): 0.001
(26,23): 0.001
(12,5): 0.001
(18,24): 0.001
(13,3): 0.001
(14,28): 0.001
(19,21): 0.001
(30,13): 0.001
(11,14): 0.001
(20,4): 0.001
(27,15): 0.001
(20,6): 0.001
(15,7): 0.001
