(13,4): 0.002
(14,12): 0.041
(16,0): 0.005
(14,13): 0.006
(12,28): 0.012
(18,29): 0.006
(18,13): 0.007
(12,9): 0.008
(22,9): 0.002
(12,1): 0.004
(8,10): 0.005
(16,13): 0.064
(12,0): 0.015
(15,16): 0.007
(15,28): 0.002
(8,11): 0.002
(15,9): 0.051
(19,15): 0.008
(4,8): 0.011
(13,5): 0.004
(15,27): 0.013
(14,10): 0.004
(13,13): 0.004
(11,6): 0.002
(15,15): 0.003
(9,11): 0.006
(13,9): 0.026
(3,5): 0.003
(12,18): 0.001
(8,2): 0.004
(17,6): 0.002
(4,9): 0.005
(15,1): 0.002
(16,3): 0.002
(17,13): 0.017
(14,9): 0.005
(16,12): 0.007
(15,6): 0.004
(6,9): 0.005
(16,15): 0.009
(18,5): 0.002
(18,9): 0.033
(12,27): 0.001
(12,21): 0.009
(15,29): 0.003
(16,7): 0.005
(19,10): 0.002
(13,8): 0.003
(14,28): 0.004
(15,10): 0.004
(8,5): 0.003
(11,11): 0.019
(17,12): 0.003
(16,25): 0.008
(14,16): 0.002
(17,9): 0.007
(16,2): 0.012
(4,6): 0.001
(11,5): 0.002
(15,7): 0.003
(4,5): 0.006
(27,24): 0.002
(6,7): 0.003
(14,7): 0.003
(25,20): 0.003
(23,14): 0.002
(9,8): 0.002
(20,8): 0.003
(12,8): 0.001
(13,10): 0.005
(7,6): 0.01
(24,2): 0.005
(15,17): 0.001
(15,21): 0.001
(16,1): 0.008
(22,6): 0.001
(28,22): 0.002
(7,9): 0.005
(25,18): 0.001
(15,13): 0.007
(6,10): 0.008
(13,14): 0.003
(20,18): 0.002
(10,1): 0.008
(25,5): 0.002
(15,14): 0.007
(10,10): 0.006
(18,17): 0.001
(6,6): 0.012
(5,14): 0.006
(12,14): 0.005
(17,22): 0.003
(13,12): 0.014
(11,19): 0.003
(17,17): 0.001
(9,4): 0.005
(20,5): 0.003
(18,19): 0.003
(14,5): 0.003
(11,10): 0.003
(9,3): 0.002
(22,5): 0.001
(7,13): 0.001
(11,13): 0.005
(19,12): 0.002
(14,4): 0.003
(17,8): 0.002
(20,11): 0.002
(16,5): 0.003
(17,15): 0.001
(12,16): 0.002
(21,11): 0.001
(7,8): 0.003
(16,9): 0.003
(9,7): 0.003
(27,6): 0.004
(6,13): 0.001
(0,18): 0.002
(23,10): 0.004
(16,11): 0.004
(16,17): 0.002
(12,11): 0.006
(5,8): 0.003
(16,23): 0.004
(9,9): 0.001
(7,11): 0.004
(14,21): 0.002
(16,14): 0.005
(18,15): 0.002
(26,7): 0.004
(23,9): 0.002
(2,7): 0.003
(12,4): 0.002
(18,2): 0.002
(24,11): 0.003
(13,11): 0.004
(21,10): 0.004
(13,0): 0.008
(12,7): 0.004
(26,6): 0.003
(19,9): 0.003
(13,2): 0.001
(20,17): 0.002
(26,23): 0.002
(12,17): 0.001
(28,11): 0.003
(5,6): 0.002
(7,2): 0.003
(18,24): 0.002
(5,7): 0.002
(13,3): 0.002
(18,6): 0.004
(19,7): 0.003
(30,13): 0.001
(24,9): 0.003
(14,8): 0.003
(19,0): 0.003
(8,6): 0.001
(5,11): 0.001
(13,19): 0.002
(11,2): 0.002
(9,10): 0.002
(26,15): 0.001
(11,8): 0.002
(7,7): 0.003
(10,13): 0.001
(3,10): 0.003
(2,8): 0.002
(18,10): 0.009
(14,11): 0.004
(18,20): 0.003
(17,7): 0.001
(24,21): 0.003
(16,6): 0.003
(23,17): 0.002
(15,12): 0.006
(27,21): 0.004
(19,11): 0.002
(25,22): 0.004
(20,7): 0.002
(14,15): 0.002
(16,8): 0.001
(18,14): 0.002
(4,7): 0.001
(17,4): 0.001
(13,7): 0.001
(6,11): 0.001
(18,0): 0.001
(18,11): 0.003
(14,6): 0.001
(11,3): 0.001
(12,6): 0.002
(18,1): 0.001
(12,29): 0.001
(3,7): 0.003
(24,25): 0.001
(16,28): 0.001
(24,14): 0.001
(16,21): 0.001
(14,14): 0.003
(11,14): 0.002
(11,9): 0.001
(9,16): 0.002
(29,10): 0.002
(13,17): 0.001
(22,3): 0.002
(16,4): 0.001
(12,22): 0.001
(19,13): 0.001
(20,9): 0.003
(15,8): 0.003
(20,0): 0.001
(15,22): 0.001
(26,20): 0.001
(18,16): 0.001
(18,7): 0.001
(19,17): 0.002
(22,14): 0.001
(17,18): 0.001
(15,5): 0.001
(16,18): 0.001
(6,3): 0.001
(14,1): 0.001
(15,19): 0.001
(27,20): 0.001
(13,26): 0.001
(15,11): 0.002
(7,10): 0.003
(13,20): 0.001
(10,5): 0.001
(24,8): 0.001
(17,14): 0.001
(28,16): 0.002
(18,8): 0.001
(13,6): 0.002
(9,6): 0.001
(13,18): 0.001
(18,12): 0.001
(19,14): 0.001
(5,13): 0.001
(15,26): 0.002
(4,10): 0.001
(16,26): 0.001
(27,18): 0.001
(8,7): 0.001
(22,2): 0.001
(7,5): 0.001
(11,12): 0.001
(12,12): 0.001
(11,29): 0.001
(25,17): 0.001
(26,5): 0.001
(22,8): 0.001
(12,19): 0.001
(10,2): 0.001
