((5,9)(5,9)) 0.8401759530791789
((5,9)(4,3)) 0.004398826979472141
((5,9)(5,8)) 0.02785923753665689
((5,9)(5,5)) 0.020527859237536656
((5,9)(4,8)) 0.005865102639296188
((5,9)(5,7)) 0.02785923753665689
((5,9)(4,9)) 0.008797653958944282
((5,9)(3,6)) 0.001466275659824047
((5,9)(3,3)) 0.001466275659824047
((5,9)(7,6)) 0.007331378299120235
((5,9)(4,4)) 0.01906158357771261
((5,9)(4,7)) 0.001466275659824047
((5,9)(5,4)) 0.01466275659824047
((5,9)(6,3)) 0.001466275659824047
((5,9)(5,3)) 0.004398826979472141
((5,9)(5,6)) 0.002932551319648094
((5,9)(6,4)) 0.004398826979472141
((5,9)(6,5)) 0.001466275659824047
((5,9)(6,8)) 0.001466275659824047
((5,9)(8,2)) 0.001466275659824047
((5,9)(6,6)) 0.001466275659824047
((4,3)(4,3)) 0.8052373158756138
((4,3)(5,4)) 0.023731587561374796
((4,3)(5,3)) 0.03273322422258593
((4,3)(2,2)) 0.007364975450081833
((4,3)(4,2)) 0.01309328968903437
((4,3)(4,4)) 0.024277141298417893
((4,3)(4,0)) 0.0016366612111292963
((4,3)(3,2)) 0.007364975450081833
((4,3)(3,3)) 0.02182214948172395
((4,3)(6,5)) 0.0016366612111292963
((4,3)(2,0)) 0.001363884342607747
((4,3)(3,1)) 0.005455537370430988
((4,3)(1,4)) 0.0005455537370430987
((4,3)(8,2)) 0.00027277686852154935
((4,3)(9,5)) 0.00027277686852154935
((4,3)(5,2)) 0.007364975450081833
((4,3)(5,5)) 0.0024549918166939444
((4,3)(8,4)) 0.00027277686852154935
((4,3)(5,0)) 0.002182214948172395
((4,3)(2,3)) 0.0038188761593016913
((4,3)(6,3)) 0.01309328968903437
((4,3)(6,2)) 0.001363884342607747
((4,3)(6,0)) 0.001363884342607747
((4,3)(1,1)) 0.002727768685215494
((4,3)(6,6)) 0.002727768685215494
((4,3)(7,1)) 0.0008183306055646482
((4,3)(5,9)) 0.0005455537370430987
((4,3)(3,6)) 0.00027277686852154935
((4,3)(8,3)) 0.0005455537370430987
((4,3)(9,8)) 0.00027277686852154935
((4,3)(6,9)) 0.0016366612111292963
((4,3)(7,3)) 0.0010911074740861974
((4,3)(2,1)) 0.0005455537370430987
((4,3)(4,5)) 0.0008183306055646482
((4,3)(1,2)) 0.001363884342607747
((4,3)(7,6)) 0.00027277686852154935
((4,3)(4,8)) 0.00027277686852154935
((4,3)(6,4)) 0.0008183306055646482
((4,3)(4,1)) 0.00027277686852154935
((4,3)(3,0)) 0.0008183306055646482
((4,3)(5,8)) 0.0019094380796508457
((4,3)(7,2)) 0.00027277686852154935
((4,3)(1,3)) 0.0005455537370430987
((4,3)(7,0)) 0.00027277686852154935
((4,3)(5,1)) 0.00027277686852154935
((4,3)(4,9)) 0.0008183306055646482
((4,3)(9,4)) 0.00027277686852154935
((4,3)(4,7)) 0.0005455537370430987
((4,3)(7,5)) 0.00027277686852154935
((4,3)(5,6)) 0.00027277686852154935
((5,4)(5,4)) 0.8487314504547631
((5,4)(5,9)) 0.0017552257858624541
((5,4)(5,3)) 0.0205840114887506
((5,4)(5,2)) 0.0036700175522578586
((5,4)(3,6)) 0.0004786979415988511
((5,4)(5,5)) 0.007499601085048668
((5,4)(5,7)) 0.002553055688527206
((5,4)(3,3)) 0.00877612892931227
((5,4)(8,2)) 0.0023934897079942556
((5,4)(6,3)) 0.011169618637306526
((5,4)(4,3)) 0.013563108345300782
((5,4)(4,4)) 0.023934897079942556
((5,4)(3,4)) 0.0007978299026647519
((5,4)(7,2)) 0.0006382639221318015
((5,4)(6,5)) 0.005106111377054412
((5,4)(9,8)) 0.002553055688527206
((5,4)(9,7)) 0.0017552257858624541
((5,4)(2,3)) 0.0027126216690601564
((5,4)(7,7)) 0.0007978299026647519
((5,4)(2,2)) 0.0007978299026647519
((5,4)(4,1)) 0.0009573958831977022
((5,4)(4,5)) 0.00031913196106590075
((5,4)(6,2)) 0.00031913196106590075
((5,4)(5,8)) 0.0022339237274613052
((5,4)(4,9)) 0.0006382639221318015
((5,4)(8,7)) 0.0009573958831977022
((5,4)(5,0)) 0.0023934897079942556
((5,4)(7,3)) 0.003350885591191958
((5,4)(6,4)) 0.006063507260252114
((5,4)(5,1)) 0.0007978299026647519
((5,4)(4,0)) 0.0006382639221318015
((5,4)(3,2)) 0.00031913196106590075
((5,4)(7,4)) 0.0011169618637306526
((5,4)(8,3)) 0.001276527844263603
((5,4)(1,2)) 0.0019147917663954045
((5,4)(3,1)) 0.0007978299026647519
((5,4)(1,4)) 0.00031913196106590075
((5,4)(8,8)) 0.00015956598053295037
((5,4)(4,6)) 0.0011169618637306526
((5,4)(7,6)) 0.0006382639221318015
((5,4)(7,9)) 0.0009573958831977022
((5,4)(7,5)) 0.00015956598053295037
((5,4)(9,2)) 0.001276527844263603
((5,4)(6,6)) 0.0023934897079942556
((5,4)(2,0)) 0.0004786979415988511
((5,4)(7,8)) 0.00015956598053295037
((5,4)(3,0)) 0.00031913196106590075
((5,4)(5,6)) 0.0017552257858624541
((5,4)(4,2)) 0.0019147917663954045
((5,4)(1,3)) 0.0006382639221318015
((5,4)(8,6)) 0.0011169618637306526
((5,4)(1,1)) 0.00031913196106590075
((5,4)(9,6)) 0.00015956598053295037
((5,4)(4,7)) 0.00015956598053295037
((5,4)(9,4)) 0.00015956598053295037
((5,4)(2,1)) 0.00015956598053295037
((5,4)(3,5)) 0.00031913196106590075
((5,4)(10,4)) 0.00031913196106590075
((5,4)(8,0)) 0.00015956598053295037
((5,4)(8,1)) 0.00015956598053295037
((5,4)(6,9)) 0.00031913196106590075
((5,8)(5,8)) 0.8086785009861933
((5,8)(5,9)) 0.0611439842209073
((5,8)(5,7)) 0.03944773175542406
((5,8)(4,4)) 0.015779092702169626
((5,8)(5,5)) 0.01775147928994083
((5,8)(4,9)) 0.005917159763313609
((5,8)(5,6)) 0.0019723865877712033
((5,8)(5,3)) 0.0019723865877712033
((5,8)(5,4)) 0.009861932938856016
((5,8)(4,8)) 0.0039447731755424065
((5,8)(4,5)) 0.0019723865877712033
((5,8)(7,6)) 0.0019723865877712033
((5,8)(7,8)) 0.0019723865877712033
((5,8)(4,3)) 0.009861932938856016
((5,8)(4,7)) 0.0039447731755424065
((5,8)(3,3)) 0.0019723865877712033
((5,8)(9,8)) 0.005917159763313609
((5,8)(8,7)) 0.0019723865877712033
((5,8)(6,5)) 0.0019723865877712033
((5,8)(6,8)) 0.0019723865877712033
((5,2)(5,2)) 0.7440273037542662
((5,2)(5,3)) 0.1296928327645051
((5,2)(2,3)) 0.004550625711035267
((5,2)(4,3)) 0.02844141069397042
((5,2)(6,3)) 0.004550625711035267
((5,2)(4,4)) 0.02957906712172924
((5,2)(3,3)) 0.0022753128555176336
((5,2)(5,4)) 0.012514220705346985
((5,2)(5,0)) 0.007963594994311717
((5,2)(6,2)) 0.004550625711035267
((5,2)(4,2)) 0.007963594994311717
((5,2)(3,2)) 0.0011376564277588168
((5,2)(5,8)) 0.0011376564277588168
((5,2)(3,1)) 0.0011376564277588168
((5,2)(5,1)) 0.006825938566552901
((5,2)(4,5)) 0.0011376564277588168
((5,2)(4,0)) 0.005688282138794084
((5,2)(6,1)) 0.0022753128555176336
((5,2)(9,2)) 0.0011376564277588168
((5,2)(5,9)) 0.0011376564277588168
((5,2)(4,9)) 0.0011376564277588168
((5,2)(7,3)) 0.0011376564277588168
((5,3)(5,3)) 0.759914255091104
((5,3)(5,4)) 0.03804930332261522
((5,3)(7,2)) 0.002947481243301179
((5,3)(8,2)) 0.0037513397642015005
((5,3)(5,2)) 0.031082529474812434
((5,3)(4,3)) 0.03483386923901393
((5,3)(6,4)) 0.0040192926045016075
((5,3)(6,3)) 0.024115755627009645
((5,3)(4,2)) 0.010718113612004287
((5,3)(4,4)) 0.014737406216505895
((5,3)(5,7)) 0.002411575562700965
((5,3)(3,1)) 0.0026795284030010718
((5,3)(3,4)) 0.0002679528403001072
((5,3)(2,3)) 0.001607717041800643
((5,3)(5,1)) 0.003215434083601286
((5,3)(9,8)) 0.0002679528403001072
((5,3)(5,5)) 0.0034833869239013935
((5,3)(3,3)) 0.012057877813504822
((5,3)(4,1)) 0.009110396570203644
((5,3)(5,6)) 0.0018756698821007502
((5,3)(5,0)) 0.005091103965702036
((5,3)(8,0)) 0.0005359056806002144
((5,3)(3,2)) 0.0013397642015005359
((5,3)(4,0)) 0.0053590568060021436
((5,3)(2,2)) 0.0026795284030010718
((5,3)(7,3)) 0.0037513397642015005
((5,3)(6,2)) 0.0010718113612004287
((5,3)(7,1)) 0.0002679528403001072
((5,3)(6,0)) 0.006162915326902465
((5,3)(8,3)) 0.0021436227224008574
((5,3)(5,8)) 0.0002679528403001072
((5,3)(4,6)) 0.0002679528403001072
((5,3)(6,9)) 0.0010718113612004287
((5,3)(1,1)) 0.0005359056806002144
((5,3)(6,1)) 0.0021436227224008574
((5,3)(6,5)) 0.0002679528403001072
((5,3)(4,9)) 0.0010718113612004287
((5,3)(4,7)) 0.0008038585209003215
((5,3)(5,9)) 0.0005359056806002144
((5,3)(4,5)) 0.001607717041800643
((5,3)(3,0)) 0.001607717041800643
((5,3)(6,6)) 0.0002679528403001072
((7,2)(7,2)) 0.6699029126213593
((7,2)(5,3)) 0.05825242718446602
((7,2)(5,2)) 0.038834951456310676
((7,2)(5,4)) 0.038834951456310676
((7,2)(4,3)) 0.019417475728155338
((7,2)(6,3)) 0.038834951456310676
((7,2)(6,2)) 0.04854368932038835
((7,2)(7,3)) 0.038834951456310676
((7,2)(6,5)) 0.019417475728155338
((7,2)(4,2)) 0.009708737864077669
((7,2)(4,4)) 0.009708737864077669
((7,2)(5,9)) 0.009708737864077669
((8,2)(8,2)) 0.7821576763485477
((8,2)(4,4)) 0.029045643153526972
((8,2)(2,3)) 0.002074688796680498
((8,2)(5,4)) 0.03941908713692946
((8,2)(4,3)) 0.004149377593360996
((8,2)(9,2)) 0.01867219917012448
((8,2)(5,3)) 0.01867219917012448
((8,2)(8,3)) 0.01867219917012448
((8,2)(9,3)) 0.01037344398340249
((8,2)(9,4)) 0.002074688796680498
((8,2)(8,4)) 0.002074688796680498
((8,2)(7,3)) 0.008298755186721992
((8,2)(8,1)) 0.022821576763485476
((8,2)(5,7)) 0.006224066390041493
((8,2)(9,5)) 0.002074688796680498
((8,2)(6,3)) 0.014522821576763486
((8,2)(6,4)) 0.002074688796680498
((8,2)(8,0)) 0.004149377593360996
((8,2)(7,2)) 0.002074688796680498
((8,2)(4,8)) 0.006224066390041493
((8,2)(6,0)) 0.002074688796680498
((8,2)(2,2)) 0.002074688796680498
((3,6)(3,6)) 0.8228571428571428
((3,6)(5,4)) 0.017142857142857144
((3,6)(5,9)) 0.022857142857142857
((3,6)(4,7)) 0.02857142857142857
((3,6)(3,1)) 0.005714285714285714
((3,6)(4,6)) 0.03428571428571429
((3,6)(4,5)) 0.005714285714285714
((3,6)(6,9)) 0.005714285714285714
((3,6)(8,6)) 0.011428571428571429
((3,6)(8,7)) 0.005714285714285714
((3,6)(5,3)) 0.011428571428571429
((3,6)(4,4)) 0.017142857142857144
((3,6)(3,9)) 0.005714285714285714
((3,6)(1,4)) 0.005714285714285714
((7,5)(7,5)) 0.5897435897435898
((7,5)(5,4)) 0.05128205128205128
((7,5)(6,5)) 0.1282051282051282
((7,5)(4,2)) 0.07692307692307693
((7,5)(7,4)) 0.1282051282051282
((7,5)(3,3)) 0.02564102564102564
((5,5)(5,5)) 0.7712177121771218
((5,5)(6,5)) 0.006150061500615006
((5,5)(5,9)) 0.012300123001230012
((5,5)(4,1)) 0.0024600246002460025
((5,5)(5,6)) 0.00984009840098401
((5,5)(4,3)) 0.01107011070110701
((5,5)(5,4)) 0.056580565805658053
((5,5)(4,4)) 0.03444034440344403
((5,5)(5,8)) 0.014760147601476014
((5,5)(3,3)) 0.008610086100861008
((5,5)(5,3)) 0.01107011070110701
((5,5)(7,4)) 0.013530135301353014
((5,5)(6,6)) 0.013530135301353014
((5,5)(2,3)) 0.0012300123001230013
((5,5)(4,5)) 0.004920049200492005
((5,5)(6,4)) 0.0036900369003690036
((5,5)(4,2)) 0.008610086100861008
((5,5)(5,7)) 0.006150061500615006
((5,5)(4,6)) 0.0012300123001230013
((5,5)(3,2)) 0.0012300123001230013
((5,5)(4,9)) 0.0012300123001230013
((5,5)(6,3)) 0.0012300123001230013
((5,5)(3,4)) 0.0012300123001230013
((5,5)(7,8)) 0.0012300123001230013
((5,5)(6,1)) 0.0012300123001230013
((5,5)(2,2)) 0.0012300123001230013
((6,5)(6,5)) 0.7509363295880149
((6,5)(6,4)) 0.0449438202247191
((6,5)(3,3)) 0.0018726591760299626
((6,5)(7,5)) 0.0056179775280898875
((6,5)(4,4)) 0.00749063670411985
((6,5)(5,4)) 0.06179775280898876
((6,5)(9,8)) 0.009363295880149813
((6,5)(7,6)) 0.003745318352059925
((6,5)(6,3)) 0.011235955056179775
((6,5)(4,3)) 0.016853932584269662
((6,5)(6,6)) 0.013108614232209739
((6,5)(7,7)) 0.0018726591760299626
((6,5)(8,2)) 0.0018726591760299626
((6,5)(5,5)) 0.013108614232209739
((6,5)(8,4)) 0.00749063670411985
((6,5)(9,4)) 0.009363295880149813
((6,5)(4,2)) 0.00749063670411985
((6,5)(3,6)) 0.0018726591760299626
((6,5)(4,6)) 0.003745318352059925
((6,5)(5,9)) 0.003745318352059925
((6,5)(7,4)) 0.0056179775280898875
((6,5)(8,6)) 0.00749063670411985
((6,5)(4,9)) 0.0018726591760299626
((6,5)(4,7)) 0.0018726591760299626
((6,5)(6,7)) 0.0018726591760299626
((6,5)(5,8)) 0.0018726591760299626
((6,5)(5,3)) 0.0018726591760299626
((6,4)(6,4)) 0.7252747252747253
((6,4)(5,3)) 0.019230769230769232
((6,4)(8,2)) 0.008241758241758242
((6,4)(4,4)) 0.01098901098901099
((6,4)(7,6)) 0.004120879120879121
((6,4)(7,4)) 0.0027472527472527475
((6,4)(6,3)) 0.09065934065934066
((6,4)(5,4)) 0.06318681318681318
((6,4)(6,5)) 0.03159340659340659
((6,4)(6,7)) 0.004120879120879121
((6,4)(6,6)) 0.004120879120879121
((6,4)(5,5)) 0.0027472527472527475
((6,4)(8,4)) 0.0027472527472527475
((6,4)(7,3)) 0.005494505494505495
((6,4)(4,2)) 0.0013736263736263737
((6,4)(4,3)) 0.005494505494505495
((6,4)(9,4)) 0.0013736263736263737
((6,4)(5,2)) 0.0027472527472527475
((6,4)(2,3)) 0.0013736263736263737
((6,4)(5,9)) 0.0027472527472527475
((6,4)(7,2)) 0.0027472527472527475
((6,4)(5,0)) 0.0013736263736263737
((6,4)(1,3)) 0.0013736263736263737
((6,4)(4,5)) 0.0013736263736263737
((6,4)(9,8)) 0.0013736263736263737
((6,4)(5,6)) 0.0013736263736263737
((4,0)(4,0)) 0.9190283400809717
((4,0)(4,3)) 0.002699055330634278
((4,0)(4,2)) 0.009446693657219974
((4,0)(1,2)) 0.002699055330634278
((4,0)(5,3)) 0.029689608636977057
((4,0)(3,0)) 0.001349527665317139
((4,0)(4,4)) 0.002699055330634278
((4,0)(4,1)) 0.014844804318488529
((4,0)(5,4)) 0.006747638326585695
((4,0)(5,0)) 0.002699055330634278
((4,0)(1,4)) 0.001349527665317139
((4,0)(6,2)) 0.002699055330634278
((4,0)(6,3)) 0.002699055330634278
((4,0)(8,4)) 0.001349527665317139
((2,2)(2,2)) 0.7636363636363637
((2,2)(2,3)) 0.012587412587412588
((2,2)(1,2)) 0.043356643356643354
((2,2)(3,3)) 0.04195804195804196
((2,2)(5,4)) 0.002797202797202797
((2,2)(4,3)) 0.032167832167832165
((2,2)(3,1)) 0.006993006993006993
((2,2)(4,4)) 0.019580419580419582
((2,2)(2,1)) 0.012587412587412588
((2,2)(3,2)) 0.013986013986013986
((2,2)(1,1)) 0.009790209790209791
((2,2)(3,0)) 0.013986013986013986
((2,2)(5,5)) 0.0013986013986013986
((2,2)(5,3)) 0.016783216783216783
((2,2)(7,3)) 0.002797202797202797
((2,2)(8,1)) 0.0013986013986013986
((2,2)(5,6)) 0.0013986013986013986
((2,2)(4,1)) 0.0013986013986013986
((2,2)(4,6)) 0.0013986013986013986
((5,7)(5,7)) 0.761344537815126
((5,7)(6,6)) 0.015126050420168067
((5,7)(3,3)) 0.018487394957983194
((5,7)(5,4)) 0.02857142857142857
((5,7)(5,3)) 0.005042016806722689
((5,7)(4,2)) 0.0033613445378151263
((5,7)(4,8)) 0.0067226890756302525
((5,7)(5,9)) 0.020168067226890758
((5,7)(3,9)) 0.0016806722689075631
((5,7)(4,9)) 0.010084033613445379
((5,7)(10,4)) 0.0016806722689075631
((5,7)(9,5)) 0.0016806722689075631
((5,7)(7,7)) 0.0033613445378151263
((5,7)(8,7)) 0.018487394957983194
((5,7)(5,8)) 0.040336134453781515
((5,7)(6,9)) 0.008403361344537815
((5,7)(5,2)) 0.0016806722689075631
((5,7)(4,7)) 0.0067226890756302525
((5,7)(4,4)) 0.018487394957983194
((5,7)(6,8)) 0.0016806722689075631
((5,7)(5,6)) 0.0016806722689075631
((5,7)(8,6)) 0.0016806722689075631
((5,7)(7,6)) 0.0016806722689075631
((5,7)(5,5)) 0.0067226890756302525
((5,7)(9,7)) 0.0016806722689075631
((5,7)(4,5)) 0.0016806722689075631
((5,7)(4,3)) 0.0016806722689075631
((5,7)(6,5)) 0.0016806722689075631
((5,7)(3,6)) 0.0033613445378151263
((5,7)(9,3)) 0.0016806722689075631
((5,7)(8,2)) 0.0033613445378151263
((6,6)(6,6)) 0.68359375
((6,6)(3,3)) 0.02734375
((6,6)(5,7)) 0.03125
((6,6)(4,3)) 0.046875
((6,6)(5,4)) 0.0234375
((6,6)(6,4)) 0.0234375
((6,6)(4,8)) 0.00390625
((6,6)(5,8)) 0.02734375
((6,6)(5,9)) 0.015625
((6,6)(4,4)) 0.01953125
((6,6)(6,5)) 0.03515625
((6,6)(5,6)) 0.0078125
((6,6)(5,3)) 0.01953125
((6,6)(5,5)) 0.0234375
((6,6)(7,3)) 0.00390625
((6,6)(7,9)) 0.00390625
((6,6)(2,2)) 0.00390625
((3,3)(3,3)) 0.775894538606403
((3,3)(6,6)) 0.00423728813559322
((3,3)(5,4)) 0.02448210922787194
((3,3)(6,3)) 0.008945386064030132
((3,3)(4,4)) 0.022598870056497175
((3,3)(3,2)) 0.009416195856873822
((3,3)(5,3)) 0.026365348399246705
((3,3)(4,3)) 0.04096045197740113
((3,3)(3,1)) 0.0023540489642184556
((3,3)(3,4)) 0.005178907721280603
((3,3)(2,3)) 0.03154425612052731
((3,3)(2,2)) 0.010828625235404897
((3,3)(2,0)) 0.0009416195856873823
((3,3)(1,2)) 0.00800376647834275
((3,3)(5,7)) 0.002824858757062147
((3,3)(1,3)) 0.004708097928436911
((3,3)(5,5)) 0.005178907721280603
((3,3)(5,8)) 0.0009416195856873823
((3,3)(1,4)) 0.0018832391713747645
((3,3)(4,5)) 0.0023540489642184556
((3,3)(4,6)) 0.00047080979284369113
((3,3)(5,9)) 0.0009416195856873823
((3,3)(7,3)) 0.0014124293785310734
((3,3)(6,2)) 0.00047080979284369113
((3,3)(4,9)) 0.0009416195856873823
((3,3)(0,2)) 0.0023540489642184556
((3,3)(6,5)) 0.00047080979284369113
((3,3)(6,4)) 0.00047080979284369113
((3,3)(3,6)) 0.00047080979284369113
((3,3)(1,1)) 0.00047080979284369113
((3,3)(4,0)) 0.00047080979284369113
((3,3)(5,0)) 0.00047080979284369113
((3,3)(5,2)) 0.00047080979284369113
((3,3)(7,4)) 0.00047080979284369113
((4,4)(4,4)) 0.7759562841530054
((4,4)(2,3)) 0.00932176149148184
((4,4)(8,2)) 0.00546448087431694
((4,4)(6,3)) 0.01253616200578592
((4,4)(5,4)) 0.05143040822886532
((4,4)(5,3)) 0.015429122468659595
((4,4)(4,3)) 0.02700096432015429
((4,4)(5,2)) 0.0057859209257473485
((4,4)(3,3)) 0.01800064288010286
((4,4)(4,5)) 0.0057859209257473485
((4,4)(4,6)) 0.0048216007714561235
((4,4)(4,2)) 0.0009643201542912247
((4,4)(7,7)) 0.0006428801028608164
((4,4)(3,4)) 0.0032144005143040825
((4,4)(1,2)) 0.007714561234329798
((4,4)(4,1)) 0.0003214400514304082
((4,4)(2,2)) 0.0048216007714561235
((4,4)(5,9)) 0.003857280617164899
((4,4)(6,6)) 0.0022500803600128574
((4,4)(5,6)) 0.0019286403085824494
((4,4)(5,5)) 0.007714561234329798
((4,4)(6,2)) 0.0003214400514304082
((4,4)(9,3)) 0.0003214400514304082
((4,4)(4,7)) 0.0032144005143040825
((4,4)(7,1)) 0.0006428801028608164
((4,4)(1,4)) 0.0025715204114432656
((4,4)(1,3)) 0.0012857602057216328
((4,4)(4,9)) 0.008678881388621022
((4,4)(6,9)) 0.0016072002571520412
((4,4)(5,0)) 0.0009643201542912247
((4,4)(9,2)) 0.0006428801028608164
((4,4)(6,4)) 0.0019286403085824494
((4,4)(6,5)) 0.0016072002571520412
((4,4)(5,7)) 0.0025715204114432656
((4,4)(6,0)) 0.0009643201542912247
((4,4)(7,3)) 0.0012857602057216328
((4,4)(5,1)) 0.0006428801028608164
((4,4)(1,1)) 0.0009643201542912247
((4,4)(3,6)) 0.0006428801028608164
((4,4)(8,3)) 0.0016072002571520412
((4,4)(3,9)) 0.0003214400514304082
((4,4)(9,7)) 0.0006428801028608164
((4,4)(3,2)) 0.0003214400514304082
((4,4)(3,1)) 0.0003214400514304082
((4,4)(4,8)) 0.0003214400514304082
((4,4)(0,3)) 0.0003214400514304082
((4,4)(3,0)) 0.0003214400514304082
((2,3)(2,3)) 0.8428680396643783
((2,3)(4,4)) 0.017543859649122806
((2,3)(3,3)) 0.04424103737604882
((2,3)(5,3)) 0.005339435545385202
((2,3)(1,4)) 0.0030511060259344014
((2,3)(2,2)) 0.01906941266209001
((2,3)(1,3)) 0.01906941266209001
((2,3)(1,2)) 0.016018306636155607
((2,3)(4,3)) 0.013729977116704805
((2,3)(2,1)) 0.0007627765064836003
((2,3)(5,4)) 0.010678871090770405
((2,3)(1,1)) 0.0007627765064836003
((2,3)(2,4)) 0.0038138825324180014
((2,3)(9,4)) 0.0015255530129672007
((2,3)(5,7)) 0.0007627765064836003
((2,3)(5,5)) 0.0007627765064836003
((6,3)(6,3)) 0.7915178571428572
((6,3)(4,4)) 0.020089285714285716
((6,3)(6,4)) 0.03080357142857143
((6,3)(5,4)) 0.029017857142857144
((6,3)(8,0)) 0.005803571428571429
((6,3)(3,3)) 0.00625
((6,3)(4,3)) 0.017410714285714286
((6,3)(5,1)) 0.0004464285714285714
((6,3)(6,2)) 0.01607142857142857
((6,3)(5,3)) 0.04241071428571429
((6,3)(5,2)) 0.0013392857142857143
((6,3)(4,2)) 0.0013392857142857143
((6,3)(9,3)) 0.0004464285714285714
((6,3)(7,2)) 0.002232142857142857
((6,3)(8,7)) 0.0004464285714285714
((6,3)(7,3)) 0.008928571428571428
((6,3)(6,1)) 0.0017857142857142857
((6,3)(8,3)) 0.0008928571428571428
((6,3)(3,4)) 0.0008928571428571428
((6,3)(7,1)) 0.0013392857142857143
((6,3)(8,4)) 0.0004464285714285714
((6,3)(8,2)) 0.0017857142857142857
((6,3)(6,0)) 0.003125
((6,3)(4,9)) 0.0013392857142857143
((6,3)(6,5)) 0.0017857142857142857
((6,3)(9,8)) 0.0008928571428571428
((6,3)(9,7)) 0.0013392857142857143
((6,3)(1,4)) 0.0013392857142857143
((6,3)(8,1)) 0.0004464285714285714
((6,3)(4,5)) 0.003125
((6,3)(5,0)) 0.0004464285714285714
((6,3)(3,1)) 0.0008928571428571428
((6,3)(4,0)) 0.0008928571428571428
((6,3)(1,2)) 0.0008928571428571428
((6,3)(5,5)) 0.0004464285714285714
((6,3)(4,6)) 0.0004464285714285714
((6,3)(3,0)) 0.0004464285714285714
((6,3)(3,2)) 0.0004464285714285714
((4,2)(4,2)) 0.7462871287128713
((4,2)(4,3)) 0.05816831683168317
((4,2)(5,5)) 0.0049504950495049506
((4,2)(5,3)) 0.06435643564356436
((4,2)(3,4)) 0.0024752475247524753
((4,2)(7,5)) 0.0049504950495049506
((4,2)(3,3)) 0.0012376237623762376
((4,2)(6,3)) 0.0049504950495049506
((4,2)(4,1)) 0.039603960396039604
((4,2)(5,4)) 0.019801980198019802
((4,2)(4,0)) 0.008663366336633664
((4,2)(5,2)) 0.008663366336633664
((4,2)(7,3)) 0.0012376237623762376
((4,2)(3,1)) 0.0024752475247524753
((4,2)(3,0)) 0.011138613861386138
((4,2)(9,4)) 0.0012376237623762376
((4,2)(5,0)) 0.0024752475247524753
((4,2)(4,4)) 0.0037128712871287127
((4,2)(1,1)) 0.0049504950495049506
((4,2)(5,7)) 0.0024752475247524753
((4,2)(7,1)) 0.0012376237623762376
((4,2)(6,5)) 0.0037128712871287127
((4,2)(2,2)) 0.0012376237623762376
((6,2)(6,2)) 0.7298245614035088
((6,2)(6,0)) 0.007017543859649123
((6,2)(5,2)) 0.028070175438596492
((6,2)(6,3)) 0.11228070175438597
((6,2)(6,1)) 0.014035087719298246
((6,2)(6,4)) 0.007017543859649123
((6,2)(5,4)) 0.010526315789473684
((6,2)(7,2)) 0.014035087719298246
((6,2)(7,1)) 0.007017543859649123
((6,2)(5,3)) 0.014035087719298246
((6,2)(7,0)) 0.0035087719298245615
((6,2)(4,3)) 0.028070175438596492
((6,2)(3,3)) 0.007017543859649123
((6,2)(4,2)) 0.010526315789473684
((6,2)(4,6)) 0.0035087719298245615
((6,2)(4,0)) 0.0035087719298245615
((6,0)(6,0)) 0.7473684210526316
((6,0)(6,2)) 0.042105263157894736
((6,0)(6,3)) 0.042105263157894736
((6,0)(6,1)) 0.021052631578947368
((6,0)(5,3)) 0.07894736842105263
((6,0)(3,3)) 0.010526315789473684
((6,0)(5,4)) 0.005263157894736842
((6,0)(7,1)) 0.005263157894736842
((6,0)(4,4)) 0.010526315789473684
((6,0)(4,5)) 0.005263157894736842
((6,0)(5,0)) 0.005263157894736842
((6,0)(7,0)) 0.010526315789473684
((6,0)(4,3)) 0.015789473684210527
((4,1)(4,1)) 0.7960992907801419
((4,1)(4,3)) 0.012411347517730497
((4,1)(4,2)) 0.0549645390070922
((4,1)(5,3)) 0.0549645390070922
((4,1)(5,4)) 0.005319148936170213
((4,1)(4,0)) 0.02304964539007092
((4,1)(3,0)) 0.03546099290780142
((4,1)(3,1)) 0.0035460992907801418
((4,1)(5,2)) 0.0017730496453900709
((4,1)(2,2)) 0.008865248226950355
((4,1)(3,3)) 0.0017730496453900709
((4,1)(4,9)) 0.0017730496453900709
((7,7)(7,7)) 0.7222222222222222
((7,7)(8,7)) 0.027777777777777776
((7,7)(4,4)) 0.018518518518518517
((7,7)(5,4)) 0.037037037037037035
((7,7)(5,5)) 0.009259259259259259
((7,7)(9,8)) 0.07407407407407407
((7,7)(7,6)) 0.037037037037037035
((7,7)(4,3)) 0.009259259259259259
((7,7)(6,4)) 0.009259259259259259
((7,7)(7,8)) 0.037037037037037035
((7,7)(5,8)) 0.009259259259259259
((7,7)(5,3)) 0.009259259259259259
((8,7)(8,7)) 0.8451882845188284
((8,7)(5,7)) 0.03765690376569038
((8,7)(9,7)) 0.02510460251046025
((8,7)(6,3)) 0.008368200836820083
((8,7)(7,7)) 0.012552301255230125
((8,7)(7,6)) 0.016736401673640166
((8,7)(6,8)) 0.0041841004184100415
((8,7)(8,6)) 0.0041841004184100415
((8,7)(5,4)) 0.012552301255230125
((8,7)(3,3)) 0.0041841004184100415
((8,7)(9,8)) 0.012552301255230125
((8,7)(6,5)) 0.0041841004184100415
((8,7)(8,2)) 0.0041841004184100415
((8,7)(9,5)) 0.0041841004184100415
((8,7)(7,3)) 0.0041841004184100415
((3,4)(3,4)) 0.7758620689655172
((3,4)(5,3)) 0.022988505747126436
((3,4)(3,3)) 0.040229885057471264
((3,4)(5,4)) 0.034482758620689655
((3,4)(4,6)) 0.005747126436781609
((3,4)(4,4)) 0.06321839080459771
((3,4)(6,3)) 0.011494252873563218
((3,4)(5,0)) 0.005747126436781609
((3,4)(4,9)) 0.011494252873563218
((3,4)(2,3)) 0.005747126436781609
((3,4)(4,8)) 0.005747126436781609
((3,4)(4,3)) 0.005747126436781609
((3,4)(4,5)) 0.005747126436781609
((3,4)(5,5)) 0.005747126436781609
((3,1)(3,1)) 0.7564766839378239
((3,1)(3,2)) 0.04404145077720207
((3,1)(4,3)) 0.05958549222797927
((3,1)(4,4)) 0.0051813471502590676
((3,1)(2,2)) 0.02072538860103627
((3,1)(3,0)) 0.015544041450777202
((3,1)(3,6)) 0.0025906735751295338
((3,1)(1,1)) 0.0025906735751295338
((3,1)(1,2)) 0.007772020725388601
((3,1)(2,0)) 0.010362694300518135
((3,1)(5,3)) 0.025906735751295335
((3,1)(3,3)) 0.015544041450777202
((3,1)(1,4)) 0.0025906735751295338
((3,1)(2,1)) 0.007772020725388601
((3,1)(4,2)) 0.007772020725388601
((3,1)(5,4)) 0.0051813471502590676
((3,1)(6,3)) 0.0025906735751295338
((3,1)(1,3)) 0.0025906735751295338
((3,1)(4,1)) 0.0025906735751295338
((3,1)(7,2)) 0.0025906735751295338
((3,2)(3,2)) 0.7404371584699454
((3,2)(4,3)) 0.08196721311475409
((3,2)(3,3)) 0.04644808743169399
((3,2)(2,3)) 0.00546448087431694
((3,2)(2,2)) 0.02185792349726776
((3,2)(5,4)) 0.01912568306010929
((3,2)(4,5)) 0.00273224043715847
((3,2)(4,2)) 0.00273224043715847
((3,2)(3,1)) 0.04644808743169399
((3,2)(4,4)) 0.01639344262295082
((3,2)(5,3)) 0.00546448087431694
((3,2)(1,1)) 0.00273224043715847
((3,2)(2,4)) 0.00273224043715847
((3,2)(3,0)) 0.00273224043715847
((3,2)(7,1)) 0.00273224043715847
((8,0)(8,0)) 0.8363636363636363
((8,0)(6,3)) 0.05454545454545454
((8,0)(5,0)) 0.030303030303030304
((8,0)(8,1)) 0.03636363636363636
((8,0)(8,2)) 0.012121212121212121
((8,0)(7,3)) 0.006060606060606061
((8,0)(5,3)) 0.006060606060606061
((8,0)(4,4)) 0.006060606060606061
((8,0)(7,1)) 0.006060606060606061
((8,0)(6,0)) 0.006060606060606061
((2,0)(2,0)) 0.7
((2,0)(4,3)) 0.075
((2,0)(3,3)) 0.025
((2,0)(3,2)) 0.025
((2,0)(5,4)) 0.075
((2,0)(5,3)) 0.025
((2,0)(3,1)) 0.05
((2,0)(4,4)) 0.025
((1,4)(1,4)) 0.7883211678832117
((1,4)(4,4)) 0.043795620437956206
((1,4)(2,4)) 0.0072992700729927005
((1,4)(5,8)) 0.0072992700729927005
((1,4)(5,4)) 0.0072992700729927005
((1,4)(3,1)) 0.0072992700729927005
((1,4)(3,3)) 0.08029197080291971
((1,4)(5,1)) 0.0072992700729927005
((1,4)(5,2)) 0.0072992700729927005
((1,4)(6,3)) 0.0072992700729927005
((1,4)(2,3)) 0.021897810218978103
((1,4)(1,3)) 0.0072992700729927005
((1,4)(3,4)) 0.0072992700729927005
((4,5)(4,5)) 0.6882591093117408
((4,5)(5,4)) 0.02834008097165992
((4,5)(4,3)) 0.02834008097165992
((4,5)(4,7)) 0.016194331983805668
((4,5)(4,6)) 0.008097165991902834
((4,5)(4,4)) 0.044534412955465584
((4,5)(3,2)) 0.012145748987854251
((4,5)(5,5)) 0.032388663967611336
((4,5)(5,3)) 0.008097165991902834
((4,5)(4,9)) 0.044534412955465584
((4,5)(3,3)) 0.020242914979757085
((4,5)(3,4)) 0.016194331983805668
((4,5)(5,0)) 0.004048582995951417
((4,5)(6,3)) 0.016194331983805668
((4,5)(4,8)) 0.004048582995951417
((4,5)(5,2)) 0.004048582995951417
((4,5)(6,4)) 0.004048582995951417
((4,5)(1,4)) 0.004048582995951417
((4,5)(3,6)) 0.012145748987854251
((4,5)(7,3)) 0.004048582995951417
((4,6)(4,6)) 0.710691823899371
((4,6)(4,4)) 0.06918238993710692
((4,6)(5,4)) 0.025157232704402517
((4,6)(4,5)) 0.03773584905660377
((4,6)(5,3)) 0.006289308176100629
((4,6)(3,6)) 0.012578616352201259
((4,6)(8,6)) 0.012578616352201259
((4,6)(3,7)) 0.018867924528301886
((4,6)(1,4)) 0.006289308176100629
((4,6)(5,7)) 0.006289308176100629
((4,6)(3,3)) 0.012578616352201259
((4,6)(5,6)) 0.006289308176100629
((4,6)(4,8)) 0.006289308176100629
((4,6)(4,3)) 0.025157232704402517
((4,6)(7,3)) 0.006289308176100629
((4,6)(4,7)) 0.025157232704402517
((4,6)(6,8)) 0.012578616352201259
((5,1)(5,1)) 0.8318965517241379
((5,1)(5,3)) 0.06896551724137931
((5,1)(4,4)) 0.01293103448275862
((5,1)(5,2)) 0.017241379310344827
((5,1)(5,0)) 0.05603448275862069
((5,1)(4,2)) 0.008620689655172414
((5,1)(5,4)) 0.004310344827586207
((7,6)(7,6)) 0.75
((7,6)(5,3)) 0.009615384615384616
((7,6)(6,5)) 0.009615384615384616
((7,6)(9,8)) 0.009615384615384616
((7,6)(7,7)) 0.019230769230769232
((7,6)(5,9)) 0.057692307692307696
((7,6)(6,4)) 0.057692307692307696
((7,6)(8,7)) 0.038461538461538464
((7,6)(5,6)) 0.009615384615384616
((7,6)(5,4)) 0.009615384615384616
((7,6)(4,3)) 0.009615384615384616
((7,6)(6,3)) 0.009615384615384616
((7,6)(3,3)) 0.009615384615384616
((9,8)(9,8)) 0.7196652719665272
((9,8)(7,6)) 0.008368200836820083
((9,8)(6,5)) 0.03347280334728033
((9,8)(9,7)) 0.06276150627615062
((9,8)(5,4)) 0.06276150627615062
((9,8)(7,7)) 0.02510460251046025
((9,8)(8,6)) 0.0041841004184100415
((9,8)(8,8)) 0.03347280334728033
((9,8)(8,4)) 0.0041841004184100415
((9,8)(6,4)) 0.016736401673640166
((9,8)(8,7)) 0.012552301255230125
((9,8)(6,3)) 0.0041841004184100415
((9,8)(5,8)) 0.008368200836820083
((9,8)(5,9)) 0.0041841004184100415
((4,8)(4,8)) 0.7007299270072993
((4,8)(5,9)) 0.029197080291970802
((4,8)(4,9)) 0.058394160583941604
((4,8)(5,7)) 0.072992700729927
((4,8)(9,3)) 0.051094890510948905
((4,8)(4,4)) 0.0072992700729927005
((4,8)(4,7)) 0.0072992700729927005
((4,8)(5,8)) 0.014598540145985401
((4,8)(4,3)) 0.0072992700729927005
((4,8)(5,4)) 0.0072992700729927005
((4,8)(8,2)) 0.021897810218978103
((4,8)(4,5)) 0.0072992700729927005
((4,8)(8,7)) 0.0072992700729927005
((4,8)(9,5)) 0.0072992700729927005
((4,9)(4,9)) 0.832391713747646
((4,9)(4,8)) 0.013182674199623353
((4,9)(5,7)) 0.011299435028248588
((4,9)(4,5)) 0.02071563088512241
((4,9)(9,4)) 0.003766478342749529
((4,9)(3,9)) 0.003766478342749529
((4,9)(5,9)) 0.007532956685499058
((4,9)(5,4)) 0.015065913370998116
((4,9)(5,5)) 0.003766478342749529
((4,9)(6,3)) 0.0018832391713747645
((4,9)(4,3)) 0.011299435028248588
((4,9)(4,4)) 0.04143126177024482
((4,9)(5,6)) 0.007532956685499058
((4,9)(2,2)) 0.0018832391713747645
((4,9)(3,3)) 0.003766478342749529
((4,9)(5,8)) 0.003766478342749529
((4,9)(5,3)) 0.005649717514124294
((4,9)(1,4)) 0.0018832391713747645
((4,9)(3,6)) 0.0018832391713747645
((4,9)(4,7)) 0.0018832391713747645
((4,9)(8,1)) 0.0018832391713747645
((4,9)(10,4)) 0.0018832391713747645
((4,9)(9,6)) 0.0018832391713747645
((5,6)(5,6)) 0.7175141242937854
((5,6)(4,9)) 0.03954802259887006
((5,6)(5,3)) 0.05649717514124294
((5,6)(6,6)) 0.01694915254237288
((5,6)(5,7)) 0.005649717514124294
((5,6)(5,8)) 0.011299435028248588
((5,6)(5,9)) 0.005649717514124294
((5,6)(5,4)) 0.1016949152542373
((5,6)(4,4)) 0.005649717514124294
((5,6)(4,3)) 0.005649717514124294
((5,6)(4,0)) 0.005649717514124294
((5,6)(5,5)) 0.022598870056497175
((5,6)(6,5)) 0.005649717514124294
((4,7)(4,7)) 0.738562091503268
((4,7)(5,7)) 0.0196078431372549
((4,7)(3,6)) 0.026143790849673203
((4,7)(4,4)) 0.05228758169934641
((4,7)(4,6)) 0.0392156862745098
((4,7)(3,7)) 0.026143790849673203
((4,7)(4,5)) 0.026143790849673203
((4,7)(5,5)) 0.006535947712418301
((4,7)(5,4)) 0.013071895424836602
((4,7)(5,3)) 0.006535947712418301
((4,7)(6,8)) 0.013071895424836602
((4,7)(5,8)) 0.013071895424836602
((4,7)(3,4)) 0.006535947712418301
((4,7)(4,8)) 0.013071895424836602
((3,9)(3,9)) 0.5
((3,9)(4,9)) 0.4
((3,9)(6,3)) 0.1
((9,7)(9,7)) 0.7661691542288557
((9,7)(9,8)) 0.0845771144278607
((9,7)(5,4)) 0.03980099502487562
((9,7)(8,7)) 0.024875621890547265
((9,7)(4,4)) 0.029850746268656716
((9,7)(8,6)) 0.014925373134328358
((9,7)(5,3)) 0.004975124378109453
((9,7)(8,4)) 0.014925373134328358
((9,7)(6,3)) 0.014925373134328358
((9,7)(7,2)) 0.004975124378109453
((1,2)(1,2)) 0.782608695652174
((1,2)(5,4)) 0.01987577639751553
((1,2)(3,3)) 0.02360248447204969
((1,2)(4,3)) 0.004968944099378882
((1,2)(4,4)) 0.02360248447204969
((1,2)(1,3)) 0.05341614906832298
((1,2)(2,2)) 0.02857142857142857
((1,2)(3,0)) 0.017391304347826087
((1,2)(2,1)) 0.0037267080745341614
((1,2)(4,2)) 0.0012422360248447205
((1,2)(1,1)) 0.0012422360248447205
((1,2)(2,3)) 0.02360248447204969
((1,2)(3,1)) 0.002484472049689441
((1,2)(5,3)) 0.002484472049689441
((1,2)(0,2)) 0.006211180124223602
((1,2)(4,0)) 0.0012422360248447205
((1,2)(6,3)) 0.0012422360248447205
((1,2)(6,6)) 0.0012422360248447205
((1,2)(5,6)) 0.0012422360248447205
((9,5)(9,5)) 0.7777777777777778
((9,5)(8,2)) 0.037037037037037035
((9,5)(9,4)) 0.037037037037037035
((9,5)(5,3)) 0.037037037037037035
((9,5)(9,3)) 0.037037037037037035
((9,5)(8,7)) 0.037037037037037035
((9,5)(6,8)) 0.037037037037037035
((1,3)(1,3)) 0.721875
((1,3)(1,2)) 0.121875
((1,3)(3,3)) 0.025
((1,3)(5,4)) 0.015625
((1,3)(2,3)) 0.078125
((1,3)(3,0)) 0.00625
((1,3)(4,4)) 0.01875
((1,3)(4,3)) 0.003125
((1,3)(1,4)) 0.00625
((1,3)(2,2)) 0.003125
((8,4)(8,4)) 0.6833333333333333
((8,4)(6,5)) 0.08333333333333333
((8,4)(7,4)) 0.05
((8,4)(6,3)) 0.03333333333333333
((8,4)(9,5)) 0.016666666666666666
((8,4)(9,8)) 0.016666666666666666
((8,4)(9,4)) 0.03333333333333333
((8,4)(3,3)) 0.016666666666666666
((8,4)(6,4)) 0.016666666666666666
((8,4)(8,7)) 0.016666666666666666
((8,4)(9,7)) 0.03333333333333333
((9,4)(9,4)) 0.7254901960784313
((9,4)(6,5)) 0.058823529411764705
((9,4)(8,4)) 0.029411764705882353
((9,4)(10,4)) 0.029411764705882353
((9,4)(5,9)) 0.0196078431372549
((9,4)(5,7)) 0.00980392156862745
((9,4)(4,9)) 0.0196078431372549
((9,4)(4,2)) 0.00980392156862745
((9,4)(9,3)) 0.0196078431372549
((9,4)(8,2)) 0.0196078431372549
((9,4)(6,3)) 0.00980392156862745
((9,4)(2,3)) 0.00980392156862745
((9,4)(4,4)) 0.00980392156862745
((9,4)(4,3)) 0.00980392156862745
((9,4)(6,4)) 0.00980392156862745
((9,4)(8,7)) 0.00980392156862745
((7,4)(7,4)) 0.7090909090909091
((7,4)(9,4)) 0.01818181818181818
((7,4)(5,5)) 0.12727272727272726
((7,4)(7,3)) 0.00909090909090909
((7,4)(9,8)) 0.00909090909090909
((7,4)(4,4)) 0.00909090909090909
((7,4)(7,5)) 0.045454545454545456
((7,4)(5,4)) 0.05454545454545454
((7,4)(6,5)) 0.00909090909090909
((7,4)(4,3)) 0.00909090909090909
((6,1)(6,1)) 0.7126436781609196
((6,1)(5,2)) 0.034482758620689655
((6,1)(6,0)) 0.034482758620689655
((6,1)(6,3)) 0.034482758620689655
((6,1)(5,3)) 0.08045977011494253
((6,1)(7,1)) 0.011494252873563218
((6,1)(6,2)) 0.05747126436781609
((6,1)(5,1)) 0.022988505747126436
((6,1)(4,2)) 0.011494252873563218
((9,3)(9,3)) 0.7068965517241379
((9,3)(8,2)) 0.08620689655172414
((9,3)(4,8)) 0.13793103448275862
((9,3)(5,4)) 0.017241379310344827
((9,3)(5,0)) 0.017241379310344827
((9,3)(4,4)) 0.017241379310344827
((9,3)(5,7)) 0.017241379310344827
((9,2)(9,2)) 0.7555555555555555
((9,2)(8,2)) 0.1111111111111111
((9,2)(8,3)) 0.011111111111111112
((9,2)(7,3)) 0.044444444444444446
((9,2)(5,4)) 0.05555555555555555
((9,2)(4,4)) 0.011111111111111112
((9,2)(5,3)) 0.011111111111111112
((8,6)(8,6)) 0.7676767676767676
((8,6)(9,7)) 0.010101010101010102
((8,6)(9,6)) 0.010101010101010102
((8,6)(7,7)) 0.010101010101010102
((8,6)(3,6)) 0.030303030303030304
((8,6)(8,7)) 0.010101010101010102
((8,6)(5,4)) 0.06060606060606061
((8,6)(6,5)) 0.050505050505050504
((8,6)(9,4)) 0.010101010101010102
((8,6)(5,7)) 0.010101010101010102
((8,6)(4,2)) 0.010101010101010102
((8,6)(5,3)) 0.010101010101010102
((8,6)(4,6)) 0.010101010101010102
((5,0)(5,0)) 0.8477443609022557
((5,0)(5,1)) 0.015037593984962405
((5,0)(5,2)) 0.011278195488721804
((5,0)(4,3)) 0.016917293233082706
((5,0)(5,3)) 0.03571428571428571
((5,0)(4,4)) 0.0018796992481203006
((5,0)(3,3)) 0.005639097744360902
((5,0)(8,0)) 0.009398496240601503
((5,0)(5,4)) 0.03759398496240601
((5,0)(4,2)) 0.005639097744360902
((5,0)(2,1)) 0.0018796992481203006
((5,0)(4,0)) 0.007518796992481203
((5,0)(6,0)) 0.0037593984962406013
((2,1)(2,1)) 0.7142857142857143
((2,1)(2,2)) 0.08571428571428572
((2,1)(1,2)) 0.05714285714285714
((2,1)(3,1)) 0.07142857142857142
((2,1)(4,4)) 0.02857142857142857
((2,1)(5,4)) 0.014285714285714285
((2,1)(3,3)) 0.02857142857142857
((7,3)(7,3)) 0.8100436681222707
((7,3)(6,3)) 0.05021834061135371
((7,3)(5,4)) 0.028384279475982533
((7,3)(5,3)) 0.024017467248908297
((7,3)(8,2)) 0.015283842794759825
((7,3)(7,4)) 0.002183406113537118
((7,3)(5,2)) 0.002183406113537118
((7,3)(7,2)) 0.002183406113537118
((7,3)(8,3)) 0.006550218340611353
((7,3)(6,4)) 0.019650655021834062
((7,3)(8,1)) 0.002183406113537118
((7,3)(3,3)) 0.006550218340611353
((7,3)(6,9)) 0.002183406113537118
((7,3)(9,2)) 0.004366812227074236
((7,3)(6,5)) 0.004366812227074236
((7,3)(3,6)) 0.002183406113537118
((7,3)(4,4)) 0.004366812227074236
((7,3)(9,4)) 0.002183406113537118
((7,3)(2,2)) 0.002183406113537118
((7,3)(9,3)) 0.002183406113537118
((7,3)(8,4)) 0.002183406113537118
((7,3)(5,7)) 0.002183406113537118
((7,3)(4,5)) 0.002183406113537118
((7,1)(7,1)) 0.782051282051282
((7,1)(9,7)) 0.01282051282051282
((7,1)(6,2)) 0.01282051282051282
((7,1)(4,3)) 0.02564102564102564
((7,1)(6,3)) 0.07692307692307693
((7,1)(5,3)) 0.02564102564102564
((7,1)(5,4)) 0.02564102564102564
((7,1)(6,1)) 0.01282051282051282
((7,1)(7,2)) 0.01282051282051282
((7,1)(4,6)) 0.01282051282051282
((9,6)(9,6)) 0.7142857142857143
((9,6)(8,6)) 0.07142857142857142
((9,6)(9,7)) 0.07142857142857142
((9,6)(7,1)) 0.07142857142857142
((9,6)(9,4)) 0.07142857142857142
((1,1)(1,1)) 0.76
((1,1)(4,3)) 0.072
((1,1)(1,4)) 0.008
((1,1)(2,2)) 0.048
((1,1)(4,2)) 0.048
((1,1)(5,3)) 0.008
((1,1)(5,4)) 0.024
((1,1)(4,4)) 0.016
((1,1)(4,9)) 0.008
((1,1)(2,3)) 0.008
((6,7)(6,7)) 0.68
((6,7)(6,4)) 0.08
((6,7)(6,8)) 0.16
((6,7)(3,4)) 0.04
((6,7)(7,8)) 0.04
((3,0)(3,0)) 0.873581847649919
((3,0)(1,2)) 0.019448946515397084
((3,0)(2,3)) 0.0016207455429497568
((3,0)(3,1)) 0.017828200972447326
((3,0)(2,2)) 0.012965964343598054
((3,0)(1,3)) 0.0032414910858995136
((3,0)(4,1)) 0.04051863857374392
((3,0)(4,2)) 0.014586709886547812
((3,0)(5,3)) 0.004862236628849271
((3,0)(3,2)) 0.0032414910858995136
((3,0)(6,2)) 0.0016207455429497568
((3,0)(6,3)) 0.0032414910858995136
((3,0)(4,3)) 0.0032414910858995136
((8,3)(8,3)) 0.7196969696969697
((8,3)(7,3)) 0.022727272727272728
((8,3)(9,3)) 0.007575757575757576
((8,3)(9,2)) 0.007575757575757576
((8,3)(5,4)) 0.05303030303030303
((8,3)(8,2)) 0.06060606060606061
((8,3)(6,3)) 0.022727272727272728
((8,3)(5,3)) 0.045454545454545456
((8,3)(4,3)) 0.015151515151515152
((8,3)(4,8)) 0.007575757575757576
((8,3)(4,4)) 0.03787878787878788
((2,4)(2,4)) 0.625
((2,4)(2,3)) 0.3125
((2,4)(3,2)) 0.0625
((10,4)(10,4)) 0.5
((10,4)(9,4)) 0.3125
((10,4)(5,4)) 0.1875
((8,8)(8,8)) 0.7391304347826086
((8,8)(9,8)) 0.1956521739130435
((8,8)(5,4)) 0.021739130434782608
((8,8)(7,7)) 0.021739130434782608
((8,8)(7,9)) 0.021739130434782608
((6,9)(6,9)) 0.6973684210526315
((6,9)(4,3)) 0.07894736842105263
((6,9)(3,6)) 0.013157894736842105
((6,9)(5,3)) 0.09210526315789473
((6,9)(4,4)) 0.02631578947368421
((6,9)(5,7)) 0.07894736842105263
((6,9)(6,5)) 0.013157894736842105
((6,8)(6,8)) 0.7846153846153846
((6,8)(9,8)) 0.015384615384615385
((6,8)(5,7)) 0.015384615384615385
((6,8)(3,3)) 0.015384615384615385
((6,8)(6,7)) 0.06153846153846154
((6,8)(3,6)) 0.046153846153846156
((6,8)(4,6)) 0.015384615384615385
((6,8)(7,8)) 0.03076923076923077
((6,8)(9,5)) 0.015384615384615385
((7,9)(7,9)) 0.7241379310344828
((7,9)(5,5)) 0.034482758620689655
((7,9)(5,4)) 0.13793103448275862
((7,9)(6,8)) 0.034482758620689655
((7,9)(8,8)) 0.034482758620689655
((7,9)(7,8)) 0.034482758620689655
((7,8)(7,8)) 0.6785714285714286
((7,8)(7,7)) 0.10714285714285714
((7,8)(8,8)) 0.07142857142857142
((7,8)(6,8)) 0.03571428571428571
((7,8)(5,4)) 0.07142857142857142
((7,8)(5,3)) 0.03571428571428571
((7,0)(7,0)) 0.6428571428571429
((7,0)(6,1)) 0.07142857142857142
((7,0)(6,0)) 0.2857142857142857
((3,7)(3,7)) 0.7714285714285715
((3,7)(4,5)) 0.02857142857142857
((3,7)(3,6)) 0.08571428571428572
((3,7)(4,7)) 0.11428571428571428
((8,1)(8,1)) 0.8275862068965517
((8,1)(5,3)) 0.008620689655172414
((8,1)(4,3)) 0.008620689655172414
((8,1)(7,3)) 0.008620689655172414
((8,1)(8,2)) 0.06896551724137931
((8,1)(8,6)) 0.008620689655172414
((8,1)(8,0)) 0.02586206896551724
((8,1)(9,2)) 0.008620689655172414
((8,1)(4,9)) 0.008620689655172414
((8,1)(7,2)) 0.008620689655172414
((8,1)(2,2)) 0.008620689655172414
((8,1)(3,3)) 0.008620689655172414
((0,2)(0,2)) 0.6666666666666666
((0,2)(0,3)) 0.06666666666666667
((0,2)(5,3)) 0.13333333333333333
((0,2)(1,2)) 0.13333333333333333
((0,3)(0,3)) 0.7142857142857143
((0,3)(1,2)) 0.21428571428571427
((0,3)(0,2)) 0.07142857142857142
((3,5)(3,5)) 0.5
((3,5)(5,4)) 0.25
((3,5)(7,2)) 0.25
