((5,9)(5,9)) 573
((5,9)(4,3)) 3
((4,3)(4,3)) 2952
((4,3)(5,4)) 87
((5,4)(5,4)) 5319
((5,4)(5,9)) 11
((5,9)(5,8)) 19
((5,8)(5,8)) 410
((5,8)(5,9)) 31
((5,2)(5,2)) 654
((5,2)(5,3)) 114
((5,3)(5,3)) 2836
((5,3)(5,4)) 142
((5,4)(5,3)) 129
((5,3)(7,2)) 11
((7,2)(7,2)) 69
((7,2)(5,3)) 6
((7,2)(5,2)) 4
((5,4)(5,2)) 23
((5,3)(8,2)) 14
((8,2)(8,2)) 377
((5,4)(3,6)) 3
((3,6)(3,6)) 144
((3,6)(5,4)) 3
((7,5)(7,5)) 23
((7,5)(5,4)) 2
((5,4)(5,5)) 47
((5,5)(5,5)) 627
((5,5)(6,5)) 5
((6,5)(6,5)) 401
((6,5)(6,4)) 24
((6,4)(6,4)) 528
((6,4)(5,3)) 14
((5,3)(5,2)) 116
((4,0)(4,0)) 681
((4,0)(4,3)) 2
((4,3)(5,3)) 120
((5,3)(4,3)) 130
((4,3)(2,2)) 27
((2,2)(2,2)) 546
((5,7)(5,7)) 453
((5,7)(6,6)) 9
((6,6)(6,6)) 175
((6,6)(3,3)) 7
((3,3)(3,3)) 1648
((3,3)(6,6)) 9
((3,3)(5,4)) 52
((5,4)(5,7)) 16
((5,7)(3,3)) 11
((6,6)(5,7)) 8
((5,7)(5,4)) 17
((5,4)(3,3)) 55
((8,2)(4,4)) 14
((4,4)(4,4)) 2414
((4,4)(2,3)) 29
((2,3)(2,3)) 1105
((2,3)(4,4)) 23
((4,4)(8,2)) 17
((8,2)(2,3)) 1
((8,2)(5,4)) 19
((5,3)(6,4)) 15
((6,4)(8,2)) 6
((5,4)(8,2)) 15
((4,4)(6,3)) 39
((6,3)(6,3)) 1773
((6,3)(4,4)) 45
((4,4)(5,4)) 160
((5,4)(6,3)) 70
((4,4)(5,3)) 48
((5,3)(6,3)) 90
((6,3)(6,4)) 69
((6,4)(4,4)) 8
((4,4)(4,3)) 84
((2,2)(2,3)) 9
((2,3)(3,3)) 58
((4,2)(4,2)) 603
((4,2)(4,3)) 47
((4,3)(4,2)) 48
((4,3)(4,4)) 89
((5,3)(4,2)) 40
((4,2)(5,5)) 4
((6,2)(6,2)) 208
((6,2)(6,0)) 2
((6,0)(6,0)) 142
((6,0)(6,2)) 8
((6,2)(5,2)) 8
((5,3)(4,4)) 55
((4,4)(5,2)) 18
((5,9)(5,5)) 14
((5,5)(5,9)) 10
((5,5)(4,1)) 2
((4,1)(4,1)) 449
((4,1)(4,3)) 7
((4,3)(4,0)) 6
((7,7)(7,7)) 78
((7,7)(8,7)) 3
((8,7)(8,7)) 202
((8,7)(5,7)) 9
((5,2)(2,3)) 4
((2,3)(5,3)) 7
((5,2)(4,3)) 25
((4,2)(5,3)) 52
((5,3)(5,7)) 9
((5,7)(5,3)) 3
((5,7)(4,2)) 2
((4,2)(3,4)) 2
((3,4)(3,4)) 135
((3,4)(5,3)) 4
((5,3)(3,1)) 10
((3,1)(3,1)) 292
((3,1)(3,2)) 17
((3,2)(3,2)) 271
((5,4)(4,3)) 85
((4,3)(3,2)) 27
((3,2)(4,3)) 30
((6,3)(5,4)) 65
((5,4)(4,4)) 150
((6,3)(8,0)) 13
((8,0)(8,0)) 138
((8,0)(6,3)) 9
((3,3)(6,3)) 19
((6,3)(3,3)) 14
((3,3)(4,4)) 48
((4,4)(3,3)) 56
((3,3)(3,2)) 20
((3,2)(3,3)) 17
((3,3)(5,3)) 56
((3,1)(4,3)) 23
((4,3)(3,3)) 80
((3,3)(4,3)) 87
((4,3)(6,5)) 6
((6,5)(3,3)) 1
((3,3)(3,1)) 5
((3,4)(3,3)) 7
((3,3)(3,4)) 11
((3,4)(5,4)) 6
((5,4)(3,4)) 5
((5,3)(3,4)) 1
((4,3)(2,0)) 5
((2,0)(2,0)) 28
((2,0)(4,3)) 3
((4,3)(3,1)) 20
((7,2)(5,4)) 4
((5,4)(7,2)) 4
((7,2)(4,3)) 2
((7,5)(6,5)) 5
((6,5)(7,5)) 3
((7,5)(4,2)) 3
((4,2)(7,5)) 4
((1,4)(1,4)) 108
((1,4)(4,4)) 6
((4,3)(1,4)) 2
((5,3)(2,3)) 6
((2,3)(1,4)) 4
((4,4)(4,5)) 18
((4,5)(4,5)) 170
((4,5)(5,4)) 7
((6,3)(4,3)) 39
((4,5)(4,3)) 7
((3,4)(4,6)) 1
((4,6)(4,6)) 113
((4,6)(4,4)) 11
((4,4)(4,6)) 15
((4,6)(5,4)) 4
((5,1)(5,1)) 193
((5,1)(5,3)) 16
((6,3)(5,1)) 1
((5,1)(4,4)) 3
((4,4)(4,2)) 3
((5,4)(6,5)) 32
((6,5)(4,4)) 4
((5,3)(5,1)) 12
((6,3)(6,2)) 36
((6,2)(6,3)) 32
((6,3)(5,3)) 95
((6,4)(7,6)) 3
((7,6)(7,6)) 78
((7,6)(5,3)) 1
((5,3)(9,8)) 1
((9,8)(9,8)) 172
((9,8)(7,6)) 2
((7,6)(6,5)) 1
((5,9)(4,8)) 4
((4,8)(4,8)) 96
((4,8)(5,9)) 4
((5,9)(5,7)) 19
((5,7)(4,8)) 4
((4,8)(4,9)) 8
((4,9)(4,9)) 442
((4,9)(4,8)) 7
((5,9)(4,9)) 6
((4,8)(5,7)) 10
((5,7)(5,9)) 12
((4,2)(3,3)) 1
((4,9)(5,7)) 6
((5,3)(5,5)) 13
((5,5)(5,6)) 8
((5,6)(5,6)) 127
((5,6)(4,9)) 7
((4,9)(4,5)) 11
((4,5)(4,7)) 4
((4,7)(4,7)) 113
((4,7)(5,7)) 3
((5,7)(3,9)) 1
((3,9)(3,9)) 5
((3,9)(4,9)) 4
((9,7)(9,7)) 154
((9,7)(9,8)) 17
((9,8)(6,5)) 8
((6,5)(5,4)) 33
((6,5)(9,8)) 5
((9,8)(9,7)) 15
((6,5)(7,6)) 2
((7,6)(9,8)) 1
((9,7)(5,4)) 8
((5,4)(9,8)) 16
((5,4)(9,7)) 11
((9,7)(8,7)) 5
((8,7)(9,7)) 6
((5,4)(2,3)) 17
((2,3)(2,2)) 25
((2,2)(1,2)) 31
((1,2)(1,2)) 630
((1,2)(5,4)) 16
((3,3)(2,3)) 67
((1,2)(3,3)) 19
((6,3)(5,2)) 3
((5,2)(6,3)) 4
((7,7)(4,4)) 2
((4,4)(7,7)) 2
((7,7)(5,4)) 4
((5,4)(7,7)) 5
((7,7)(5,5)) 1
((4,3)(8,2)) 1
((8,2)(4,3)) 2
((4,3)(9,5)) 1
((9,5)(9,5)) 21
((9,5)(8,2)) 1
((3,4)(4,4)) 11
((4,4)(3,4)) 10
((5,3)(3,3)) 45
((6,5)(6,3)) 6
((6,3)(4,2)) 3
((4,2)(6,3)) 4
((5,4)(2,2)) 5
((2,2)(3,3)) 30
((3,3)(2,2)) 23
((2,2)(5,4)) 2
((3,3)(2,0)) 2
((2,0)(3,3)) 1
((4,1)(4,2)) 31
((4,2)(4,1)) 32
((4,1)(5,3)) 31
((5,3)(4,1)) 34
((4,1)(5,4)) 3
((5,4)(4,1)) 6
((4,2)(5,4)) 16
((3,3)(1,2)) 17
((2,3)(1,3)) 25
((1,3)(1,3)) 231
((1,3)(1,2)) 39
((2,2)(4,3)) 23
((4,3)(5,2)) 27
((3,3)(5,7)) 6
((5,5)(4,3)) 9
((4,3)(5,5)) 9
((5,5)(5,4)) 46
((4,0)(4,2)) 7
((4,2)(4,0)) 7
((4,0)(1,2)) 2
((1,2)(4,3)) 4
((3,1)(4,4)) 2
((9,8)(5,4)) 15
((4,4)(1,2)) 24
((1,2)(4,4)) 19
((3,3)(1,3)) 10
((4,4)(4,1)) 1
((6,5)(4,3)) 9
((5,4)(4,5)) 2
((5,2)(4,4)) 26
((2,3)(1,2)) 21
((1,2)(1,3)) 43
((1,3)(3,3)) 8
((3,2)(2,3)) 2
((4,3)(8,4)) 1
((8,4)(8,4)) 41
((8,4)(6,5)) 5
((9,4)(9,4)) 74
((9,4)(6,5)) 6
((6,4)(7,4)) 2
((7,4)(7,4)) 78
((7,4)(9,4)) 2
((9,4)(8,4)) 3
((8,4)(7,4)) 3
((6,4)(6,3)) 66
((6,2)(6,1)) 4
((6,1)(6,1)) 62
((6,1)(5,2)) 3
((5,2)(3,3)) 2
((7,2)(6,3)) 4
((6,3)(9,3)) 1
((9,3)(9,3)) 41
((9,3)(8,2)) 5
((8,2)(9,2)) 9
((9,2)(9,2)) 68
((6,3)(7,2)) 5
((9,7)(4,4)) 6
((9,7)(8,6)) 3
((8,6)(8,6)) 76
((8,6)(9,7)) 1
((4,3)(5,0)) 8
((5,0)(5,0)) 451
((5,0)(5,1)) 8
((5,1)(5,2)) 4
((6,2)(6,4)) 2
((6,4)(5,4)) 46
((6,2)(5,4)) 3
((5,4)(6,2)) 2
((5,2)(5,4)) 11
((5,4)(5,8)) 14
((5,8)(5,7)) 20
((5,8)(4,4)) 8
((4,4)(2,2)) 15
((2,2)(3,1)) 5
((3,2)(2,2)) 8
((2,2)(4,4)) 14
((2,2)(2,1)) 9
((2,1)(2,1)) 50
((2,1)(2,2)) 6
((2,2)(3,2)) 10
((8,7)(6,3)) 2
((6,3)(8,7)) 1
((6,2)(7,2)) 4
((7,2)(6,2)) 5
((4,3)(2,3)) 14
((2,3)(4,3)) 18
((7,3)(7,3)) 371
((7,3)(6,3)) 23
((6,3)(7,3)) 20
((4,3)(6,3)) 48
((6,2)(7,1)) 2
((7,1)(7,1)) 61
((7,1)(9,7)) 1
((9,7)(5,3)) 1
((4,6)(4,5)) 6
((4,5)(4,6)) 2
((4,5)(4,4)) 11
((5,6)(5,3)) 10
((5,3)(5,6)) 7
((4,4)(5,9)) 12
((5,4)(4,9)) 4
((4,4)(6,6)) 7
((7,7)(9,8)) 8
((9,8)(7,7)) 6
((8,7)(7,7)) 3
((7,7)(7,6)) 4
((7,6)(7,7)) 2
((9,8)(8,6)) 1
((8,6)(9,6)) 1
((9,6)(9,6)) 10
((9,6)(8,6)) 1
((8,6)(7,7)) 1
((7,7)(4,3)) 1
((4,3)(6,2)) 5
((7,1)(6,2)) 1
((5,4)(8,7)) 6
((4,3)(6,0)) 5
((6,0)(6,3)) 8
((5,0)(5,2)) 6
((5,2)(5,0)) 7
((5,0)(4,3)) 9
((5,3)(5,0)) 19
((5,0)(5,3)) 19
((5,4)(5,0)) 15
((4,3)(1,1)) 10
((1,1)(1,1)) 95
((1,1)(4,3)) 9
((1,1)(1,4)) 1
((6,6)(4,3)) 12
((4,3)(6,6)) 10
((4,3)(7,1)) 3
((7,1)(4,3)) 2
((4,4)(5,6)) 6
((5,6)(6,6)) 3
((6,6)(5,4)) 6
((1,3)(5,4)) 5
((5,3)(8,0)) 2
((2,3)(2,1)) 1
((2,1)(1,2)) 4
((4,3)(5,9)) 2
((5,9)(3,6)) 1
((3,6)(5,9)) 4
((4,3)(3,6)) 1
((7,3)(5,4)) 13
((5,4)(7,3)) 21
((6,4)(6,5)) 23
((6,5)(6,6)) 7
((6,6)(6,4)) 6
((6,4)(6,7)) 3
((6,7)(6,7)) 17
((6,7)(6,4)) 2
((5,4)(6,4)) 38
((6,4)(6,6)) 3
((5,4)(5,1)) 5
((6,3)(6,1)) 4
((6,1)(6,0)) 3
((6,0)(6,1)) 4
((6,1)(6,3)) 3
((4,4)(5,5)) 24
((5,5)(4,4)) 28
((4,0)(5,3)) 22
((5,4)(4,0)) 4
((1,2)(2,2)) 23
((2,2)(1,1)) 7
((1,1)(2,2)) 6
((6,5)(7,7)) 1
((7,7)(6,4)) 1
((5,1)(5,0)) 13
((1,2)(3,0)) 14
((3,0)(3,0)) 539
((3,0)(1,2)) 12
((1,3)(2,3)) 25
((1,3)(3,0)) 2
((3,0)(2,3)) 1
((6,3)(8,3)) 2
((8,3)(8,3)) 95
((8,3)(7,3)) 3
((6,3)(3,4)) 2
((3,4)(6,3)) 2
((4,4)(6,2)) 1
((6,1)(5,3)) 7
((8,2)(5,3)) 9
((5,2)(6,2)) 4
((4,4)(9,3)) 1
((8,2)(8,3)) 9
((8,3)(9,3)) 1
((8,3)(9,2)) 1
((9,2)(8,2)) 10
((8,2)(9,3)) 5
((2,3)(5,4)) 14
((4,4)(4,7)) 10
((4,7)(3,6)) 4
((3,6)(4,7)) 5
((3,0)(3,1)) 11
((3,1)(2,2)) 8
((1,2)(2,1)) 3
((2,1)(3,1)) 5
((3,1)(3,0)) 6
((3,0)(2,2)) 8
((2,2)(3,0)) 10
((4,2)(5,2)) 7
((5,2)(4,2)) 7
((5,5)(5,8)) 12
((5,8)(5,5)) 9
((3,2)(5,4)) 7
((5,5)(3,3)) 7
((3,3)(5,5)) 11
((5,5)(5,3)) 9
((5,3)(3,2)) 5
((2,2)(5,5)) 1
((4,8)(9,3)) 7
((9,3)(4,8)) 8
((9,3)(5,4)) 1
((5,9)(3,3)) 1
((3,3)(5,8)) 2
((4,5)(3,2)) 3
((3,2)(4,5)) 1
((5,4)(3,2)) 2
((5,5)(7,4)) 11
((7,4)(5,5)) 14
((5,4)(7,4)) 7
((5,3)(4,0)) 20
((2,2)(5,3)) 12
((5,3)(2,2)) 10
((3,1)(3,6)) 1
((3,6)(3,1)) 1
((2,1)(4,4)) 2
((6,6)(4,8)) 1
((4,8)(4,4)) 1
((4,3)(8,3)) 2
((8,3)(5,4)) 7
((5,4)(8,3)) 8
((5,4)(1,2)) 12
((7,3)(5,3)) 11
((5,3)(7,3)) 14
((5,3)(6,2)) 4
((6,2)(5,3)) 4
((4,4)(7,1)) 2
((7,1)(6,3)) 6
((6,3)(7,1)) 3
((4,4)(1,4)) 8
((1,4)(2,4)) 1
((2,4)(2,4)) 10
((6,4)(5,5)) 2
((7,3)(8,2)) 7
((8,2)(9,4)) 1
((6,4)(8,4)) 2
((8,4)(6,3)) 2
((6,3)(8,4)) 1
((8,4)(9,5)) 1
((5,3)(7,1)) 1
((7,1)(5,3)) 2
((4,2)(7,3)) 1
((7,3)(7,4)) 1
((7,4)(7,3)) 1
((7,3)(5,2)) 1
((5,2)(3,2)) 1
((3,2)(4,2)) 1
((3,2)(3,1)) 17
((2,3)(1,1)) 1
((7,6)(5,9)) 6
((5,9)(7,6)) 5
((5,9)(4,4)) 13
((7,2)(7,3)) 4
((7,3)(7,2)) 1
((4,0)(3,0)) 1
((1,2)(4,2)) 1
((4,2)(3,1)) 2
((3,1)(1,1)) 1
((1,1)(4,2)) 6
((4,8)(4,7)) 1
((3,6)(4,6)) 6
((5,6)(5,7)) 1
((4,0)(4,4)) 2
((7,1)(5,4)) 2
((3,1)(1,2)) 3
((5,4)(3,1)) 5
((3,1)(2,0)) 4
((6,0)(5,3)) 15
((5,3)(6,0)) 23
((4,9)(9,4)) 2
((9,4)(10,4)) 3
((10,4)(10,4)) 8
((10,4)(9,4)) 5
((9,4)(5,9)) 2
((9,4)(5,7)) 1
((5,7)(4,9)) 6
((4,9)(3,9)) 2
((5,7)(10,4)) 1
((9,4)(4,9)) 2
((4,9)(5,9)) 4
((5,7)(9,5)) 1
((9,5)(9,4)) 1
((5,9)(4,7)) 1
((3,6)(4,5)) 1
((4,5)(5,5)) 8
((5,5)(6,6)) 11
((6,6)(5,8)) 7
((5,8)(4,9)) 3
((1,3)(4,4)) 6
((4,4)(1,3)) 4
((1,2)(1,1)) 1
((7,6)(6,4)) 6
((5,7)(7,7)) 2
((5,4)(1,4)) 2
((1,4)(5,8)) 1
((5,8)(5,6)) 1
((5,6)(5,8)) 2
((8,8)(8,8)) 34
((8,8)(9,8)) 9
((9,8)(8,8)) 8
((5,4)(8,8)) 1
((8,8)(5,4)) 1
((4,3)(9,8)) 1
((9,7)(8,4)) 3
((7,4)(9,8)) 1
((9,8)(8,4)) 1
((8,4)(9,8)) 1
((9,8)(6,4)) 4
((5,3)(8,3)) 8
((7,3)(8,3)) 3
((8,3)(8,2)) 8
((9,2)(8,3)) 1
((8,3)(6,3)) 3
((6,3)(8,2)) 4
((5,9)(5,4)) 10
((5,8)(5,3)) 1
((5,3)(5,8)) 1
((5,8)(5,4)) 5
((6,6)(5,9)) 4
((2,0)(3,2)) 1
((5,6)(5,9)) 1
((5,4)(4,6)) 7
((4,6)(5,3)) 1
((5,3)(4,6)) 1
((6,4)(7,3)) 4
((7,2)(6,5)) 2
((6,5)(8,2)) 1
((8,2)(8,4)) 1
((6,9)(6,9)) 53
((6,9)(4,3)) 6
((4,3)(6,9)) 6
((6,9)(3,6)) 1
((3,6)(6,9)) 1
((5,7)(8,7)) 11
((8,7)(7,6)) 4
((6,4)(4,2)) 1
((8,7)(6,8)) 1
((6,8)(6,8)) 51
((6,8)(9,8)) 1
((9,8)(8,7)) 3
((8,6)(3,6)) 3
((3,6)(8,6)) 2
((8,6)(8,7)) 1
((8,7)(8,6)) 1
((5,7)(5,8)) 24
((5,8)(4,8)) 2
((5,8)(4,5)) 1
((4,7)(4,4)) 8
((4,7)(4,6)) 6
((4,6)(3,6)) 2
((6,3)(6,0)) 7
((6,0)(3,3)) 2
((1,2)(2,3)) 19
((8,7)(5,4)) 3
((5,4)(7,6)) 4
((7,6)(8,7)) 4
((4,5)(5,3)) 2
((4,4)(4,9)) 27
((4,5)(4,9)) 11
((6,3)(4,9)) 3
((6,9)(5,3)) 7
((5,7)(6,9)) 5
((6,9)(4,4)) 2
((4,4)(6,9)) 5
((5,3)(6,9)) 4
((5,0)(4,4)) 1
((4,4)(5,0)) 3
((3,2)(4,4)) 6
((7,3)(6,4)) 9
((4,3)(7,3)) 4
((7,9)(7,9)) 21
((7,9)(5,5)) 1
((5,4)(7,9)) 6
((7,9)(5,4)) 4
((7,9)(6,8)) 1
((5,4)(7,5)) 1
((5,5)(2,3)) 1
((1,4)(5,4)) 1
((4,4)(9,2)) 2
((5,4)(9,2)) 8
((6,6)(4,4)) 5
((5,4)(6,6)) 15
((5,2)(5,8)) 1
((4,8)(5,8)) 2
((6,4)(4,3)) 4
((3,1)(5,3)) 10
((5,4)(2,0)) 3
((2,0)(5,4)) 3
((3,1)(3,3)) 6
((5,3)(1,1)) 2
((1,1)(5,3)) 1
((4,6)(8,6)) 2
((8,6)(5,4)) 6
((4,4)(6,4)) 6
((4,4)(6,5)) 5
((6,6)(6,5)) 9
((6,5)(5,5)) 7
((5,2)(3,1)) 1
((3,1)(1,4)) 1
((1,4)(3,1)) 1
((3,0)(1,3)) 2
((1,2)(3,1)) 2
((3,1)(2,1)) 3
((4,1)(4,0)) 13
((8,2)(7,3)) 4
((5,0)(3,3)) 3
((3,3)(1,4)) 4
((1,4)(3,3)) 11
((5,8)(7,6)) 1
((7,6)(5,6)) 1
((5,4)(7,8)) 1
((7,8)(7,8)) 19
((1,4)(5,1)) 1
((1,4)(5,2)) 1
((5,2)(5,1)) 6
((5,2)(4,5)) 1
((5,4)(3,0)) 2
((5,3)(6,1)) 8
((5,2)(4,0)) 5
((5,2)(6,1)) 2
((6,1)(7,1)) 1
((7,1)(6,1)) 1
((6,1)(6,2)) 5
((6,2)(7,0)) 1
((7,0)(7,0)) 9
((7,0)(6,1)) 1
((5,6)(5,4)) 18
((5,4)(5,6)) 11
((6,6)(5,6)) 2
((5,2)(9,2)) 1
((9,2)(7,3)) 4
((3,0)(4,1)) 25
((4,1)(3,0)) 20
((8,4)(9,4)) 2
((6,4)(9,4)) 1
((6,5)(8,4)) 4
((8,4)(3,3)) 1
((4,1)(3,1)) 2
((3,1)(4,2)) 3
((4,2)(3,0)) 9
((3,0)(4,2)) 9
((5,9)(6,3)) 1
((5,7)(5,2)) 1
((5,2)(5,9)) 1
((5,4)(4,2)) 12
((5,1)(4,2)) 2
((4,2)(9,4)) 1
((5,3)(6,5)) 1
((6,5)(9,4)) 5
((9,4)(4,2)) 1
((5,4)(1,3)) 4
((5,3)(4,9)) 4
((4,9)(5,4)) 8
((6,3)(6,5)) 4
((3,1)(5,4)) 2
((4,3)(2,1)) 2
((3,7)(3,7)) 27
((3,7)(4,5)) 1
((4,5)(3,3)) 5
((3,3)(4,5)) 5
((4,6)(3,7)) 3
((3,7)(3,6)) 3
((4,7)(3,7)) 4
((3,7)(4,7)) 4
((4,7)(4,5)) 4
((3,3)(4,6)) 1
((5,3)(4,7)) 3
((6,4)(5,2)) 2
((4,3)(4,5)) 3
((4,6)(1,4)) 1
((5,5)(4,5)) 4
((4,9)(5,5)) 2
((1,2)(5,3)) 2
((4,3)(1,2)) 5
((6,5)(4,2)) 4
((5,7)(4,7)) 4
((5,7)(4,4)) 11
((4,4)(5,7)) 8
((4,5)(3,4)) 4
((9,2)(5,4)) 5
((4,3)(7,6)) 1
((7,6)(5,4)) 1
((7,6)(4,3)) 1
((6,3)(9,8)) 2
((9,8)(6,3)) 1
((4,9)(6,3)) 1
((3,3)(5,9)) 2
((5,9)(5,3)) 3
((5,3)(5,9)) 2
((8,6)(6,5)) 5
((5,4)(8,6)) 7
((6,0)(5,4)) 1
((6,0)(7,1)) 1
((7,4)(4,4)) 1
((7,4)(7,5)) 5
((7,5)(7,4)) 5
((5,5)(6,4)) 3
((6,2)(4,3)) 8
((4,9)(4,3)) 6
((4,0)(4,1)) 11
((8,0)(5,0)) 5
((5,0)(8,0)) 5
((5,0)(5,4)) 20
((5,5)(4,2)) 7
((4,2)(5,0)) 2
((4,5)(5,0)) 1
((5,0)(4,2)) 3
((4,6)(5,7)) 1
((4,9)(4,4)) 22
((9,3)(5,0)) 1
((5,0)(2,1)) 1
((3,4)(5,0)) 1
((9,7)(6,3)) 3
((6,3)(9,7)) 3
((8,0)(8,1)) 6
((8,1)(8,1)) 96
((4,2)(4,4)) 3
((3,3)(7,3)) 3
((9,3)(4,4)) 1
((6,5)(3,6)) 1
((3,6)(8,7)) 1
((4,3)(4,8)) 1
((4,8)(4,3)) 1
((4,3)(6,4)) 3
((2,2)(7,3)) 2
((7,3)(8,1)) 1
((8,1)(5,3)) 1
((8,2)(8,1)) 11
((8,1)(4,3)) 1
((2,2)(8,1)) 1
((8,1)(7,3)) 1
((8,1)(8,2)) 8
((3,3)(6,2)) 1
((6,2)(3,3)) 2
((6,8)(5,7)) 1
((5,5)(5,7)) 5
((5,7)(6,8)) 1
((6,8)(3,3)) 1
((4,6)(3,3)) 2
((5,3)(4,5)) 6
((4,9)(5,6)) 4
((3,4)(4,9)) 2
((4,9)(2,2)) 1
((6,6)(5,3)) 5
((4,3)(4,1)) 1
((5,3)(3,0)) 6
((4,2)(1,1)) 4
((5,4)(1,1)) 2
((5,6)(4,4)) 1
((5,6)(4,3)) 1
((4,6)(5,6)) 1
((3,3)(4,9)) 2
((4,9)(3,3)) 2
((4,4)(6,0)) 3
((6,0)(4,4)) 2
((6,0)(4,5)) 1
((3,0)(5,3)) 3
((4,3)(3,0)) 3
((4,9)(5,8)) 2
((5,0)(4,0)) 4
((4,0)(5,4)) 5
((4,0)(5,0)) 2
((5,7)(5,6)) 1
((4,1)(5,2)) 1
((7,7)(7,8)) 4
((7,8)(7,7)) 3
((7,8)(8,8)) 2
((8,8)(7,7)) 1
((7,7)(5,8)) 1
((5,8)(7,8)) 1
((4,2)(5,7)) 2
((4,4)(7,3)) 4
((9,6)(9,7)) 1
((9,7)(7,2)) 1
((5,4)(9,6)) 1
((9,6)(7,1)) 1
((7,1)(7,2)) 1
((7,2)(4,2)) 1
((4,2)(7,1)) 1
((7,1)(4,6)) 1
((4,6)(4,8)) 1
((4,8)(5,4)) 1
((7,3)(3,3)) 3
((1,2)(0,2)) 5
((0,2)(0,2)) 20
((0,2)(0,3)) 2
((0,3)(0,3)) 10
((0,3)(1,2)) 3
((6,9)(5,7)) 6
((7,3)(6,9)) 1
((5,7)(8,6)) 1
((8,6)(9,4)) 1
((9,4)(9,3)) 2
((8,2)(5,7)) 3
((1,2)(4,0)) 1
((4,7)(5,5)) 1
((5,4)(4,7)) 1
((4,7)(5,4)) 2
((4,7)(5,3)) 1
((5,1)(5,4)) 1
((5,7)(7,6)) 1
((8,2)(9,5)) 1
((9,5)(5,3)) 1
((3,0)(3,2)) 2
((3,2)(5,3)) 2
((6,3)(1,4)) 3
((4,3)(5,8)) 7
((5,8)(4,3)) 5
((6,3)(8,1)) 1
((8,1)(8,6)) 1
((3,1)(6,3)) 1
((4,3)(7,2)) 1
((2,4)(2,3)) 5
((2,3)(2,4)) 5
((5,5)(4,6)) 1
((4,6)(4,3)) 4
((6,3)(4,5)) 7
((4,9)(5,3)) 3
((8,2)(6,3)) 7
((7,3)(9,2)) 2
((2,2)(5,6)) 1
((4,0)(1,4)) 1
((3,3)(0,2)) 5
((0,2)(5,3)) 4
((4,1)(2,2)) 5
((2,2)(4,1)) 1
((4,1)(3,3)) 1
((8,2)(6,4)) 1
((5,4)(9,4)) 1
((9,4)(8,2)) 2
((7,3)(6,5)) 2
((6,5)(4,6)) 2
((4,6)(7,3)) 1
((8,3)(5,3)) 6
((8,3)(4,3)) 2
((4,5)(6,3)) 4
((1,1)(5,4)) 3
((7,3)(3,6)) 1
((3,6)(5,3)) 2
((1,3)(4,3)) 1
((4,3)(1,3)) 2
((6,3)(5,0)) 1
((4,6)(4,7)) 4
((4,4)(5,1)) 2
((5,7)(5,5)) 4
((5,5)(3,2)) 1
((2,1)(5,4)) 1
((5,4)(2,1)) 1
((7,6)(6,3)) 1
((6,3)(3,1)) 2
((3,1)(1,3)) 1
((4,0)(6,2)) 2
((4,0)(6,3)) 2
((6,3)(4,0)) 2
((4,4)(1,1)) 3
((1,1)(4,4)) 2
((1,1)(4,9)) 1
((3,1)(4,1)) 1
((8,1)(8,0)) 3
((8,1)(9,2)) 1
((8,2)(8,0)) 2
((5,6)(4,0)) 1
((7,6)(3,3)) 1
((8,7)(3,3)) 1
((3,3)(6,5)) 1
((6,4)(2,3)) 1
((5,9)(5,6)) 2
((5,6)(5,5)) 4
((8,2)(7,2)) 1
((9,4)(6,3)) 1
((1,4)(6,3)) 1
((1,4)(2,3)) 3
((6,7)(6,8)) 4
((6,8)(6,7)) 4
((6,8)(3,6)) 3
((4,6)(6,8)) 2
((4,7)(6,8)) 2
((6,8)(4,6)) 1
((8,6)(5,7)) 1
((5,7)(9,7)) 1
((6,4)(5,9)) 2
((5,9)(6,4)) 3
((6,4)(7,2)) 2
((6,5)(5,9)) 2
((5,4)(3,5)) 2
((3,5)(3,5)) 2
((3,5)(5,4)) 1
((5,9)(6,5)) 1
((4,9)(1,4)) 1
((5,0)(6,0)) 2
((6,0)(5,0)) 1
((4,4)(3,6)) 2
((2,3)(9,4)) 2
((9,4)(2,3)) 1
((10,4)(5,4)) 3
((5,4)(10,4)) 2
((8,2)(4,8)) 3
((4,8)(8,2)) 3
((8,3)(4,8)) 1
((4,8)(4,5)) 1
((4,4)(8,3)) 5
((6,6)(5,5)) 6
((7,0)(6,0)) 4
((4,3)(7,0)) 1
((6,0)(7,0)) 2
((6,0)(4,3)) 3
((3,2)(1,1)) 1
((3,3)(6,4)) 1
((1,2)(6,3)) 1
((6,3)(1,2)) 2
((1,3)(1,4)) 2
((1,4)(1,3)) 1
((5,9)(6,8)) 1
((6,8)(7,8)) 2
((7,8)(6,8)) 1
((4,4)(3,9)) 1
((6,2)(4,2)) 3
((3,0)(6,2)) 1
((3,0)(6,3)) 2
((7,4)(5,4)) 6
((6,5)(7,4)) 3
((4,7)(5,8)) 2
((5,8)(4,7)) 2
((4,2)(6,5)) 3
((6,5)(8,6)) 4
((8,6)(4,2)) 1
((8,6)(5,3)) 1
((3,0)(4,3)) 2
((7,3)(4,4)) 2
((2,3)(5,7)) 1
((5,8)(3,3)) 1
((0,2)(1,2)) 4
((6,1)(5,1)) 2
((8,2)(6,0)) 1
((5,5)(4,9)) 1
((8,3)(4,4)) 5
((4,3)(5,1)) 1
((3,2)(2,4)) 1
((2,4)(3,2)) 1
((7,7)(5,3)) 1
((4,2)(2,2)) 1
((8,7)(9,8)) 3
((1,2)(6,6)) 1
((6,5)(4,9)) 1
((5,7)(4,5)) 1
((3,4)(2,3)) 1
((5,7)(4,3)) 1
((4,3)(4,9)) 3
((1,3)(2,2)) 1
((6,3)(5,5)) 1
((3,3)(3,6)) 1
((3,6)(4,4)) 3
((5,8)(9,8)) 3
((9,8)(5,8)) 2
((9,8)(5,9)) 1
((4,5)(4,8)) 1
((4,9)(3,6)) 1
((6,9)(6,5)) 1
((6,4)(5,0)) 1
((4,9)(4,7)) 1
((5,7)(6,5)) 1
((4,4)(9,7)) 2
((6,2)(4,6)) 1
((5,2)(4,9)) 1
((8,7)(6,5)) 1
((6,5)(4,7)) 1
((4,7)(3,4)) 1
((3,4)(4,8)) 1
((4,8)(8,7)) 1
((8,0)(8,2)) 2
((8,0)(7,3)) 1
((9,4)(4,4)) 1
((7,3)(9,4)) 1
((9,4)(4,3)) 1
((4,3)(9,4)) 1
((8,7)(8,2)) 1
((8,1)(4,9)) 1
((4,7)(4,8)) 2
((4,9)(8,1)) 1
((3,4)(4,3)) 1
((8,0)(5,3)) 1
((5,4)(8,0)) 1
((8,0)(4,4)) 1
((5,7)(3,6)) 2
((7,3)(2,2)) 1
((6,7)(3,4)) 1
((3,4)(4,5)) 1
((4,4)(3,2)) 1
((2,1)(3,3)) 2
((4,3)(4,7)) 2
((5,7)(9,3)) 1
((4,8)(9,5)) 1
((9,5)(9,3)) 1
((9,3)(5,7)) 1
((6,6)(7,3)) 1
((7,3)(9,3)) 1
((6,3)(4,6)) 1
((2,3)(5,5)) 1
((6,5)(6,7)) 1
((6,7)(7,8)) 1
((7,8)(5,4)) 2
((8,4)(6,4)) 1
((7,3)(8,4)) 1
((5,4)(8,1)) 1
((8,1)(7,2)) 1
((2,0)(5,3)) 1
((5,5)(6,3)) 1
((4,9)(10,4)) 1
((7,4)(6,5)) 1
((4,9)(9,6)) 1
((9,6)(9,4)) 1
((2,2)(4,6)) 1
((8,4)(8,7)) 1
((8,4)(9,7)) 2
((5,2)(7,3)) 1
((8,7)(9,5)) 1
((9,5)(8,7)) 1
((5,8)(8,7)) 1
((3,3)(1,1)) 1
((6,4)(1,3)) 1
((4,5)(5,2)) 1
((4,5)(6,4)) 1
((6,4)(4,5)) 1
((4,5)(1,4)) 1
((4,3)(7,5)) 1
((7,5)(3,3)) 1
((3,6)(3,9)) 1
((3,9)(6,3)) 1
((4,5)(3,6)) 3
((7,9)(8,8)) 1
((8,8)(7,9)) 1
((3,3)(4,0)) 1
((9,2)(4,4)) 1
((5,7)(8,2)) 2
((5,5)(3,4)) 1
((3,4)(5,5)) 1
((7,4)(4,3)) 1
((1,4)(3,4)) 1
((7,3)(5,7)) 1
((3,6)(1,4)) 1
((8,6)(4,6)) 1
((4,4)(3,1)) 1
((6,3)(3,0)) 1
((4,0)(8,4)) 1
((4,3)(5,6)) 1
((5,6)(6,5)) 1
((3,2)(3,0)) 1
((3,3)(5,0)) 1
((5,8)(6,5)) 1
((6,5)(5,8)) 1
((5,8)(6,8)) 1
((6,5)(5,3)) 1
((5,5)(7,8)) 1
((7,8)(5,3)) 1
((5,3)(6,6)) 1
((6,6)(7,9)) 1
((7,9)(7,8)) 1
((5,5)(6,1)) 1
((1,2)(5,6)) 1
((6,3)(3,2)) 1
((7,3)(4,5)) 1
((4,5)(7,3)) 1
((4,1)(4,9)) 1
((3,2)(7,1)) 1
((9,4)(6,4)) 1
((2,0)(3,1)) 2
((3,1)(7,2)) 1
((7,2)(4,4)) 1
((6,1)(4,2)) 1
((9,4)(8,7)) 1
((8,0)(7,1)) 1
((8,0)(6,0)) 1
((4,4)(4,8)) 1
((6,4)(9,8)) 1
((8,2)(2,2)) 1
((3,3)(5,2)) 1
((8,1)(2,2)) 1
((8,1)(3,3)) 1
((3,3)(7,4)) 1
((4,4)(0,3)) 1
((0,3)(0,2)) 1
((9,2)(5,3)) 1
((5,4)(6,9)) 2
((8,7)(7,3)) 1
((6,4)(5,6)) 1
((6,2)(4,0)) 1
((6,8)(9,5)) 1
((9,5)(6,8)) 1
((5,9)(8,2)) 1
((3,5)(7,2)) 1
((7,2)(5,9)) 1
((5,9)(6,6)) 1
((6,6)(2,2)) 1
((1,1)(2,3)) 1
((5,5)(2,2)) 1
((2,0)(4,4)) 1
((4,4)(3,0)) 1
