(5,9): 0.021
(4,3): 0.073
(5,2): 0.027
(5,4): 0.12
(7,5): 0.003
(4,0): 0.024
(5,7): 0.015
(8,2): 0.015
(4,4): 0.071
(6,3): 0.059
(4,2): 0.027
(6,2): 0.013
(7,7): 0.006
(5,3): 0.095
(3,3): 0.052
(3,1): 0.012
(3,4): 0.004
(7,2): 0.003
(1,4): 0.012
(5,1): 0.009
(4,9): 0.01
(9,7): 0.011
(6,5): 0.009
(4,1): 0.015
(2,3): 0.03
(9,4): 0.003
(5,5): 0.022
(2,2): 0.017
(8,7): 0.006
(7,3): 0.013
(4,6): 0.005
(5,6): 0.009
(4,5): 0.007
(5,0): 0.02
(6,6): 0.008
(8,0): 0.006
(6,4): 0.018
(5,8): 0.01
(3,0): 0.011
(4,8): 0.007
(2,1): 0.004
(3,2): 0.015
(7,1): 0.004
(7,6): 0.001
(6,0): 0.005
(1,2): 0.017
(8,8): 0.002
(6,9): 0.003
(8,6): 0.003
(4,7): 0.004
(7,9): 0.001
(6,1): 0.003
(8,4): 0.003
(3,7): 0.002
(9,8): 0.002
(7,4): 0.003
(6,8): 0.002
(1,1): 0.004
(9,6): 0.001
(2,4): 0.001
(8,3): 0.005
(6,7): 0.001
(10,4): 0.001
(7,0): 0.001
(9,2): 0.002
(1,3): 0.002
(0,2): 0.001
(3,6): 0.003
(9,3): 0.001
(8,1): 0.002
(2,0): 0.002
(0,3): 0.001
