(5,9): 0.026
(4,3): 0.08
(8,2): 0.018
(5,4): 0.111
(5,2): 0.029
(2,2): 0.025
(3,3): 0.042
(6,3): 0.06
(5,5): 0.021
(4,0): 0.029
(5,7): 0.011
(3,2): 0.012
(4,4): 0.061
(5,3): 0.078
(3,1): 0.01
(3,4): 0.004
(7,5): 0.001
(1,4): 0.015
(4,2): 0.022
(5,1): 0.008
(6,5): 0.006
(9,7): 0.007
(1,2): 0.021
(2,3): 0.031
(9,4): 0.002
(9,2): 0.004
(6,2): 0.011
(5,8): 0.013
(8,7): 0.009
(7,3): 0.022
(4,9): 0.019
(6,6): 0.004
(7,6): 0.002
(5,0): 0.02
(8,0): 0.005
(1,3): 0.006
(9,3): 0.004
(4,7): 0.007
(7,4): 0.004
(2,4): 0.002
(9,5): 0.001
(7,1): 0.004
(1,1): 0.007
(4,1): 0.014
(2,0): 0.004
(6,0): 0.008
(7,7): 0.002
(6,4): 0.014
(8,8): 0.002
(9,8): 0.005
(8,3): 0.006
(4,6): 0.007
(8,4): 0.002
(8,6): 0.003
(4,5): 0.007
(6,9): 0.004
(6,8): 0.003
(7,8): 0.002
(3,0): 0.009
(6,1): 0.003
(5,6): 0.007
(3,6): 0.005
(2,1): 0.004
(7,2): 0.003
(8,1): 0.004
(0,2): 0.002
(4,8): 0.003
(7,9): 0.001
(3,7): 0.001
(6,7): 0.001
