(37,16): 0.002
(18,18): 0.01
(43,24): 0.002
(28,30): 0.004
(38,6): 0.001
(25,21): 0.004
(27,18): 0.001
(10,23): 0.002
(25,15): 0.067
(30,16): 0.046
(28,15): 0.009
(26,25): 0.006
(12,11): 0.01
(10,19): 0.001
(23,21): 0.006
(22,15): 0.032
(43,12): 0.002
(30,3): 0.002
(40,18): 0.001
(20,15): 0.004
(7,8): 0.001
(21,0): 0.015
(29,14): 0.001
(45,40): 0.005
(14,17): 0.003
(24,21): 0.033
(32,29): 0.003
(23,26): 0.002
(22,33): 0.001
(26,27): 0.003
(22,18): 0.005
(29,36): 0.001
(25,22): 0.005
(21,18): 0.002
(11,16): 0.007
(27,4): 0.005
(16,8): 0.003
(22,22): 0.002
(22,3): 0.001
(13,13): 0.001
(9,9): 0.001
(20,47): 0.002
(18,19): 0.017
(26,20): 0.01
(19,16): 0.004
(26,22): 0.043
(23,20): 0.006
(23,44): 0.001
(10,10): 0.005
(27,24): 0.004
(34,26): 0.002
(15,6): 0.006
(20,10): 0.001
(31,6): 0.004
(22,31): 0.002
(24,20): 0.003
(36,7): 0.003
(30,20): 0.003
(9,23): 0.015
(25,45): 0.008
(13,9): 0.002
(16,12): 0.004
(30,40): 0.003
(9,13): 0.001
(23,5): 0.003
(27,2): 0.003
(23,16): 0.002
(17,17): 0.008
(31,12): 0.001
(30,34): 0.001
(31,10): 0.002
(25,36): 0.003
(27,12): 0.005
(40,15): 0.004
(25,14): 0.003
(31,8): 0.002
(24,14): 0.002
(19,9): 0.001
(14,5): 0.002
(22,16): 0.004
(30,17): 0.003
(21,15): 0.005
(23,14): 0.001
(7,14): 0.008
(25,20): 0.002
(19,23): 0.001
(21,20): 0.007
(20,14): 0.001
(16,18): 0.005
(27,20): 0.003
(21,47): 0.005
(17,15): 0.001
(26,15): 0.005
(19,4): 0.002
(26,21): 0.012
(32,2): 0.002
(42,23): 0.001
(31,11): 0.001
(19,14): 0.002
(22,12): 0.005
(16,13): 0.004
(37,14): 0.001
(31,13): 0.001
(16,19): 0.003
(35,17): 0.006
(12,12): 0.001
(39,24): 0.002
(21,13): 0.001
(20,36): 0.001
(20,16): 0.006
(28,22): 0.017
(36,34): 0.002
(23,8): 0.002
(17,3): 0.005
(22,23): 0.001
(34,32): 0.001
(11,17): 0.001
(10,17): 0.001
(3,14): 0.002
(10,7): 0.001
(22,0): 0.004
(31,19): 0.001
(23,36): 0.001
(20,12): 0.001
(25,27): 0.004
(19,15): 0.002
(7,15): 0.005
(24,6): 0.001
(22,17): 0.002
(23,10): 0.001
(27,34): 0.001
(29,11): 0.002
(27,21): 0.003
(29,10): 0.002
(25,47): 0.004
(27,10): 0.005
(27,41): 0.005
(45,10): 0.001
(7,13): 0.001
(32,17): 0.001
(39,28): 0.002
(40,4): 0.003
(30,21): 0.006
(32,19): 0.001
(27,5): 0.002
(47,35): 0.002
(29,5): 0.001
(27,15): 0.003
(23,17): 0.001
(27,16): 0.002
(35,43): 0.002
(22,13): 0.004
(27,39): 0.002
(44,35): 0.001
(15,5): 0.001
(32,28): 0.001
(28,13): 0.002
(20,19): 0.003
(28,24): 0.002
(42,15): 0.001
(33,23): 0.001
(23,18): 0.001
(46,36): 0.004
(34,13): 0.003
(26,10): 0.003
(34,12): 0.001
(20,27): 0.005
(38,16): 0.004
(22,20): 0.001
(45,20): 0.001
(28,38): 0.001
(30,19): 0.003
(39,35): 0.002
(22,14): 0.004
(24,35): 0.002
(24,18): 0.001
(30,32): 0.003
(29,8): 0.002
(27,25): 0.002
(29,15): 0.002
(10,18): 0.001
(15,13): 0.002
(41,24): 0.002
(21,17): 0.001
(43,10): 0.001
(28,23): 0.002
(40,12): 0.001
(21,35): 0.002
(27,42): 0.002
(16,16): 0.002
(46,19): 0.001
(25,19): 0.002
(24,22): 0.005
(23,28): 0.001
(13,15): 0.001
(28,20): 0.003
(34,11): 0.002
(25,18): 0.004
(44,24): 0.001
(5,12): 0.001
(26,19): 0.001
(34,15): 0.001
(25,11): 0.001
(19,6): 0.001
(37,12): 0.002
(30,2): 0.002
(30,24): 0.002
(8,9): 0.001
(21,49): 0.001
(26,13): 0.001
(27,0): 0.002
(31,22): 0.004
(40,41): 0.001
(9,21): 0.001
(29,47): 0.002
(30,49): 0.004
(42,36): 0.003
(19,31): 0.001
(18,15): 0.002
(23,19): 0.001
(30,15): 0.001
(46,23): 0.001
(36,15): 0.002
(13,18): 0.003
(25,16): 0.001
(36,46): 0.001
(14,18): 0.001
(32,25): 0.003
(35,23): 0.002
(30,0): 0.001
(21,46): 0.001
(14,12): 0.001
(16,5): 0.001
(18,16): 0.002
(18,48): 0.001
(20,30): 0.002
(32,31): 0.001
(32,30): 0.001
(25,2): 0.001
(27,19): 0.001
(21,2): 0.001
(15,12): 0.001
(24,12): 0.002
(27,7): 0.001
(27,22): 0.002
(29,20): 0.002
(26,41): 0.001
(9,16): 0.001
(26,14): 0.001
(26,23): 0.004
(25,48): 0.001
(24,25): 0.001
(47,17): 0.001
(23,24): 0.002
(23,12): 0.001
(13,11): 0.001
(22,30): 0.002
(33,26): 0.001
(31,24): 0.001
(28,37): 0.001
(29,17): 0.002
(33,31): 0.001
(35,2): 0.001
(32,18): 0.002
(9,10): 0.001
(25,9): 0.001
(21,1): 0.002
(43,39): 0.001
(28,14): 0.001
(33,18): 0.002
(20,24): 0.001
(12,13): 0.002
(43,29): 0.001
(31,26): 0.001
(45,11): 0.001
(26,12): 0.001
(33,15): 0.002
(12,18): 0.001
(34,25): 0.001
(27,28): 0.001
(31,20): 0.002
(29,23): 0.001
(27,3): 0.001
(30,13): 0.001
(6,13): 0.001
(20,32): 0.001
(27,17): 0.001
(21,32): 0.001
(23,22): 0.001
(6,8): 0.001
(18,32): 0.002
(17,2): 0.001
(50,22): 0.002
(12,15): 0.001
(23,33): 0.001
(13,4): 0.001
(20,5): 0.003
(43,25): 0.001
(31,9): 0.001
(32,4): 0.001
(6,14): 0.001
(24,23): 0.001
(11,10): 0.001
(9,18): 0.001
(28,26): 0.001
(28,25): 0.001
(32,0): 0.001
(39,13): 0.001
(8,13): 0.001
(25,32): 0.001
(22,26): 0.001
(36,33): 0.001
(18,24): 0.002
(19,20): 0.001
(11,12): 0.001
(41,14): 0.001
(23,13): 0.001
(41,35): 0.001
(43,18): 0.001
(23,15): 0.002
(18,22): 0.001
(27,11): 0.001
(18,23): 0.001
(23,11): 0.001
(13,12): 0.001
(45,37): 0.001
(28,46): 0.001
(21,23): 0.001
(20,26): 0.001
(38,5): 0.001
(15,18): 0.001
(26,43): 0.001
(19,32): 0.001
(28,21): 0.001
(13,3): 0.001
(19,28): 0.001
(28,7): 0.001
(19,35): 0.001
(21,9): 0.002
(15,7): 0.001
(20,13): 0.001
(24,11): 0.001
(24,15): 0.001
(42,34): 0.001
(24,19): 0.001
(24,27): 0.001
