(37,16): 0.003
(26,15): 0.014
(26,22): 0.054
(38,6): 0.001
(22,15): 0.028
(29,10): 0.001
(25,18): 0.001
(24,21): 0.045
(27,18): 0.001
(4,12): 0.002
(25,15): 0.06
(26,25): 0.008
(20,6): 0.002
(12,18): 0.003
(22,20): 0.003
(45,11): 0.004
(30,3): 0.002
(35,17): 0.008
(20,15): 0.001
(27,19): 0.002
(30,16): 0.045
(18,18): 0.008
(7,8): 0.001
(21,0): 0.014
(44,39): 0.001
(27,16): 0.002
(26,21): 0.017
(29,36): 0.002
(27,21): 0.008
(20,12): 0.002
(21,32): 0.001
(43,10): 0.003
(25,27): 0.001
(28,37): 0.004
(30,21): 0.008
(27,28): 0.001
(23,25): 0.001
(7,14): 0.004
(22,22): 0.002
(13,13): 0.001
(9,9): 0.001
(13,23): 0.002
(25,23): 0.001
(18,17): 0.003
(23,20): 0.006
(25,21): 0.005
(10,10): 0.006
(22,12): 0.004
(19,23): 0.002
(34,26): 0.001
(43,39): 0.001
(13,4): 0.001
(20,9): 0.001
(20,16): 0.007
(27,12): 0.006
(24,24): 0.001
(48,17): 0.001
(31,24): 0.001
(32,18): 0.002
(9,23): 0.013
(25,45): 0.011
(12,11): 0.01
(10,5): 0.001
(30,39): 0.001
(5,12): 0.002
(21,47): 0.004
(45,40): 0.005
(8,12): 0.001
(12,16): 0.001
(23,5): 0.002
(27,2): 0.002
(20,19): 0.003
(33,8): 0.001
(6,8): 0.001
(20,47): 0.003
(18,22): 0.006
(27,22): 0.005
(32,36): 0.001
(7,15): 0.006
(32,3): 0.001
(25,36): 0.003
(20,46): 0.002
(11,16): 0.007
(40,15): 0.001
(22,7): 0.001
(31,8): 0.002
(21,15): 0.004
(37,3): 0.001
(28,20): 0.001
(6,13): 0.002
(27,9): 0.003
(30,17): 0.002
(28,17): 0.001
(24,27): 0.003
(27,26): 0.002
(26,27): 0.003
(21,14): 0.001
(8,9): 0.004
(13,18): 0.003
(24,22): 0.004
(22,45): 0.001
(26,13): 0.001
(14,3): 0.002
(20,8): 0.003
(19,4): 0.001
(30,0): 0.002
(17,17): 0.003
(42,24): 0.001
(19,14): 0.001
(37,14): 0.001
(34,10): 0.001
(16,19): 0.004
(11,12): 0.001
(20,36): 0.001
(13,12): 0.001
(9,12): 0.002
(28,22): 0.023
(9,21): 0.002
(36,33): 0.002
(23,6): 0.002
(16,3): 0.001
(24,23): 0.002
(25,14): 0.003
(3,14): 0.001
(9,7): 0.001
(42,15): 0.001
(21,20): 0.001
(25,35): 0.001
(28,25): 0.002
(32,0): 0.003
(14,8): 0.003
(40,8): 0.001
(30,2): 0.001
(35,2): 0.002
(27,39): 0.004
(43,12): 0.001
(29,11): 0.002
(32,16): 0.003
(16,18): 0.005
(27,11): 0.002
(21,17): 0.001
(27,10): 0.006
(19,16): 0.004
(23,47): 0.001
(24,9): 0.001
(29,15): 0.001
(39,28): 0.001
(25,22): 0.002
(44,35): 0.001
(9,14): 0.002
(29,5): 0.001
(28,24): 0.006
(46,19): 0.003
(27,15): 0.002
(22,16): 0.003
(22,18): 0.005
(35,43): 0.002
(28,41): 0.002
(36,18): 0.003
(42,35): 0.001
(32,28): 0.001
(28,13): 0.002
(13,17): 0.001
(38,16): 0.004
(23,21): 0.003
(36,7): 0.002
(12,21): 0.001
(26,20): 0.001
(21,24): 0.004
(26,10): 0.001
(27,41): 0.003
(42,36): 0.003
(18,24): 0.01
(38,17): 0.002
(31,16): 0.001
(20,26): 0.001
(8,17): 0.001
(20,5): 0.001
(21,23): 0.001
(39,35): 0.002
(31,31): 0.001
(28,35): 0.001
(32,25): 0.004
(29,8): 0.001
(16,8): 0.004
(27,20): 0.006
(11,10): 0.003
(34,17): 0.001
(9,18): 0.001
(19,24): 0.002
(15,13): 0.001
(41,24): 0.002
(18,19): 0.004
(30,34): 0.002
(28,15): 0.008
(14,17): 0.003
(13,16): 0.001
(47,26): 0.001
(25,47): 0.002
(19,36): 0.003
(29,48): 0.001
(23,24): 0.003
(21,28): 0.001
(14,12): 0.001
(29,17): 0.001
(23,13): 0.002
(42,18): 0.001
(34,11): 0.001
(32,2): 0.002
(43,24): 0.001
(20,27): 0.002
(34,15): 0.001
(44,31): 0.001
(17,3): 0.003
(19,6): 0.001
(35,24): 0.001
(33,15): 0.002
(15,6): 0.005
(36,34): 0.002
(21,49): 0.001
(22,33): 0.001
(31,22): 0.002
(19,15): 0.001
(21,21): 0.001
(25,42): 0.001
(40,41): 0.002
(45,38): 0.001
(28,45): 0.001
(40,13): 0.001
(30,49): 0.003
(42,34): 0.002
(22,14): 0.002
(14,18): 0.003
(22,6): 0.001
(27,0): 0.001
(41,14): 0.001
(39,25): 0.001
(36,15): 0.002
(33,31): 0.002
(27,3): 0.002
(34,29): 0.002
(35,23): 0.001
(36,17): 0.001
(24,42): 0.001
(22,13): 0.001
(21,46): 0.002
(23,22): 0.001
(22,0): 0.001
(13,3): 0.003
(5,9): 0.001
(18,48): 0.001
(31,25): 0.002
(26,6): 0.001
(23,32): 0.001
(28,12): 0.001
(24,12): 0.002
(27,7): 0.001
(16,12): 0.004
(25,49): 0.002
(24,13): 0.003
(22,30): 0.001
(16,13): 0.002
(31,21): 0.001
(24,35): 0.001
(18,20): 0.001
(47,37): 0.001
(27,24): 0.001
(23,12): 0.002
(28,26): 0.001
(17,13): 0.001
(26,23): 0.002
(34,13): 0.001
(31,29): 0.001
(29,22): 0.001
(32,29): 0.001
(20,30): 0.003
(29,47): 0.001
(25,9): 0.001
(21,1): 0.002
(32,20): 0.003
(32,4): 0.001
(42,40): 0.001
(15,19): 0.001
(29,14): 0.001
(33,18): 0.001
(12,19): 0.001
(23,8): 0.001
(12,13): 0.002
(23,15): 0.002
(15,15): 0.001
(23,27): 0.001
(32,27): 0.001
(23,44): 0.001
(22,17): 0.001
(23,18): 0.001
(30,13): 0.001
(20,32): 0.001
(25,28): 0.001
(23,16): 0.001
(24,20): 0.001
(30,20): 0.001
(4,13): 0.001
(8,8): 0.001
(18,32): 0.001
(50,22): 0.002
(14,5): 0.001
(22,31): 0.001
(43,25): 0.001
(31,9): 0.001
(39,24): 0.001
(11,13): 0.001
(40,12): 0.001
(13,11): 0.001
(26,26): 0.001
(25,5): 0.001
(13,19): 0.001
(18,1): 0.001
(46,36): 0.003
(21,2): 0.001
(34,12): 0.001
(40,35): 0.001
(24,16): 0.001
(10,18): 0.001
(30,22): 0.001
(47,23): 0.001
(13,15): 0.001
(22,28): 0.001
(6,10): 0.001
(21,9): 0.002
(22,4): 0.001
(8,15): 0.001
(28,46): 0.001
(34,27): 0.001
(19,20): 0.001
(19,31): 0.001
(31,6): 0.001
(40,4): 0.002
(19,32): 0.001
(22,19): 0.001
(10,23): 0.001
(25,2): 0.001
(24,19): 0.001
(28,7): 0.001
(27,25): 0.001
(21,5): 0.001
(16,16): 0.001
(29,20): 0.001
(25,13): 0.001
(27,4): 0.002
(18,9): 0.001
(24,11): 0.001
(23,14): 0.002
(38,24): 0.001
(25,26): 0.001
(33,14): 0.001
(32,17): 0.001
(48,18): 0.001
