((5,3)(5,3)) 0.7584954604409857
((5,3)(5,2)) 0.03268482490272374
((5,3)(5,4)) 0.0383916990920882
((5,3)(6,4)) 0.0059662775616083005
((5,3)(4,2)) 0.008560311284046693
((5,3)(4,0)) 0.0036316472114137485
((5,3)(4,3)) 0.0383916990920882
((5,3)(1,3)) 0.0005188067444876783
((5,3)(4,1)) 0.008300907911802853
((5,3)(6,3)) 0.02827496757457847
((5,3)(3,2)) 0.0005188067444876783
((5,3)(5,0)) 0.005188067444876783
((5,3)(5,1)) 0.0038910505836575876
((5,3)(5,5)) 0.0031128404669260703
((5,3)(6,1)) 0.0031128404669260703
((5,3)(3,3)) 0.010116731517509728
((5,3)(5,7)) 0.0010376134889753567
((5,3)(4,9)) 0.00025940337224383917
((5,3)(4,4)) 0.012451361867704281
((5,3)(6,6)) 0.0025940337224383916
((5,3)(7,2)) 0.0020752269779507134
((5,3)(7,1)) 0.0010376134889753567
((5,3)(3,0)) 0.0033722438391699094
((5,3)(7,3)) 0.0012970168612191958
((5,3)(2,3)) 0.0007782101167315176
((5,3)(6,0)) 0.004409857328145266
((5,3)(2,1)) 0.0012970168612191958
((5,3)(4,5)) 0.0018158236057068742
((5,3)(4,6)) 0.0012970168612191958
((5,3)(6,2)) 0.0036316472114137485
((5,3)(3,4)) 0.0007782101167315176
((5,3)(9,7)) 0.00025940337224383917
((5,3)(2,2)) 0.0010376134889753567
((5,3)(3,1)) 0.0015564202334630351
((5,3)(8,0)) 0.0005188067444876783
((5,3)(1,1)) 0.0007782101167315176
((5,3)(6,5)) 0.0007782101167315176
((5,3)(9,4)) 0.00025940337224383917
((5,3)(9,2)) 0.0007782101167315176
((5,3)(5,9)) 0.0010376134889753567
((5,3)(9,3)) 0.0005188067444876783
((5,3)(4,7)) 0.00025940337224383917
((5,3)(8,3)) 0.0005188067444876783
((5,3)(5,6)) 0.0012970168612191958
((5,3)(8,2)) 0.0012970168612191958
((5,3)(5,8)) 0.00025940337224383917
((5,3)(6,9)) 0.0012970168612191958
((5,3)(7,6)) 0.00025940337224383917
((5,2)(5,2)) 0.7620889748549323
((5,2)(5,3)) 0.10735009671179883
((5,2)(4,4)) 0.014506769825918761
((5,2)(5,4)) 0.0183752417794971
((5,2)(6,3)) 0.007736943907156673
((5,2)(4,3)) 0.027079303675048357
((5,2)(5,1)) 0.008704061895551257
((5,2)(4,0)) 0.0009671179883945841
((5,2)(5,0)) 0.014506769825918761
((5,2)(5,5)) 0.0009671179883945841
((5,2)(5,8)) 0.0019342359767891683
((5,2)(3,4)) 0.0009671179883945841
((5,2)(4,2)) 0.008704061895551257
((5,2)(2,0)) 0.0019342359767891683
((5,2)(3,3)) 0.0038684719535783366
((5,2)(3,1)) 0.0009671179883945841
((5,2)(5,7)) 0.0019342359767891683
((5,2)(6,6)) 0.0009671179883945841
((5,2)(6,4)) 0.0029013539651837525
((5,2)(4,1)) 0.0038684719535783366
((5,2)(6,2)) 0.0029013539651837525
((5,2)(6,0)) 0.0009671179883945841
((5,2)(1,2)) 0.0029013539651837525
((5,2)(3,0)) 0.0009671179883945841
((5,2)(2,3)) 0.0009671179883945841
((5,2)(6,9)) 0.0009671179883945841
((5,4)(5,4)) 0.8445014427701186
((5,4)(5,3)) 0.026130169926258415
((5,4)(6,4)) 0.006572619429304264
((5,4)(6,3)) 0.010259698621352998
((5,4)(4,2)) 0.0030458480282141713
((5,4)(5,6)) 0.0016030779095864058
((5,4)(2,2)) 0.0006412311638345624
((5,4)(8,6)) 0.0022443090734209684
((5,4)(3,3)) 0.009297851875601153
((5,4)(4,3)) 0.013786470022443091
((5,4)(5,5)) 0.005931388265469702
((5,4)(4,4)) 0.025969862135299775
((5,4)(5,7)) 0.0014427701186277653
((5,4)(6,6)) 0.0017633857005450466
((5,4)(6,5)) 0.008015389547932029
((5,4)(2,3)) 0.004328310355883296
((5,4)(4,0)) 0.0008015389547932029
((5,4)(5,0)) 0.0016030779095864058
((5,4)(4,1)) 0.0009618467457518436
((5,4)(9,8)) 0.0022443090734209684
((5,4)(5,1)) 0.0009618467457518436
((5,4)(9,2)) 0.0008015389547932029
((5,4)(8,2)) 0.0030458480282141713
((5,4)(9,7)) 0.0024046168643796087
((5,4)(4,6)) 0.0006412311638345624
((5,4)(7,6)) 0.0011221545367104842
((5,4)(1,2)) 0.0008015389547932029
((5,4)(7,3)) 0.0030458480282141713
((5,4)(7,4)) 0.0009618467457518436
((5,4)(5,9)) 0.0012824623276691247
((5,4)(5,2)) 0.0020840012824623277
((5,4)(3,4)) 0.0004809233728759218
((5,4)(4,5)) 0.0011221545367104842
((5,4)(3,2)) 0.0004809233728759218
((5,4)(2,0)) 0.0003206155819172812
((5,4)(9,3)) 0.0008015389547932029
((5,4)(2,1)) 0.0004809233728759218
((5,4)(7,2)) 0.0004809233728759218
((5,4)(6,2)) 0.0008015389547932029
((5,4)(7,5)) 0.0004809233728759218
((5,4)(3,1)) 0.0004809233728759218
((5,4)(6,9)) 0.0003206155819172812
((5,4)(9,4)) 0.0006412311638345624
((5,4)(7,1)) 0.0001603077909586406
((5,4)(8,3)) 0.0006412311638345624
((5,4)(3,6)) 0.0003206155819172812
((5,4)(8,7)) 0.0004809233728759218
((5,4)(5,8)) 0.0008015389547932029
((5,4)(3,0)) 0.0004809233728759218
((5,4)(10,4)) 0.0003206155819172812
((5,4)(1,4)) 0.0003206155819172812
((5,4)(9,6)) 0.0003206155819172812
((5,4)(7,7)) 0.0006412311638345624
((5,4)(4,7)) 0.0001603077909586406
((5,4)(7,9)) 0.0001603077909586406
((6,4)(6,4)) 0.7479784366576819
((6,4)(3,3)) 0.0013477088948787063
((6,4)(5,3)) 0.013477088948787063
((6,4)(5,4)) 0.05525606469002695
((6,4)(9,8)) 0.005390835579514825
((6,4)(6,6)) 0.004043126684636119
((6,4)(6,3)) 0.07008086253369272
((6,4)(6,5)) 0.03234501347708895
((6,4)(8,2)) 0.004043126684636119
((6,4)(4,4)) 0.012129380053908356
((6,4)(8,3)) 0.0026954177897574125
((6,4)(4,3)) 0.008086253369272238
((6,4)(1,4)) 0.0013477088948787063
((6,4)(6,8)) 0.0013477088948787063
((6,4)(5,1)) 0.004043126684636119
((6,4)(7,4)) 0.0026954177897574125
((6,4)(8,4)) 0.0026954177897574125
((6,4)(5,2)) 0.01078167115902965
((6,4)(8,6)) 0.0013477088948787063
((6,4)(7,3)) 0.006738544474393531
((6,4)(7,6)) 0.0026954177897574125
((6,4)(5,9)) 0.0013477088948787063
((6,4)(2,3)) 0.0013477088948787063
((6,4)(4,2)) 0.0013477088948787063
((6,4)(5,8)) 0.0013477088948787063
((6,4)(4,5)) 0.0013477088948787063
((6,4)(3,2)) 0.0013477088948787063
((6,4)(4,6)) 0.0013477088948787063
((3,3)(3,3)) 0.8044769301050708
((3,3)(5,3)) 0.02147099132023755
((3,3)(2,2)) 0.01187756966651439
((3,3)(3,2)) 0.011420740063956145
((3,3)(3,4)) 0.005938784833257195
((3,3)(5,4)) 0.021014161717679305
((3,3)(5,1)) 0.001827318410232983
((3,3)(4,3)) 0.03883051621745089
((3,3)(6,3)) 0.006395614435815441
((3,3)(4,4)) 0.02055733211512106
((3,3)(2,3)) 0.02055733211512106
((3,3)(0,2)) 0.0022841480127912287
((3,3)(3,1)) 0.0031978072179077205
((3,3)(8,2)) 0.0013704888076747374
((3,3)(1,2)) 0.004111466423024212
((3,3)(1,4)) 0.0031978072179077205
((3,3)(6,4)) 0.0009136592051164915
((3,3)(1,3)) 0.0022841480127912287
((3,3)(4,5)) 0.0013704888076747374
((3,3)(5,5)) 0.0031978072179077205
((3,3)(6,2)) 0.0009136592051164915
((3,3)(7,3)) 0.0013704888076747374
((3,3)(4,2)) 0.002740977615349475
((3,3)(5,6)) 0.0009136592051164915
((3,3)(5,2)) 0.00045682960255824577
((3,3)(8,7)) 0.00045682960255824577
((3,3)(6,9)) 0.00045682960255824577
((3,3)(6,6)) 0.0009136592051164915
((3,3)(2,0)) 0.00045682960255824577
((3,3)(5,8)) 0.00045682960255824577
((3,3)(5,7)) 0.001827318410232983
((3,3)(8,4)) 0.00045682960255824577
((3,3)(5,0)) 0.0022841480127912287
((4,4)(4,4)) 0.7684486716956379
((4,4)(6,3)) 0.012791079042308954
((4,4)(5,5)) 0.008527386028205968
((4,4)(4,2)) 0.0016398819285011479
((4,4)(4,0)) 0.0006559527714004591
((4,4)(2,3)) 0.010167267956707117
((4,4)(4,5)) 0.006887504099704822
((4,4)(4,6)) 0.004263693014102984
((4,4)(5,7)) 0.003935716628402755
((4,4)(3,3)) 0.013775008199409643
((4,4)(4,3)) 0.03574942604132503
((4,4)(3,4)) 0.005903574942604133
((4,4)(6,5)) 0.0032797638570022957
((4,4)(4,9)) 0.003935716628402755
((4,4)(5,3)) 0.017054772056411937
((4,4)(1,2)) 0.005903574942604133
((4,4)(1,4)) 0.003935716628402755
((4,4)(5,4)) 0.04854050508363398
((4,4)(4,7)) 0.0032797638570022957
((4,4)(6,4)) 0.0026238110856018366
((4,4)(3,1)) 0.0006559527714004591
((4,4)(5,9)) 0.0029517874713020664
((4,4)(5,2)) 0.0032797638570022957
((4,4)(6,6)) 0.0029517874713020664
((4,4)(1,3)) 0.0019678583142013774
((4,4)(3,5)) 0.0013119055428009183
((4,4)(4,1)) 0.0026238110856018366
((4,4)(6,2)) 0.0009839291571006887
((4,4)(8,2)) 0.0016398819285011479
((4,4)(5,8)) 0.0019678583142013774
((4,4)(2,2)) 0.0088553624139062
((4,4)(6,0)) 0.0006559527714004591
((4,4)(9,4)) 0.0009839291571006887
((4,4)(5,1)) 0.00032797638570022957
((4,4)(7,1)) 0.0009839291571006887
((4,4)(3,2)) 0.0009839291571006887
((4,4)(6,9)) 0.00032797638570022957
((4,4)(3,0)) 0.0006559527714004591
((4,4)(7,3)) 0.0006559527714004591
((4,4)(7,4)) 0.0006559527714004591
((4,4)(3,6)) 0.0013119055428009183
((4,4)(1,1)) 0.00032797638570022957
((4,4)(2,0)) 0.00032797638570022957
((4,4)(5,0)) 0.0006559527714004591
((4,4)(9,7)) 0.00032797638570022957
((4,4)(4,8)) 0.00032797638570022957
((6,3)(6,3)) 0.78759765625
((6,3)(5,2)) 0.00341796875
((6,3)(5,4)) 0.041015625
((6,3)(4,3)) 0.01708984375
((6,3)(5,3)) 0.04541015625
((6,3)(5,0)) 0.0009765625
((6,3)(7,3)) 0.01318359375
((6,3)(7,2)) 0.00146484375
((6,3)(6,2)) 0.01318359375
((6,3)(4,2)) 0.00146484375
((6,3)(3,0)) 0.0009765625
((6,3)(7,1)) 0.00390625
((6,3)(8,6)) 0.00048828125
((6,3)(6,4)) 0.02197265625
((6,3)(4,0)) 0.00048828125
((6,3)(6,5)) 0.001953125
((6,3)(2,3)) 0.0009765625
((6,3)(4,4)) 0.01904296875
((6,3)(6,1)) 0.00244140625
((6,3)(3,3)) 0.0068359375
((6,3)(7,6)) 0.00048828125
((6,3)(4,5)) 0.0029296875
((6,3)(3,2)) 0.00048828125
((6,3)(9,7)) 0.00048828125
((6,3)(3,1)) 0.0009765625
((6,3)(1,2)) 0.00146484375
((6,3)(8,2)) 0.001953125
((6,3)(1,4)) 0.00048828125
((6,3)(6,0)) 0.00341796875
((6,3)(2,0)) 0.00048828125
((6,3)(8,3)) 0.00048828125
((6,3)(4,1)) 0.00048828125
((6,3)(9,2)) 0.00048828125
((6,3)(5,1)) 0.00048828125
((6,3)(4,6)) 0.00048828125
((6,3)(8,4)) 0.00048828125
((5,8)(5,8)) 0.7821782178217822
((5,8)(4,5)) 0.0231023102310231
((5,8)(5,7)) 0.056105610561056105
((5,8)(4,3)) 0.0165016501650165
((5,8)(5,5)) 0.026402640264026403
((5,8)(4,7)) 0.0033003300330033004
((5,8)(5,9)) 0.026402640264026403
((5,8)(6,4)) 0.006600660066006601
((5,8)(7,8)) 0.0033003300330033004
((5,8)(4,4)) 0.009900990099009901
((5,8)(5,4)) 0.0165016501650165
((5,8)(9,8)) 0.009900990099009901
((5,8)(5,3)) 0.0033003300330033004
((5,8)(4,9)) 0.0033003300330033004
((5,8)(6,6)) 0.0033003300330033004
((5,8)(2,3)) 0.0033003300330033004
((5,8)(3,3)) 0.0033003300330033004
((5,8)(4,8)) 0.0033003300330033004
((4,5)(4,5)) 0.7331288343558282
((4,5)(4,4)) 0.06441717791411043
((4,5)(5,8)) 0.006134969325153374
((4,5)(5,4)) 0.024539877300613498
((4,5)(4,9)) 0.024539877300613498
((4,5)(6,1)) 0.003067484662576687
((4,5)(5,5)) 0.015337423312883436
((4,5)(3,4)) 0.012269938650306749
((4,5)(6,4)) 0.003067484662576687
((4,5)(4,3)) 0.02147239263803681
((4,5)(5,3)) 0.02147239263803681
((4,5)(3,6)) 0.003067484662576687
((4,5)(5,2)) 0.003067484662576687
((4,5)(4,6)) 0.015337423312883436
((4,5)(6,3)) 0.012269938650306749
((4,5)(7,6)) 0.003067484662576687
((4,5)(4,2)) 0.003067484662576687
((4,5)(3,5)) 0.003067484662576687
((4,5)(6,5)) 0.003067484662576687
((4,5)(3,3)) 0.006134969325153374
((4,5)(3,2)) 0.012269938650306749
((4,5)(5,7)) 0.006134969325153374
((5,5)(5,5)) 0.7757575757575758
((5,5)(5,8)) 0.01090909090909091
((5,5)(5,4)) 0.05090909090909091
((5,5)(3,4)) 0.0036363636363636364
((5,5)(4,4)) 0.03515151515151515
((5,5)(6,6)) 0.01090909090909091
((5,5)(6,1)) 0.0048484848484848485
((5,5)(4,2)) 0.0036363636363636364
((5,5)(5,3)) 0.008484848484848486
((5,5)(4,3)) 0.0048484848484848485
((5,5)(5,7)) 0.009696969696969697
((5,5)(5,6)) 0.01575757575757576
((5,5)(5,9)) 0.012121212121212121
((5,5)(5,2)) 0.0012121212121212121
((5,5)(6,5)) 0.009696969696969697
((5,5)(4,5)) 0.0048484848484848485
((5,5)(3,2)) 0.009696969696969697
((5,5)(3,3)) 0.009696969696969697
((5,5)(6,2)) 0.0012121212121212121
((5,5)(3,1)) 0.0024242424242424242
((5,5)(6,3)) 0.0012121212121212121
((5,5)(3,0)) 0.0012121212121212121
((5,5)(4,9)) 0.0024242424242424242
((5,5)(6,8)) 0.0012121212121212121
((5,5)(1,2)) 0.0024242424242424242
((5,5)(1,4)) 0.0012121212121212121
((5,5)(7,4)) 0.0024242424242424242
((5,5)(7,8)) 0.0012121212121212121
((5,5)(4,8)) 0.0012121212121212121
((4,2)(4,2)) 0.71939477303989
((4,2)(4,4)) 0.0068775790921595595
((4,2)(5,3)) 0.061898211829436035
((4,2)(4,3)) 0.06602475928473177
((4,2)(5,4)) 0.02888583218707015
((4,2)(4,0)) 0.012379642365887207
((4,2)(4,1)) 0.030261348005502064
((4,2)(3,2)) 0.005502063273727648
((4,2)(5,5)) 0.002751031636863824
((4,2)(3,0)) 0.013755158184319119
((4,2)(2,1)) 0.001375515818431912
((4,2)(6,3)) 0.0041265474552957355
((4,2)(7,5)) 0.001375515818431912
((4,2)(3,1)) 0.0041265474552957355
((4,2)(5,2)) 0.009628610729023384
((4,2)(7,3)) 0.001375515818431912
((4,2)(5,0)) 0.0068775790921595595
((4,2)(1,4)) 0.001375515818431912
((4,2)(1,1)) 0.0041265474552957355
((4,2)(3,3)) 0.009628610729023384
((4,2)(6,2)) 0.001375515818431912
((4,2)(2,3)) 0.001375515818431912
((4,2)(1,2)) 0.001375515818431912
((4,2)(6,4)) 0.001375515818431912
((4,2)(6,5)) 0.001375515818431912
((4,2)(5,1)) 0.001375515818431912
((4,0)(4,0)) 0.8972125435540069
((4,0)(5,3)) 0.03484320557491289
((4,0)(4,2)) 0.01916376306620209
((4,0)(2,3)) 0.0017421602787456446
((4,0)(5,4)) 0.013937282229965157
((4,0)(5,0)) 0.003484320557491289
((4,0)(3,0)) 0.0017421602787456446
((4,0)(5,1)) 0.0017421602787456446
((4,0)(3,1)) 0.003484320557491289
((4,0)(4,3)) 0.003484320557491289
((4,0)(6,3)) 0.0017421602787456446
((4,0)(4,1)) 0.010452961672473868
((4,0)(3,3)) 0.0017421602787456446
((4,0)(1,1)) 0.0017421602787456446
((4,0)(5,2)) 0.0017421602787456446
((4,0)(5,7)) 0.0017421602787456446
((4,3)(4,3)) 0.7846836847946725
((4,3)(3,2)) 0.006659267480577136
((4,3)(6,5)) 0.003329633740288568
((4,3)(6,3)) 0.010821309655937847
((4,3)(5,3)) 0.03912319644839068
((4,3)(5,4)) 0.026359600443951164
((4,3)(4,4)) 0.03218645948945616
((4,3)(4,2)) 0.015815760266370698
((4,3)(6,2)) 0.0024972253052164264
((4,3)(3,3)) 0.023307436182019976
((4,3)(3,4)) 0.0011098779134295228
((4,3)(4,9)) 0.0005549389567147614
((4,3)(5,0)) 0.003607103218645949
((4,3)(5,2)) 0.007491675915649278
((4,3)(4,0)) 0.0013873473917869034
((4,3)(2,1)) 0.0002774694783573807
((4,3)(5,5)) 0.002774694783573807
((4,3)(5,8)) 0.001664816870144284
((4,3)(2,3)) 0.002774694783573807
((4,3)(2,2)) 0.0069367369589345175
((4,3)(2,0)) 0.0011098779134295228
((4,3)(7,3)) 0.0022197558268590455
((4,3)(6,0)) 0.000832408435072142
((4,3)(6,4)) 0.0022197558268590455
((4,3)(7,1)) 0.0013873473917869034
((4,3)(6,6)) 0.0013873473917869034
((4,3)(9,3)) 0.0002774694783573807
((4,3)(4,1)) 0.001664816870144284
((4,3)(1,2)) 0.001664816870144284
((4,3)(8,6)) 0.0002774694783573807
((4,3)(9,4)) 0.0011098779134295228
((4,3)(7,2)) 0.0005549389567147614
((4,3)(3,1)) 0.0022197558268590455
((4,3)(3,6)) 0.0005549389567147614
((4,3)(4,5)) 0.001664816870144284
((4,3)(1,1)) 0.001942286348501665
((4,3)(4,6)) 0.001942286348501665
((4,3)(3,0)) 0.0002774694783573807
((4,3)(1,3)) 0.0002774694783573807
((4,3)(8,2)) 0.0002774694783573807
((4,3)(8,7)) 0.0002774694783573807
((4,3)(5,9)) 0.0002774694783573807
((4,3)(5,6)) 0.0002774694783573807
((4,3)(5,1)) 0.0005549389567147614
((4,3)(6,9)) 0.000832408435072142
((4,3)(7,6)) 0.0002774694783573807
((4,3)(7,5)) 0.0002774694783573807
((3,2)(3,2)) 0.7871396895787139
((3,2)(5,4)) 0.015521064301552107
((3,2)(3,3)) 0.04656319290465632
((3,2)(2,2)) 0.008869179600886918
((3,2)(4,3)) 0.057649667405764965
((3,2)(4,2)) 0.004434589800443459
((3,2)(3,1)) 0.03547671840354767
((3,2)(5,1)) 0.0022172949002217295
((3,2)(1,1)) 0.0022172949002217295
((3,2)(5,5)) 0.013303769401330377
((3,2)(2,3)) 0.0022172949002217295
((3,2)(4,7)) 0.0022172949002217295
((3,2)(5,2)) 0.0022172949002217295
((3,2)(3,4)) 0.0022172949002217295
((3,2)(6,2)) 0.0022172949002217295
((3,2)(2,4)) 0.0022172949002217295
((3,2)(1,3)) 0.004434589800443459
((3,2)(4,5)) 0.0066518847006651885
((3,2)(5,3)) 0.0022172949002217295
((6,5)(6,5)) 0.7098865478119936
((6,5)(5,4)) 0.08103727714748785
((6,5)(8,7)) 0.0016207455429497568
((6,5)(6,4)) 0.04538087520259319
((6,5)(6,6)) 0.01620745542949757
((6,5)(4,3)) 0.019448946515397084
((6,5)(6,3)) 0.009724473257698542
((6,5)(4,4)) 0.02106969205834684
((6,5)(4,2)) 0.0032414910858995136
((6,5)(9,8)) 0.006482982171799027
((6,5)(9,7)) 0.006482982171799027
((6,5)(7,3)) 0.0016207455429497568
((6,5)(7,4)) 0.009724473257698542
((6,5)(8,4)) 0.006482982171799027
((6,5)(5,5)) 0.014586709886547812
((6,5)(9,4)) 0.012965964343598054
((6,5)(5,3)) 0.006482982171799027
((6,5)(7,6)) 0.0016207455429497568
((6,5)(1,4)) 0.0032414910858995136
((6,5)(10,4)) 0.0016207455429497568
((6,5)(8,6)) 0.0016207455429497568
((6,5)(9,6)) 0.0016207455429497568
((6,5)(8,5)) 0.0016207455429497568
((6,5)(7,7)) 0.0032414910858995136
((6,5)(5,8)) 0.0032414910858995136
((6,5)(4,5)) 0.0016207455429497568
((6,5)(7,8)) 0.0016207455429497568
((6,5)(5,9)) 0.0032414910858995136
((6,5)(5,7)) 0.0016207455429497568
((6,5)(7,5)) 0.0016207455429497568
((5,6)(5,6)) 0.718562874251497
((5,6)(4,9)) 0.023952095808383235
((5,6)(5,7)) 0.011976047904191617
((5,6)(5,4)) 0.10778443113772455
((5,6)(5,3)) 0.029940119760479042
((5,6)(5,5)) 0.059880239520958084
((5,6)(6,6)) 0.011976047904191617
((5,6)(4,4)) 0.005988023952095809
((5,6)(5,9)) 0.005988023952095809
((5,6)(3,3)) 0.011976047904191617
((5,6)(7,4)) 0.005988023952095809
((5,6)(4,3)) 0.005988023952095809
((1,3)(1,3)) 0.7462121212121212
((1,3)(5,4)) 0.03409090909090909
((1,3)(1,2)) 0.10227272727272728
((1,3)(4,4)) 0.015151515151515152
((1,3)(2,3)) 0.045454545454545456
((1,3)(5,3)) 0.003787878787878788
((1,3)(5,7)) 0.003787878787878788
((1,3)(7,5)) 0.003787878787878788
((1,3)(3,3)) 0.007575757575757576
((1,3)(5,5)) 0.007575757575757576
((1,3)(4,3)) 0.007575757575757576
((1,3)(1,4)) 0.007575757575757576
((1,3)(3,2)) 0.003787878787878788
((1,3)(2,2)) 0.011363636363636364
((4,1)(4,1)) 0.7506234413965087
((4,1)(5,3)) 0.07231920199501247
((4,1)(4,0)) 0.029925187032418952
((4,1)(4,2)) 0.057356608478802994
((4,1)(5,4)) 0.022443890274314215
((4,1)(5,2)) 0.00997506234413965
((4,1)(3,0)) 0.014962593516209476
((4,1)(2,3)) 0.0024937655860349127
((4,1)(6,3)) 0.007481296758104738
((4,1)(4,3)) 0.00997506234413965
((4,1)(4,4)) 0.00997506234413965
((4,1)(5,0)) 0.007481296758104738
((4,1)(5,1)) 0.0024937655860349127
((4,1)(7,3)) 0.0024937655860349127
((5,7)(5,7)) 0.7505827505827506
((5,7)(4,7)) 0.009324009324009324
((5,7)(5,9)) 0.023310023310023312
((5,7)(4,4)) 0.03263403263403263
((5,7)(5,4)) 0.023310023310023312
((5,7)(5,3)) 0.011655011655011656
((5,7)(5,2)) 0.006993006993006993
((5,7)(5,6)) 0.013986013986013986
((5,7)(5,5)) 0.023310023310023312
((5,7)(4,8)) 0.02097902097902098
((5,7)(6,6)) 0.011655011655011656
((5,7)(4,6)) 0.004662004662004662
((5,7)(4,9)) 0.002331002331002331
((5,7)(4,5)) 0.002331002331002331
((5,7)(5,8)) 0.013986013986013986
((5,7)(6,8)) 0.009324009324009324
((5,7)(8,7)) 0.016317016317016316
((5,7)(4,3)) 0.004662004662004662
((5,7)(3,4)) 0.002331002331002331
((5,7)(6,9)) 0.002331002331002331
((5,7)(8,2)) 0.002331002331002331
((5,7)(3,3)) 0.006993006993006993
((5,7)(7,7)) 0.002331002331002331
((5,7)(9,6)) 0.002331002331002331
((4,7)(4,7)) 0.7266187050359713
((4,7)(5,7)) 0.03597122302158273
((4,7)(4,4)) 0.06474820143884892
((4,7)(2,3)) 0.02158273381294964
((4,7)(9,6)) 0.007194244604316547
((4,7)(5,9)) 0.007194244604316547
((4,7)(5,4)) 0.014388489208633094
((4,7)(3,2)) 0.007194244604316547
((4,7)(4,8)) 0.014388489208633094
((4,7)(5,3)) 0.014388489208633094
((4,7)(3,6)) 0.02158273381294964
((4,7)(4,6)) 0.02877697841726619
((4,7)(1,4)) 0.014388489208633094
((4,7)(3,7)) 0.007194244604316547
((4,7)(4,5)) 0.007194244604316547
((4,7)(5,8)) 0.007194244604316547
((5,9)(5,9)) 0.8406113537117904
((5,9)(5,8)) 0.028384279475982533
((5,9)(5,7)) 0.015283842794759825
((5,9)(4,4)) 0.017467248908296942
((5,9)(5,3)) 0.006550218340611353
((5,9)(5,6)) 0.002183406113537118
((5,9)(4,9)) 0.008733624454148471
((5,9)(4,3)) 0.004366812227074236
((5,9)(5,5)) 0.024017467248908297
((5,9)(5,4)) 0.021834061135371178
((5,9)(6,6)) 0.008733624454148471
((5,9)(7,3)) 0.002183406113537118
((5,9)(6,4)) 0.004366812227074236
((5,9)(4,8)) 0.002183406113537118
((5,9)(7,6)) 0.002183406113537118
((5,9)(6,9)) 0.002183406113537118
((5,9)(3,2)) 0.002183406113537118
((5,9)(3,3)) 0.002183406113537118
((5,9)(6,5)) 0.004366812227074236
((2,2)(2,2)) 0.8142857142857143
((2,2)(3,3)) 0.02197802197802198
((2,2)(5,4)) 0.006593406593406593
((2,2)(1,2)) 0.038461538461538464
((2,2)(4,4)) 0.026373626373626374
((2,2)(2,3)) 0.014285714285714285
((2,2)(3,1)) 0.00989010989010989
((2,2)(5,5)) 0.001098901098901099
((2,2)(4,3)) 0.025274725274725275
((2,2)(1,1)) 0.004395604395604396
((2,2)(4,0)) 0.0032967032967032967
((2,2)(2,1)) 0.004395604395604396
((2,2)(1,3)) 0.004395604395604396
((2,2)(5,8)) 0.002197802197802198
((2,2)(3,2)) 0.006593406593406593
((2,2)(1,4)) 0.002197802197802198
((2,2)(3,0)) 0.005494505494505495
((2,2)(6,3)) 0.001098901098901099
((2,2)(4,2)) 0.001098901098901099
((2,2)(5,2)) 0.001098901098901099
((2,2)(5,3)) 0.0032967032967032967
((2,2)(5,0)) 0.001098901098901099
((2,2)(8,4)) 0.001098901098901099
((9,8)(9,8)) 0.7291666666666666
((9,8)(5,4)) 0.06770833333333333
((9,8)(6,4)) 0.020833333333333332
((9,8)(8,8)) 0.052083333333333336
((9,8)(9,7)) 0.041666666666666664
((9,8)(5,8)) 0.020833333333333332
((9,8)(7,7)) 0.026041666666666668
((9,8)(7,6)) 0.005208333333333333
((9,8)(5,5)) 0.005208333333333333
((9,8)(8,6)) 0.005208333333333333
((9,8)(8,7)) 0.010416666666666666
((9,8)(6,5)) 0.015625
((8,6)(8,6)) 0.7703703703703704
((8,6)(6,5)) 0.044444444444444446
((8,6)(5,4)) 0.08888888888888889
((8,6)(2,3)) 0.007407407407407408
((8,6)(6,4)) 0.007407407407407408
((8,6)(7,7)) 0.007407407407407408
((8,6)(4,3)) 0.007407407407407408
((8,6)(8,7)) 0.022222222222222223
((8,6)(9,8)) 0.014814814814814815
((8,6)(9,7)) 0.007407407407407408
((8,6)(3,6)) 0.022222222222222223
((1,2)(1,2)) 0.7581395348837209
((1,2)(2,2)) 0.04496124031007752
((1,2)(2,3)) 0.015503875968992248
((1,2)(3,0)) 0.013953488372093023
((1,2)(0,2)) 0.017054263565891473
((1,2)(1,3)) 0.04961240310077519
((1,2)(1,1)) 0.006201550387596899
((1,2)(2,0)) 0.004651162790697674
((1,2)(4,4)) 0.017054263565891473
((1,2)(4,9)) 0.0015503875968992248
((1,2)(6,3)) 0.006201550387596899
((1,2)(5,4)) 0.007751937984496124
((1,2)(3,2)) 0.004651162790697674
((1,2)(3,3)) 0.013953488372093023
((1,2)(2,1)) 0.006201550387596899
((1,2)(5,3)) 0.0015503875968992248
((1,2)(0,3)) 0.009302325581395349
((1,2)(4,3)) 0.006201550387596899
((1,2)(6,4)) 0.0015503875968992248
((1,2)(8,3)) 0.0015503875968992248
((1,2)(3,1)) 0.007751937984496124
((1,2)(5,5)) 0.0031007751937984496
((1,2)(5,2)) 0.0015503875968992248
((2,3)(2,3)) 0.7844827586206896
((2,3)(2,1)) 0.0012315270935960591
((2,3)(3,3)) 0.06527093596059114
((2,3)(4,4)) 0.03694581280788178
((2,3)(2,2)) 0.01847290640394089
((2,3)(5,4)) 0.03078817733990148
((2,3)(1,2)) 0.012315270935960592
((2,3)(9,7)) 0.0012315270935960591
((2,3)(6,3)) 0.0024630541871921183
((2,3)(1,1)) 0.0024630541871921183
((2,3)(1,3)) 0.01600985221674877
((2,3)(1,4)) 0.003694581280788177
((2,3)(4,3)) 0.007389162561576354
((2,3)(6,4)) 0.0012315270935960591
((2,3)(4,7)) 0.0012315270935960591
((2,3)(2,4)) 0.0024630541871921183
((2,3)(5,2)) 0.0012315270935960591
((2,3)(7,2)) 0.0012315270935960591
((2,3)(8,2)) 0.0012315270935960591
((2,3)(5,5)) 0.0012315270935960591
((2,3)(4,2)) 0.0012315270935960591
((2,3)(5,1)) 0.0012315270935960591
((2,3)(3,0)) 0.0024630541871921183
((2,3)(7,4)) 0.0024630541871921183
((2,1)(2,1)) 0.7933884297520661
((2,1)(2,2)) 0.03305785123966942
((2,1)(3,1)) 0.04132231404958678
((2,1)(5,3)) 0.04132231404958678
((2,1)(4,2)) 0.008264462809917356
((2,1)(1,2)) 0.024793388429752067
((2,1)(4,3)) 0.024793388429752067
((2,1)(5,4)) 0.008264462809917356
((2,1)(2,0)) 0.008264462809917356
((2,1)(1,1)) 0.01652892561983471
((5,0)(5,0)) 0.8556547619047619
((5,0)(5,2)) 0.019345238095238096
((5,0)(5,4)) 0.020833333333333332
((5,0)(5,1)) 0.017857142857142856
((5,0)(4,3)) 0.023809523809523808
((5,0)(5,3)) 0.02976190476190476
((5,0)(4,0)) 0.005952380952380952
((5,0)(5,7)) 0.001488095238095238
((5,0)(8,0)) 0.005952380952380952
((5,0)(4,4)) 0.002976190476190476
((5,0)(4,2)) 0.002976190476190476
((5,0)(3,3)) 0.005952380952380952
((5,0)(6,1)) 0.001488095238095238
((5,0)(5,9)) 0.002976190476190476
((5,0)(4,1)) 0.001488095238095238
((5,0)(2,2)) 0.001488095238095238
((4,6)(4,6)) 0.7228915662650602
((4,6)(5,7)) 0.024096385542168676
((4,6)(5,4)) 0.030120481927710843
((4,6)(5,3)) 0.012048192771084338
((4,6)(4,4)) 0.05421686746987952
((4,6)(4,7)) 0.05421686746987952
((4,6)(4,5)) 0.024096385542168676
((4,6)(6,9)) 0.024096385542168676
((4,6)(4,3)) 0.03614457831325301
((4,6)(6,3)) 0.012048192771084338
((4,6)(3,6)) 0.006024096385542169
((3,4)(3,4)) 0.7617021276595745
((3,4)(3,3)) 0.05106382978723404
((3,4)(4,4)) 0.06382978723404255
((3,4)(5,5)) 0.01276595744680851
((3,4)(6,3)) 0.01276595744680851
((3,4)(4,2)) 0.00425531914893617
((3,4)(5,3)) 0.01276595744680851
((3,4)(7,3)) 0.00851063829787234
((3,4)(4,5)) 0.02127659574468085
((3,4)(3,2)) 0.00425531914893617
((3,4)(4,3)) 0.01702127659574468
((3,4)(7,2)) 0.00425531914893617
((3,4)(3,1)) 0.00425531914893617
((3,4)(5,4)) 0.00425531914893617
((3,4)(3,5)) 0.00425531914893617
((3,4)(4,7)) 0.00425531914893617
((3,4)(2,3)) 0.00425531914893617
((3,4)(2,0)) 0.00425531914893617
((7,3)(7,3)) 0.7247706422018348
((7,3)(5,3)) 0.04281345565749235
((7,3)(5,4)) 0.0581039755351682
((7,3)(6,3)) 0.05198776758409786
((7,3)(8,2)) 0.03363914373088685
((7,3)(1,2)) 0.0061162079510703364
((7,3)(8,3)) 0.012232415902140673
((7,3)(3,4)) 0.0030581039755351682
((7,3)(7,2)) 0.0061162079510703364
((7,3)(4,3)) 0.012232415902140673
((7,3)(6,4)) 0.01834862385321101
((7,3)(3,3)) 0.009174311926605505
((7,3)(4,4)) 0.0030581039755351682
((7,3)(8,1)) 0.0030581039755351682
((7,3)(6,5)) 0.0061162079510703364
((7,3)(8,0)) 0.0030581039755351682
((7,3)(8,4)) 0.0061162079510703364
((3,1)(3,1)) 0.7580246913580246
((3,1)(3,2)) 0.04197530864197531
((3,1)(2,1)) 0.012345679012345678
((3,1)(3,0)) 0.04197530864197531
((3,1)(3,3)) 0.024691358024691357
((3,1)(2,0)) 0.027160493827160494
((3,1)(4,3)) 0.03950617283950617
((3,1)(5,4)) 0.012345679012345678
((3,1)(4,1)) 0.0049382716049382715
((3,1)(2,2)) 0.009876543209876543
((3,1)(8,5)) 0.0024691358024691358
((3,1)(5,6)) 0.0024691358024691358
((3,1)(4,2)) 0.007407407407407408
((3,1)(1,2)) 0.0049382716049382715
((3,1)(5,3)) 0.0024691358024691358
((3,1)(8,6)) 0.0024691358024691358
((3,1)(4,0)) 0.0024691358024691358
((3,1)(5,2)) 0.0024691358024691358
((7,2)(7,2)) 0.6363636363636364
((7,2)(6,3)) 0.09090909090909091
((7,2)(5,3)) 0.15151515151515152
((7,2)(5,4)) 0.030303030303030304
((7,2)(7,3)) 0.030303030303030304
((7,2)(2,3)) 0.015151515151515152
((7,2)(5,2)) 0.015151515151515152
((7,2)(6,2)) 0.030303030303030304
((6,6)(6,6)) 0.7864583333333334
((6,6)(5,5)) 0.028645833333333332
((6,6)(6,5)) 0.0390625
((6,6)(5,4)) 0.026041666666666668
((6,6)(5,3)) 0.026041666666666668
((6,6)(5,7)) 0.013020833333333334
((6,6)(4,4)) 0.013020833333333334
((6,6)(5,8)) 0.005208333333333333
((6,6)(7,6)) 0.005208333333333333
((6,6)(7,7)) 0.0026041666666666665
((6,6)(5,9)) 0.015625
((6,6)(4,3)) 0.0234375
((6,6)(3,4)) 0.0026041666666666665
((6,6)(6,3)) 0.0026041666666666665
((6,6)(4,8)) 0.0026041666666666665
((6,6)(3,3)) 0.0026041666666666665
((6,6)(5,6)) 0.0026041666666666665
((6,6)(6,4)) 0.0026041666666666665
((6,2)(6,2)) 0.7272727272727273
((6,2)(6,3)) 0.09848484848484848
((6,2)(4,3)) 0.026515151515151516
((6,2)(6,5)) 0.011363636363636364
((6,2)(5,3)) 0.030303030303030304
((6,2)(6,1)) 0.022727272727272728
((6,2)(6,0)) 0.01893939393939394
((6,2)(4,5)) 0.007575757575757576
((6,2)(5,2)) 0.026515151515151516
((6,2)(5,4)) 0.007575757575757576
((6,2)(4,1)) 0.003787878787878788
((6,2)(7,1)) 0.007575757575757576
((6,2)(7,2)) 0.007575757575757576
((6,2)(3,3)) 0.003787878787878788
((8,7)(8,7)) 0.8584070796460177
((8,7)(6,6)) 0.004424778761061947
((8,7)(9,7)) 0.004424778761061947
((8,7)(5,7)) 0.030973451327433628
((8,7)(7,7)) 0.004424778761061947
((8,7)(8,8)) 0.004424778761061947
((8,7)(3,3)) 0.008849557522123894
((8,7)(5,4)) 0.008849557522123894
((8,7)(8,2)) 0.008849557522123894
((8,7)(6,4)) 0.008849557522123894
((8,7)(8,6)) 0.017699115044247787
((8,7)(9,8)) 0.004424778761061947
((8,7)(6,5)) 0.004424778761061947
((8,7)(7,6)) 0.01327433628318584
((8,7)(9,6)) 0.008849557522123894
((8,7)(9,5)) 0.004424778761061947
((8,7)(4,8)) 0.004424778761061947
((5,1)(5,1)) 0.799373040752351
((5,1)(3,3)) 0.009404388714733543
((5,1)(5,0)) 0.04075235109717868
((5,1)(5,2)) 0.02821316614420063
((5,1)(4,1)) 0.003134796238244514
((5,1)(4,3)) 0.012539184952978056
((5,1)(5,3)) 0.07210031347962383
((5,1)(4,0)) 0.009404388714733543
((5,1)(5,4)) 0.012539184952978056
((5,1)(4,4)) 0.006269592476489028
((5,1)(6,4)) 0.003134796238244514
((5,1)(6,1)) 0.003134796238244514
((6,1)(6,1)) 0.7966101694915254
((6,1)(5,3)) 0.07344632768361582
((6,1)(6,2)) 0.022598870056497175
((6,1)(6,3)) 0.03954802259887006
((6,1)(4,4)) 0.011299435028248588
((6,1)(5,2)) 0.005649717514124294
((6,1)(4,3)) 0.01694915254237288
((6,1)(5,5)) 0.011299435028248588
((6,1)(7,0)) 0.005649717514124294
((6,1)(6,0)) 0.005649717514124294
((6,1)(5,1)) 0.005649717514124294
((6,1)(4,2)) 0.005649717514124294
((4,9)(4,9)) 0.7793427230046949
((4,9)(4,4)) 0.06103286384976526
((4,9)(4,3)) 0.009389671361502348
((4,9)(5,7)) 0.004694835680751174
((4,9)(5,4)) 0.009389671361502348
((4,9)(1,2)) 0.004694835680751174
((4,9)(4,5)) 0.03755868544600939
((4,9)(5,9)) 0.018779342723004695
((4,9)(4,8)) 0.028169014084507043
((4,9)(4,7)) 0.004694835680751174
((4,9)(5,6)) 0.009389671361502348
((4,9)(3,3)) 0.009389671361502348
((4,9)(3,9)) 0.004694835680751174
((4,9)(5,5)) 0.009389671361502348
((4,9)(9,4)) 0.009389671361502348
((3,0)(3,0)) 0.8837209302325582
((3,0)(3,1)) 0.02823920265780731
((3,0)(4,1)) 0.009966777408637873
((3,0)(5,6)) 0.0016611295681063123
((3,0)(5,3)) 0.016611295681063124
((3,0)(4,2)) 0.016611295681063124
((3,0)(2,2)) 0.013289036544850499
((3,0)(1,2)) 0.013289036544850499
((3,0)(5,2)) 0.0016611295681063123
((3,0)(5,5)) 0.0016611295681063123
((3,0)(5,9)) 0.0016611295681063123
((3,0)(4,4)) 0.0049833887043189366
((3,0)(2,3)) 0.0016611295681063123
((3,0)(4,3)) 0.0016611295681063123
((3,0)(7,2)) 0.0016611295681063123
((3,0)(4,0)) 0.0016611295681063123
((8,8)(8,8)) 0.6451612903225806
((8,8)(9,8)) 0.2903225806451613
((8,8)(5,4)) 0.06451612903225806
((1,4)(1,4)) 0.7972027972027972
((1,4)(2,4)) 0.055944055944055944
((1,4)(4,4)) 0.06293706293706294
((1,4)(1,3)) 0.013986013986013986
((1,4)(2,2)) 0.006993006993006993
((1,4)(8,1)) 0.006993006993006993
((1,4)(5,4)) 0.02097902097902098
((1,4)(6,5)) 0.006993006993006993
((1,4)(3,3)) 0.013986013986013986
((1,4)(8,6)) 0.006993006993006993
((1,4)(4,7)) 0.006993006993006993
((2,4)(2,4)) 0.5757575757575758
((2,4)(5,4)) 0.030303030303030304
((2,4)(3,5)) 0.030303030303030304
((2,4)(2,3)) 0.12121212121212122
((2,4)(3,3)) 0.15151515151515152
((2,4)(3,2)) 0.030303030303030304
((2,4)(4,4)) 0.030303030303030304
((2,4)(2,2)) 0.030303030303030304
((0,2)(0,2)) 0.5675675675675675
((0,2)(0,3)) 0.10810810810810811
((0,2)(3,3)) 0.02702702702702703
((0,2)(5,3)) 0.05405405405405406
((0,2)(1,2)) 0.24324324324324326
((0,3)(0,3)) 0.7222222222222222
((0,3)(1,2)) 0.1388888888888889
((0,3)(2,2)) 0.08333333333333333
((0,3)(0,2)) 0.05555555555555555
((9,2)(9,2)) 0.7358490566037735
((9,2)(5,4)) 0.07547169811320754
((9,2)(4,4)) 0.018867924528301886
((9,2)(7,3)) 0.018867924528301886
((9,2)(8,2)) 0.07547169811320754
((9,2)(2,3)) 0.018867924528301886
((9,2)(5,3)) 0.03773584905660377
((9,2)(9,3)) 0.018867924528301886
((7,1)(7,1)) 0.7684210526315789
((7,1)(6,3)) 0.06315789473684211
((7,1)(5,3)) 0.042105263157894736
((7,1)(3,3)) 0.021052631578947368
((7,1)(4,3)) 0.05263157894736842
((7,1)(5,4)) 0.021052631578947368
((7,1)(8,0)) 0.010526315789473684
((7,1)(4,4)) 0.021052631578947368
((9,7)(9,7)) 0.7962962962962963
((9,7)(8,6)) 0.006172839506172839
((9,7)(5,4)) 0.08641975308641975
((9,7)(9,8)) 0.037037037037037035
((9,7)(4,4)) 0.024691358024691357
((9,7)(7,5)) 0.006172839506172839
((9,7)(8,7)) 0.012345679012345678
((9,7)(5,3)) 0.006172839506172839
((9,7)(6,3)) 0.012345679012345678
((9,7)(3,6)) 0.006172839506172839
((9,7)(9,6)) 0.006172839506172839
((8,2)(8,2)) 0.6976744186046512
((8,2)(6,3)) 0.01937984496124031
((8,2)(5,4)) 0.031007751937984496
((8,2)(4,4)) 0.046511627906976744
((8,2)(7,3)) 0.023255813953488372
((8,2)(8,3)) 0.03488372093023256
((8,2)(4,8)) 0.01937984496124031
((8,2)(9,5)) 0.003875968992248062
((8,2)(8,0)) 0.015503875968992248
((8,2)(6,4)) 0.011627906976744186
((8,2)(4,3)) 0.003875968992248062
((8,2)(3,6)) 0.003875968992248062
((8,2)(3,3)) 0.003875968992248062
((8,2)(7,2)) 0.003875968992248062
((8,2)(8,7)) 0.007751937984496124
((8,2)(2,3)) 0.007751937984496124
((8,2)(9,2)) 0.011627906976744186
((8,2)(5,3)) 0.01937984496124031
((8,2)(9,3)) 0.007751937984496124
((8,2)(6,8)) 0.003875968992248062
((8,2)(8,1)) 0.003875968992248062
((8,2)(6,6)) 0.003875968992248062
((8,2)(8,4)) 0.003875968992248062
((8,2)(6,5)) 0.003875968992248062
((8,2)(9,4)) 0.007751937984496124
((8,3)(8,3)) 0.7352941176470589
((8,3)(6,4)) 0.0196078431372549
((8,3)(4,8)) 0.00980392156862745
((8,3)(8,2)) 0.0784313725490196
((8,3)(3,4)) 0.00980392156862745
((8,3)(7,3)) 0.0196078431372549
((8,3)(6,5)) 0.00980392156862745
((8,3)(5,3)) 0.049019607843137254
((8,3)(5,4)) 0.029411764705882353
((8,3)(6,3)) 0.0196078431372549
((8,3)(4,3)) 0.00980392156862745
((8,3)(9,2)) 0.00980392156862745
((6,8)(6,8)) 0.5
((6,8)(7,6)) 0.07142857142857142
((6,8)(8,7)) 0.07142857142857142
((6,8)(5,7)) 0.35714285714285715
((7,6)(7,6)) 0.7058823529411765
((7,6)(5,5)) 0.014705882352941176
((7,6)(5,4)) 0.029411764705882353
((7,6)(7,7)) 0.04411764705882353
((7,6)(6,6)) 0.014705882352941176
((7,6)(6,4)) 0.058823529411764705
((7,6)(8,7)) 0.058823529411764705
((7,6)(9,8)) 0.014705882352941176
((7,6)(7,8)) 0.014705882352941176
((7,6)(4,1)) 0.014705882352941176
((7,6)(4,4)) 0.014705882352941176
((7,6)(5,3)) 0.014705882352941176
((4,8)(4,8)) 0.76
((4,8)(5,7)) 0.032
((4,8)(8,2)) 0.04
((4,8)(8,3)) 0.008
((4,8)(4,7)) 0.024
((4,8)(9,3)) 0.032
((4,8)(4,9)) 0.04
((4,8)(5,9)) 0.016
((4,8)(4,4)) 0.024
((4,8)(9,6)) 0.008
((4,8)(5,8)) 0.008
((4,8)(8,7)) 0.008
((1,1)(1,1)) 0.7321428571428571
((1,1)(4,3)) 0.09821428571428571
((1,1)(1,2)) 0.03571428571428571
((1,1)(3,2)) 0.017857142857142856
((1,1)(4,2)) 0.017857142857142856
((1,1)(2,2)) 0.03571428571428571
((1,1)(3,1)) 0.008928571428571428
((1,1)(4,4)) 0.008928571428571428
((1,1)(5,4)) 0.017857142857142856
((1,1)(2,3)) 0.008928571428571428
((1,1)(2,1)) 0.017857142857142856
((7,7)(7,7)) 0.819047619047619
((7,7)(5,7)) 0.02857142857142857
((7,7)(7,6)) 0.01904761904761905
((7,7)(8,6)) 0.009523809523809525
((7,7)(8,7)) 0.02857142857142857
((7,7)(5,4)) 0.02857142857142857
((7,7)(9,6)) 0.01904761904761905
((7,7)(9,8)) 0.0380952380952381
((7,7)(8,5)) 0.009523809523809525
((2,0)(2,0)) 0.735632183908046
((2,0)(1,2)) 0.011494252873563218
((2,0)(3,1)) 0.11494252873563218
((2,0)(4,4)) 0.034482758620689655
((2,0)(5,3)) 0.034482758620689655
((2,0)(1,1)) 0.011494252873563218
((2,0)(4,3)) 0.011494252873563218
((2,0)(3,3)) 0.022988505747126436
((2,0)(5,2)) 0.011494252873563218
((2,0)(6,5)) 0.011494252873563218
((6,0)(6,0)) 0.7692307692307693
((6,0)(6,3)) 0.05128205128205128
((6,0)(5,3)) 0.1282051282051282
((6,0)(4,3)) 0.01282051282051282
((6,0)(5,2)) 0.00641025641025641
((6,0)(6,1)) 0.01282051282051282
((6,0)(6,2)) 0.00641025641025641
((6,0)(3,2)) 0.00641025641025641
((6,0)(5,0)) 0.00641025641025641
((3,5)(3,5)) 0.6
((3,5)(5,6)) 0.05
((3,5)(4,5)) 0.1
((3,5)(3,4)) 0.05
((3,5)(5,3)) 0.05
((3,5)(4,4)) 0.05
((3,5)(2,4)) 0.05
((3,5)(5,4)) 0.05
((8,5)(8,5)) 0.7142857142857143
((8,5)(8,4)) 0.07142857142857142
((8,5)(9,5)) 0.10714285714285714
((8,5)(6,6)) 0.03571428571428571
((8,5)(6,5)) 0.03571428571428571
((8,5)(7,7)) 0.03571428571428571
((8,4)(8,4)) 0.8301886792452831
((8,4)(8,5)) 0.018867924528301886
((8,4)(9,4)) 0.018867924528301886
((8,4)(6,5)) 0.07547169811320754
((8,4)(6,4)) 0.009433962264150943
((8,4)(7,4)) 0.018867924528301886
((8,4)(3,3)) 0.009433962264150943
((8,4)(7,3)) 0.009433962264150943
((8,4)(8,2)) 0.009433962264150943
((9,5)(9,5)) 0.631578947368421
((9,5)(8,4)) 0.10526315789473684
((9,5)(9,3)) 0.05263157894736842
((9,5)(8,5)) 0.05263157894736842
((9,5)(7,6)) 0.05263157894736842
((9,5)(8,0)) 0.05263157894736842
((9,5)(8,7)) 0.05263157894736842
((7,4)(7,4)) 0.7652173913043478
((7,4)(5,5)) 0.06086956521739131
((7,4)(6,5)) 0.09565217391304348
((7,4)(8,4)) 0.017391304347826087
((7,4)(3,3)) 0.008695652173913044
((7,4)(5,4)) 0.017391304347826087
((7,4)(5,6)) 0.008695652173913044
((7,4)(7,3)) 0.008695652173913044
((7,4)(3,1)) 0.008695652173913044
((7,4)(4,5)) 0.008695652173913044
((7,5)(7,5)) 0.6666666666666666
((7,5)(6,5)) 0.09523809523809523
((7,5)(7,6)) 0.047619047619047616
((7,5)(5,4)) 0.14285714285714285
((7,5)(9,7)) 0.047619047619047616
((3,6)(3,6)) 0.8706896551724138
((3,6)(6,6)) 0.008620689655172414
((3,6)(3,4)) 0.008620689655172414
((3,6)(3,5)) 0.008620689655172414
((3,6)(8,2)) 0.008620689655172414
((3,6)(5,7)) 0.008620689655172414
((3,6)(9,8)) 0.008620689655172414
((3,6)(5,3)) 0.008620689655172414
((3,6)(4,6)) 0.008620689655172414
((3,6)(4,5)) 0.008620689655172414
((3,6)(4,4)) 0.008620689655172414
((3,6)(8,6)) 0.017241379310344827
((3,6)(4,7)) 0.017241379310344827
((3,6)(4,3)) 0.008620689655172414
((9,4)(9,4)) 0.7685185185185185
((9,4)(10,4)) 0.027777777777777776
((9,4)(9,5)) 0.027777777777777776
((9,4)(6,5)) 0.05555555555555555
((9,4)(4,3)) 0.046296296296296294
((9,4)(7,3)) 0.009259259259259259
((9,4)(9,6)) 0.009259259259259259
((9,4)(9,3)) 0.009259259259259259
((9,4)(8,4)) 0.018518518518518517
((9,4)(5,4)) 0.009259259259259259
((9,4)(4,9)) 0.009259259259259259
((9,4)(4,2)) 0.009259259259259259
((10,4)(10,4)) 0.5
((10,4)(5,4)) 0.25
((10,4)(7,4)) 0.08333333333333333
((10,4)(9,4)) 0.08333333333333333
((10,4)(4,9)) 0.08333333333333333
((9,6)(9,6)) 0.6666666666666666
((9,6)(4,8)) 0.041666666666666664
((9,6)(6,5)) 0.041666666666666664
((9,6)(5,4)) 0.041666666666666664
((9,6)(9,8)) 0.041666666666666664
((9,6)(8,6)) 0.041666666666666664
((9,6)(9,3)) 0.041666666666666664
((9,6)(8,7)) 0.041666666666666664
((9,6)(9,7)) 0.041666666666666664
((9,3)(9,3)) 0.7272727272727273
((9,3)(9,4)) 0.030303030303030304
((9,3)(5,4)) 0.12121212121212122
((9,3)(8,3)) 0.015151515151515152
((9,3)(4,3)) 0.015151515151515152
((9,3)(4,8)) 0.06060606060606061
((9,3)(8,2)) 0.015151515151515152
((9,3)(6,3)) 0.015151515151515152
((8,0)(8,0)) 0.8867924528301887
((8,0)(5,0)) 0.03773584905660377
((8,0)(4,4)) 0.009433962264150943
((8,0)(8,2)) 0.02830188679245283
((8,0)(8,1)) 0.009433962264150943
((8,0)(7,3)) 0.018867924528301886
((8,0)(6,0)) 0.009433962264150943
((8,1)(8,1)) 0.6666666666666666
((8,1)(6,1)) 0.16666666666666666
((8,1)(8,2)) 0.16666666666666666
((7,0)(7,0)) 0.5
((7,0)(6,3)) 0.5
((6,9)(6,9)) 0.703125
((6,9)(4,6)) 0.0625
((6,9)(4,4)) 0.015625
((6,9)(5,9)) 0.015625
((6,9)(7,3)) 0.03125
((6,9)(5,7)) 0.015625
((6,9)(3,3)) 0.015625
((6,9)(4,3)) 0.0625
((6,9)(5,3)) 0.078125
((7,8)(7,8)) 0.5
((7,8)(6,4)) 0.25
((7,8)(6,6)) 0.125
((7,8)(7,9)) 0.125
((3,9)(3,9)) 0.5
((3,9)(5,4)) 0.5
((3,7)(3,7)) 1.0
((7,9)(7,9)) 0.5
((7,9)(5,4)) 0.3333333333333333
((7,9)(3,4)) 0.16666666666666666
