(5,3): 0.09
(6,4): 0.016
(5,8): 0.009
(5,4): 0.118
(4,4): 0.07
(4,3): 0.093
(6,3): 0.064
(2,2): 0.026
(9,8): 0.006
(8,6): 0.006
(5,7): 0.013
(5,0): 0.019
(4,0): 0.014
(2,3): 0.03
(4,2): 0.025
(5,5): 0.024
(6,2): 0.011
(6,6): 0.012
(5,1): 0.012
(6,1): 0.008
(3,3): 0.045
(4,9): 0.011
(5,6): 0.005
(2,1): 0.004
(3,1): 0.012
(5,2): 0.032
(7,3): 0.012
(8,8): 0.003
(4,1): 0.014
(9,2): 0.004
(6,5): 0.014
(7,1): 0.004
(3,0): 0.011
(4,7): 0.007
(8,3): 0.006
(8,2): 0.009
(1,1): 0.007
(7,7): 0.003
(1,4): 0.008
(1,2): 0.019
(5,9): 0.014
(6,0): 0.007
(7,6): 0.002
(2,0): 0.003
(8,5): 0.002
(7,4): 0.006
(7,5): 0.002
(3,6): 0.001
(9,7): 0.006
(8,7): 0.005
(4,8): 0.003
(4,5): 0.006
(8,4): 0.004
(3,2): 0.006
(1,3): 0.006
(4,6): 0.007
(3,4): 0.004
(9,3): 0.004
(8,0): 0.003
(6,9): 0.004
(9,4): 0.002
(2,4): 0.003
(7,2): 0.002
(0,2): 0.001
(7,9): 0.001
