(5,4): 0.122
(6,4): 0.022
(5,8): 0.007
(4,4): 0.067
(4,0): 0.016
(5,6): 0.003
(5,3): 0.079
(5,9): 0.012
(6,3): 0.066
(2,2): 0.02
(8,6): 0.005
(3,2): 0.019
(5,0): 0.018
(4,5): 0.01
(5,7): 0.013
(2,3): 0.03
(4,2): 0.019
(5,5): 0.027
(6,2): 0.012
(6,6): 0.008
(5,1): 0.007
(6,1): 0.005
(3,3): 0.043
(6,5): 0.013
(4,9): 0.007
(2,1): 0.005
(4,3): 0.07
(3,1): 0.015
(5,2): 0.034
(3,0): 0.014
(9,8): 0.004
(9,2): 0.003
(4,7): 0.005
(4,1): 0.011
(8,2): 0.01
(1,4): 0.015
(7,3): 0.015
(0,2): 0.003
(1,1): 0.006
(2,0): 0.007
(1,2): 0.017
(6,0): 0.008
(7,6): 0.008
(8,3): 0.004
(8,4): 0.006
(4,6): 0.008
(9,7): 0.008
(3,4): 0.005
(8,7): 0.006
(7,7): 0.003
(9,3): 0.004
(7,1): 0.005
(8,8): 0.003
(7,4): 0.003
(9,4): 0.006
(8,0): 0.004
(7,2): 0.002
(4,8): 0.007
(2,4): 0.001
(9,5): 0.001
(6,9): 0.004
(1,3): 0.006
(3,6): 0.004
(9,6): 0.004
(8,1): 0.002
(7,5): 0.003
(3,7): 0.001
