((22,10)(22,10)) 29
((22,10)(14,7)) 1
((14,7)(14,7)) 84
((14,7)(22,10)) 1
((11,11)(11,11)) 496
((11,11)(13,12)) 7
((13,12)(13,12)) 500
((13,12)(13,11)) 12
((13,11)(13,11)) 111
((13,11)(15,9)) 5
((15,9)(15,9)) 1767
((15,9)(13,9)) 45
((13,9)(13,9)) 1105
((13,9)(13,8)) 21
((13,8)(13,8)) 91
((13,8)(13,9)) 23
((13,9)(15,9)) 47
((25,14)(25,14)) 50
((25,14)(16,13)) 2
((16,13)(16,13)) 3463
((16,13)(16,14)) 8
((16,14)(16,14)) 129
((16,14)(24,14)) 1
((24,14)(24,14)) 20
((24,14)(14,9)) 1
((14,9)(14,9)) 129
((14,9)(13,9)) 13
((13,9)(11,11)) 7
((11,11)(5,12)) 1
((5,12)(5,12)) 11
((5,12)(11,11)) 1
((11,11)(16,13)) 26
((16,13)(14,12)) 42
((14,12)(14,12)) 982
((14,12)(16,13)) 53
((17,18)(17,18)) 39
((17,18)(16,13)) 5
((16,13)(18,14)) 5
((18,14)(18,14)) 59
((18,14)(16,13)) 6
((16,13)(17,18)) 4
((16,13)(16,23)) 4
((16,23)(16,23)) 159
((16,23)(16,13)) 3
((22,3)(22,3)) 12
((22,3)(14,12)) 1
((14,12)(22,3)) 1
((22,3)(20,6)) 1
((20,6)(20,6)) 34
((20,6)(20,5)) 1
((20,5)(20,5)) 6
((20,5)(22,3)) 1
((15,13)(15,13)) 345
((15,13)(14,12)) 13
((14,12)(14,13)) 20
((14,13)(14,13)) 266
((14,13)(13,9)) 4
((13,9)(14,13)) 2
((14,13)(13,10)) 1
((13,10)(13,10)) 210
((13,10)(14,13)) 1
((16,11)(16,11)) 144
((16,11)(17,6)) 1
((17,6)(17,6)) 37
((17,6)(18,4)) 1
((18,4)(18,4)) 1
((18,4)(17,6)) 1
((17,6)(13,9)) 1
((13,9)(17,9)) 5
((17,9)(17,9)) 310
((17,9)(16,6)) 1
((16,6)(16,6)) 130
((16,6)(17,6)) 3
((17,6)(16,6)) 2
((6,13)(6,13)) 5
((6,13)(5,14)) 5
((5,14)(5,14)) 75
((5,14)(12,21)) 1
((12,21)(12,21)) 72
((12,21)(15,11)) 4
((15,11)(15,11)) 133
((15,11)(12,21)) 2
((15,11)(14,16)) 1
((14,16)(14,16)) 64
((14,16)(12,21)) 1
((15,9)(15,11)) 4
((15,11)(15,8)) 1
((15,8)(15,8)) 130
((15,8)(14,11)) 2
((14,11)(14,11)) 131
((14,11)(15,11)) 2
((15,11)(15,9)) 8
((15,9)(16,13)) 40
((18,9)(18,9)) 1127
((18,9)(16,11)) 11
((16,11)(17,18)) 1
((17,18)(14,12)) 2
((14,12)(18,9)) 12
((16,11)(18,9)) 6
((18,9)(16,10)) 3
((16,10)(16,10)) 51
((16,10)(16,11)) 5
((16,11)(16,10)) 3
((17,9)(16,9)) 18
((16,9)(16,9)) 143
((16,9)(17,9)) 20
((16,9)(12,9)) 6
((12,9)(12,9)) 209
((12,9)(11,10)) 10
((11,10)(11,10)) 134
((11,10)(10,10)) 8
((10,10)(10,10)) 133
((10,10)(10,11)) 8
((10,11)(10,11)) 74
((10,11)(2,7)) 5
((2,7)(2,7)) 6
((2,7)(17,9)) 2
((2,7)(16,9)) 1
((12,9)(10,10)) 4
((15,9)(14,12)) 14
((14,12)(11,19)) 3
((11,19)(11,19)) 147
((11,19)(12,28)) 3
((12,28)(12,28)) 254
((12,28)(12,27)) 22
((12,27)(12,27)) 38
((12,27)(21,10)) 1
((21,10)(21,10)) 111
((21,10)(15,9)) 10
((18,9)(15,9)) 40
((15,9)(16,12)) 26
((16,12)(16,12)) 444
((16,12)(18,9)) 11
((16,12)(16,13)) 52
((16,13)(18,9)) 20
((18,9)(12,16)) 7
((12,16)(12,16)) 109
((12,16)(12,28)) 8
((12,27)(12,28)) 21
((12,28)(14,12)) 17
((14,12)(13,9)) 8
((13,9)(14,9)) 27
((14,9)(15,9)) 20
((15,9)(18,9)) 43
((18,9)(16,13)) 25
((16,13)(16,12)) 48
((16,12)(15,9)) 16
((15,15)(15,15)) 205
((15,15)(15,14)) 8
((15,14)(15,14)) 119
((15,14)(15,13)) 4
((15,13)(11,11)) 6
((11,11)(7,11)) 4
((7,11)(7,11)) 32
((7,11)(9,11)) 1
((9,11)(9,11)) 201
((9,11)(11,11)) 13
((11,11)(15,15)) 7
((7,6)(7,6)) 184
((7,6)(12,4)) 4
((12,4)(12,4)) 35
((12,4)(10,1)) 3
((10,1)(10,1)) 180
((10,1)(7,6)) 4
((12,4)(7,6)) 1
((12,4)(11,11)) 1
((13,12)(14,12)) 14
((14,12)(12,4)) 1
((10,1)(12,4)) 2
((12,4)(14,12)) 1
((11,19)(10,19)) 9
((10,19)(10,19)) 15
((10,19)(11,19)) 9
((11,19)(12,4)) 1
((6,11)(6,11)) 33
((6,11)(7,11)) 1
((7,11)(6,11)) 1
((6,11)(6,10)) 4
((6,10)(6,10)) 161
((6,10)(4,9)) 9
((4,9)(4,9)) 128
((4,9)(6,10)) 6
((6,10)(7,11)) 1
((13,9)(14,12)) 9
((14,12)(13,12)) 23
((13,9)(18,9)) 23
((18,9)(13,9)) 25
((13,9)(13,11)) 1
((13,11)(13,9)) 3
((13,9)(9,8)) 1
((9,8)(9,8)) 70
((9,8)(13,11)) 1
((13,11)(14,12)) 3
((16,13)(13,9)) 24
((26,7)(26,7)) 107
((26,7)(25,7)) 2
((25,7)(25,7)) 5
((25,7)(26,7)) 1
((25,7)(24,6)) 1
((24,6)(24,6)) 3
((24,6)(25,7)) 1
((25,7)(27,6)) 1
((27,6)(27,6)) 39
((27,6)(19,12)) 2
((19,12)(19,12)) 29
((19,12)(17,13)) 4
((17,13)(17,13)) 417
((17,13)(16,13)) 76
((16,13)(15,13)) 81
((15,13)(16,13)) 98
((16,13)(13,12)) 15
((13,11)(21,10)) 1
((21,10)(29,10)) 3
((29,10)(29,10)) 16
((29,10)(27,6)) 1
((18,2)(18,2)) 27
((18,2)(17,9)) 8
((17,9)(12,11)) 4
((12,11)(12,11)) 274
((12,11)(17,9)) 3
((17,9)(18,2)) 8
((12,11)(18,2)) 1
((24,11)(24,11)) 17
((24,11)(15,9)) 3
((15,9)(24,11)) 1
((15,9)(14,11)) 5
((14,11)(25,11)) 1
((25,11)(25,11)) 13
((25,11)(24,12)) 1
((24,12)(24,12)) 3
((24,12)(24,11)) 1
((15,9)(15,10)) 7
((15,10)(15,10)) 31
((15,10)(25,11)) 1
((25,11)(24,11)) 1
((24,11)(21,10)) 1
((12,9)(13,11)) 1
((13,11)(14,11)) 7
((14,11)(13,9)) 12
((13,9)(13,10)) 5
((13,10)(13,11)) 9
((13,9)(12,9)) 16
((16,11)(14,25)) 1
((14,25)(14,25)) 19
((14,25)(16,23)) 2
((16,23)(13,21)) 1
((13,21)(13,21)) 8
((13,21)(12,28)) 1
((12,28)(16,11)) 1
((12,16)(18,9)) 8
((18,9)(14,10)) 1
((14,10)(14,10)) 95
((14,10)(12,16)) 1
((18,9)(14,15)) 1
((14,15)(14,15)) 39
((14,15)(18,9)) 1
((15,9)(16,9)) 17
((16,9)(18,9)) 5
((16,13)(11,11)) 25
((11,11)(14,12)) 18
((11,11)(14,9)) 1
((14,9)(11,11)) 1
((4,4)(4,4)) 17
((4,4)(4,5)) 2
((4,5)(4,5)) 48
((4,5)(4,4)) 2
((13,0)(13,0)) 174
((13,0)(12,0)) 33
((12,0)(12,0)) 182
((12,0)(13,6)) 3
((13,6)(13,6)) 34
((13,6)(15,9)) 4
((16,13)(15,9)) 44
((15,9)(12,0)) 17
((12,0)(13,0)) 32
((13,0)(15,9)) 1
((12,0)(15,9)) 21
((17,8)(17,8)) 41
((17,8)(19,15)) 2
((19,15)(19,15)) 218
((19,15)(18,12)) 5
((18,12)(18,12)) 175
((18,12)(18,9)) 10
((18,9)(18,8)) 6
((18,8)(18,8)) 20
((18,8)(18,9)) 3
((18,9)(18,12)) 7
((18,12)(19,15)) 2
((18,8)(17,8)) 2
((18,9)(18,10)) 70
((18,10)(18,10)) 201
((18,10)(18,9)) 63
((18,8)(14,7)) 1
((14,7)(18,8)) 1
((18,8)(13,7)) 1
((13,7)(13,7)) 68
((13,7)(16,12)) 1
((16,12)(13,11)) 1
((13,11)(16,12)) 1
((27,24)(27,24)) 131
((27,24)(17,13)) 7
((16,13)(17,13)) 71
((17,13)(27,24)) 15
((27,24)(26,24)) 2
((26,24)(26,24)) 4
((26,24)(27,24)) 2
((27,24)(26,23)) 1
((26,23)(26,23)) 25
((16,13)(14,13)) 13
((14,13)(15,13)) 8
((16,13)(15,14)) 5
((15,14)(15,9)) 1
((8,10)(8,10)) 108
((8,10)(13,9)) 4
((13,9)(8,10)) 3
((13,9)(14,10)) 7
((14,10)(15,9)) 9
((15,9)(8,10)) 1
((8,10)(7,6)) 1
((7,6)(7,7)) 13
((7,7)(7,7)) 86
((7,7)(7,6)) 15
((7,6)(14,12)) 3
((14,12)(8,10)) 1
((8,10)(14,12)) 4
((14,12)(12,28)) 12
((12,28)(13,9)) 3
((13,9)(16,13)) 16
((16,13)(12,28)) 1
((12,27)(15,27)) 1
((15,27)(15,27)) 298
((15,27)(13,9)) 1
((19,17)(19,17)) 47
((19,17)(15,13)) 3
((15,13)(19,17)) 2
((19,17)(17,21)) 1
((17,21)(17,21)) 79
((17,21)(12,28)) 1
((12,28)(17,21)) 1
((14,15)(15,12)) 3
((15,12)(15,12)) 367
((15,12)(24,8)) 1
((24,8)(24,8)) 7
((24,8)(14,15)) 1
((15,12)(18,9)) 4
((18,10)(13,9)) 6
((15,9)(12,7)) 2
((12,7)(12,7)) 40
((12,7)(7,7)) 1
((7,7)(11,8)) 1
((11,8)(11,8)) 27
((11,8)(11,7)) 1
((11,7)(11,7)) 5
((11,7)(12,7)) 3
((12,7)(11,7)) 1
((13,9)(16,15)) 1
((16,15)(16,15)) 119
((16,15)(13,9)) 3
((13,9)(15,11)) 2
((13,20)(13,20)) 2
((13,20)(12,19)) 1
((12,19)(12,19)) 25
((12,19)(13,19)) 7
((13,19)(13,19)) 24
((13,19)(12,19)) 6
((14,12)(21,10)) 4
((21,10)(26,6)) 2
((26,6)(26,6)) 36
((26,6)(17,13)) 1
((17,13)(14,12)) 13
((14,12)(26,6)) 1
((26,6)(14,12)) 2
((14,12)(17,13)) 11
((17,13)(26,6)) 1
((14,12)(15,12)) 14
((15,12)(26,6)) 1
((18,9)(17,9)) 21
((17,9)(15,9)) 17
((15,9)(16,1)) 5
((16,1)(16,1)) 104
((16,1)(16,2)) 6
((16,2)(16,2)) 127
((16,2)(15,13)) 3
((16,13)(14,7)) 1
((14,7)(15,9)) 19
((15,16)(15,16)) 97
((15,16)(16,16)) 1
((16,16)(16,16)) 2
((16,16)(17,21)) 2
((17,21)(17,22)) 7
((17,22)(17,22)) 30
((17,22)(17,21)) 6
((17,21)(15,13)) 1
((15,13)(15,16)) 3
((15,16)(17,21)) 7
((17,21)(15,12)) 2
((15,12)(14,12)) 23
((14,12)(15,16)) 2
((15,16)(15,14)) 3
((15,14)(16,16)) 1
((17,21)(15,16)) 5
((15,12)(13,9)) 7
((13,9)(11,6)) 2
((11,6)(11,6)) 45
((11,6)(13,9)) 1
((13,9)(15,16)) 2
((13,11)(13,12)) 8
((13,12)(11,6)) 1
((11,6)(12,7)) 2
((12,7)(13,9)) 5
((13,10)(13,12)) 5
((13,12)(11,9)) 1
((11,9)(11,9)) 110
((11,9)(13,9)) 1
((17,21)(16,23)) 5
((16,23)(13,26)) 4
((13,26)(13,26)) 42
((13,26)(17,22)) 1
((13,26)(16,23)) 3
((16,23)(17,21)) 4
((13,26)(17,21)) 1
((16,23)(17,22)) 1
((18,9)(15,8)) 3
((15,8)(12,9)) 1
((12,9)(18,9)) 9
((18,9)(12,9)) 8
((18,9)(17,13)) 11
((27,24)(18,13)) 6
((18,13)(18,13)) 205
((15,13)(6,10)) 1
((6,10)(14,13)) 1
((15,13)(15,17)) 1
((15,17)(15,17)) 7
((15,17)(16,17)) 1
((16,17)(16,17)) 10
((15,9)(14,10)) 4
((14,10)(13,9)) 5
((14,9)(9,4)) 1
((9,4)(9,4)) 151
((9,4)(14,13)) 1
((14,13)(14,15)) 1
((6,9)(6,9)) 86
((6,9)(6,10)) 16
((6,10)(14,12)) 1
((14,12)(4,9)) 4
((4,9)(6,9)) 3
((6,9)(4,9)) 2
((4,9)(4,8)) 34
((4,8)(4,8)) 281
((4,8)(4,9)) 33
((16,2)(18,9)) 3
((18,10)(18,11)) 5
((18,11)(18,11)) 146
((18,11)(18,12)) 8
((18,12)(18,13)) 2
((18,13)(17,13)) 10
((13,12)(12,11)) 9
((12,11)(11,11)) 16
((11,11)(11,10)) 2
((11,10)(11,9)) 7
((11,9)(12,9)) 11
((12,9)(13,9)) 11
((17,9)(18,9)) 25
((14,12)(15,9)) 18
((16,13)(13,13)) 4
((13,13)(13,13)) 65
((13,13)(13,12)) 1
((13,12)(15,9)) 8
((18,9)(16,14)) 2
((16,14)(17,14)) 11
((17,14)(17,14)) 40
((17,14)(16,13)) 4
((10,5)(10,5)) 47
((10,5)(15,13)) 1
((15,13)(15,12)) 4
((15,12)(13,11)) 1
((13,11)(10,5)) 2
((10,5)(13,11)) 1
((10,5)(15,9)) 1
((13,13)(15,12)) 2
((15,12)(13,13)) 1
((13,13)(17,13)) 2
((14,12)(13,13)) 6
((13,13)(14,12)) 6
((13,2)(13,2)) 14
((13,2)(16,11)) 1
((16,11)(15,9)) 3
((15,9)(13,2)) 5
((13,2)(15,9)) 2
((13,2)(13,1)) 1
((13,1)(13,1)) 6
((13,1)(13,2)) 1
((8,8)(8,8)) 35
((8,8)(12,11)) 2
((12,11)(8,8)) 1
((8,8)(8,10)) 1
((8,10)(12,11)) 1
((12,11)(9,11)) 5
((9,11)(8,8)) 2
((8,8)(7,8)) 2
((7,8)(7,8)) 34
((7,8)(6,10)) 3
((6,10)(12,11)) 1
((9,11)(9,9)) 2
((9,9)(9,9)) 32
((9,9)(8,8)) 2
((8,8)(9,11)) 1
((8,8)(2,13)) 1
((2,13)(2,13)) 1
((2,13)(8,8)) 1
((5,5)(5,5)) 8
((5,5)(13,10)) 3
((13,10)(5,5)) 1
((13,10)(6,6)) 1
((6,6)(6,6)) 86
((6,6)(5,5)) 1
((13,10)(16,13)) 9
((16,13)(5,5)) 1
((13,2)(12,28)) 1
((14,12)(16,12)) 8
((10,11)(13,9)) 1
((13,9)(10,11)) 1
((10,11)(9,11)) 3
((9,11)(8,12)) 1
((8,12)(8,12)) 4
((8,12)(14,10)) 1
((14,10)(7,13)) 1
((7,13)(7,13)) 7
((15,12)(13,12)) 2
((13,12)(15,13)) 5
((15,13)(15,14)) 7
((15,14)(15,12)) 2
((15,12)(15,13)) 8
((10,10)(11,10)) 6
((12,9)(13,10)) 5
((13,10)(12,9)) 6
((16,13)(9,11)) 7
((9,11)(3,7)) 2
((3,7)(3,7)) 29
((3,7)(16,13)) 1
((16,13)(19,6)) 2
((19,6)(19,6)) 4
((19,6)(16,13)) 1
((13,12)(6,10)) 2
((6,10)(6,9)) 15
((6,10)(13,12)) 1
((13,12)(14,13)) 2
((14,13)(13,12)) 3
((16,23)(20,18)) 1
((20,18)(20,18)) 33
((20,18)(19,18)) 4
((19,18)(19,18)) 46
((19,18)(16,15)) 1
((16,15)(20,18)) 1
((20,18)(20,17)) 2
((20,17)(20,17)) 20
((20,17)(16,23)) 1
((16,23)(13,29)) 1
((13,29)(13,29)) 1
((13,29)(12,28)) 1
((14,12)(15,13)) 13
((6,6)(4,5)) 1
((4,5)(6,6)) 1
((6,6)(11,10)) 4
((11,10)(7,6)) 2
((7,6)(6,6)) 4
((16,14)(19,17)) 1
((19,17)(16,14)) 1
((16,14)(19,18)) 1
((19,18)(14,12)) 2
((14,12)(20,22)) 1
((20,22)(20,22)) 6
((20,22)(16,15)) 1
((13,9)(13,7)) 9
((14,13)(15,27)) 1
((15,27)(17,13)) 2
((17,13)(13,9)) 3
((15,9)(9,11)) 3
((9,11)(11,14)) 12
((11,14)(11,14)) 323
((20,16)(20,16)) 23
((20,16)(16,13)) 2
((16,13)(20,16)) 2
((20,16)(18,13)) 1
((18,13)(16,13)) 8
((16,13)(25,17)) 1
((25,17)(25,17)) 8
((25,17)(19,14)) 1
((19,14)(19,14)) 3
((19,14)(20,16)) 1
((15,9)(13,5)) 4
((13,5)(13,5)) 55
((13,5)(12,1)) 1
((12,1)(12,1)) 10
((12,1)(12,0)) 2
((15,9)(15,8)) 36
((15,8)(15,9)) 39
((15,9)(14,4)) 3
((14,4)(14,4)) 44
((14,4)(15,9)) 4
((15,13)(16,23)) 1
((17,21)(16,25)) 3
((16,25)(16,25)) 188
((16,25)(17,21)) 7
((11,11)(18,13)) 4
((18,13)(26,23)) 1
((26,23)(16,13)) 1
((16,13)(21,20)) 5
((21,20)(21,20)) 50
((21,20)(26,23)) 1
((26,23)(11,11)) 1
((11,11)(26,23)) 1
((26,23)(17,13)) 1
((16,13)(26,23)) 1
((9,4)(9,11)) 7
((14,12)(11,11)) 13
((11,11)(9,11)) 5
((9,11)(9,4)) 5
((9,4)(8,2)) 3
((8,2)(8,2)) 23
((8,2)(9,4)) 6
((12,6)(12,6)) 12
((12,6)(12,3)) 1
((12,3)(12,3)) 46
((12,3)(13,9)) 1
((13,9)(13,5)) 2
((13,5)(15,9)) 2
((13,5)(11,5)) 1
((11,5)(11,5)) 33
((11,5)(12,5)) 2
((12,5)(12,5)) 23
((12,5)(11,5)) 2
((11,5)(12,6)) 1
((12,6)(11,5)) 1
((17,9)(19,0)) 1
((19,0)(19,0)) 59
((19,0)(18,0)) 2
((18,0)(18,0)) 15
((18,0)(17,9)) 3
((17,9)(16,10)) 3
((16,10)(16,9)) 3
((19,3)(19,3)) 19
((19,3)(18,9)) 3
((18,10)(15,12)) 1
((15,12)(16,13)) 7
((16,13)(28,11)) 2
((28,11)(28,11)) 19
((28,11)(28,14)) 2
((28,14)(28,14)) 29
((28,14)(25,18)) 1
((25,18)(25,18)) 7
((25,18)(26,19)) 1
((26,19)(26,19)) 4
((26,19)(25,20)) 2
((25,20)(25,20)) 40
((25,20)(20,20)) 1
((20,20)(20,20)) 2
((20,20)(18,20)) 1
((18,20)(18,20)) 35
((18,20)(16,13)) 3
((18,9)(18,6)) 8
((18,6)(18,6)) 33
((18,6)(18,9)) 6
((13,18)(13,18)) 19
((13,18)(13,10)) 4
((13,10)(13,18)) 4
((13,18)(12,19)) 1
((12,19)(12,18)) 1
((12,18)(12,18)) 30
((12,18)(13,18)) 2
((13,18)(16,7)) 1
((16,7)(16,7)) 246
((14,12)(14,14)) 7
((14,14)(14,14)) 115
((14,14)(14,13)) 10
((14,13)(14,14)) 9
((14,14)(15,12)) 3
((14,14)(14,12)) 5
((16,13)(14,14)) 2
((14,13)(14,12)) 18
((22,4)(22,4)) 32
((22,4)(18,9)) 4
((18,9)(24,2)) 3
((24,2)(24,2)) 53
((24,2)(21,3)) 1
((21,3)(21,3)) 3
((21,3)(24,2)) 1
((24,2)(26,11)) 1
((26,11)(26,11)) 3
((26,11)(29,10)) 1
((18,12)(18,11)) 13
((18,11)(18,13)) 8
((18,13)(18,14)) 6
((18,14)(18,12)) 5
((18,11)(16,13)) 2
((16,13)(18,12)) 6
((5,14)(16,13)) 1
((16,12)(14,12)) 7
((7,7)(9,4)) 1
((9,4)(7,6)) 6
((7,6)(9,4)) 4
((7,6)(19,10)) 1
((19,10)(19,10)) 22
((5,14)(18,9)) 1
((18,9)(13,12)) 4
((13,12)(5,14)) 4
((15,27)(14,12)) 6
((14,12)(15,27)) 4
((15,27)(15,26)) 1
((15,26)(15,26)) 2
((15,26)(15,27)) 2
((16,13)(15,27)) 6
((15,27)(16,23)) 4
((16,23)(15,21)) 2
((15,21)(15,21)) 45
((15,21)(16,23)) 2
((16,23)(15,27)) 7
((8,5)(8,5)) 46
((8,5)(7,5)) 2
((7,5)(7,5)) 29
((7,5)(8,5)) 3
((7,5)(7,7)) 1
((7,6)(7,5)) 3
((7,5)(10,10)) 1
((10,10)(9,11)) 5
((9,11)(4,8)) 2
((4,8)(7,5)) 2
((7,5)(7,6)) 2
((9,7)(9,7)) 67
((9,7)(7,2)) 1
((7,2)(7,2)) 35
((7,2)(5,7)) 1
((5,7)(5,7)) 31
((5,7)(5,6)) 1
((5,6)(5,6)) 6
((5,6)(6,2)) 1
((6,2)(6,2)) 6
((6,2)(5,5)) 2
((5,5)(3,10)) 1
((3,10)(3,10)) 2
((3,10)(4,7)) 1
((4,7)(4,7)) 4
((4,7)(6,3)) 1
((6,3)(6,3)) 2
((6,3)(6,2)) 1
((5,5)(5,6)) 1
((5,6)(5,7)) 1
((5,7)(3,10)) 1
((3,10)(6,3)) 1
((18,24)(18,24)) 46
((18,24)(11,19)) 3
((11,19)(18,24)) 1
((18,24)(12,18)) 4
((12,18)(12,21)) 3
((12,21)(18,24)) 2
((18,24)(18,23)) 6
((18,23)(18,23)) 12
((18,23)(12,18)) 1
((18,23)(18,24)) 4
((12,18)(18,24)) 3
((14,12)(4,8)) 5
((4,8)(3,7)) 6
((3,7)(14,12)) 2
((14,12)(3,7)) 2
((3,7)(9,11)) 1
((11,11)(13,9)) 3
((16,13)(27,21)) 5
((27,21)(27,21)) 35
((27,21)(16,13)) 5
((19,3)(12,28)) 1
((12,28)(14,13)) 4
((14,13)(11,10)) 1
((11,10)(8,9)) 6
((8,9)(8,9)) 22
((8,9)(13,12)) 1
((13,12)(12,16)) 1
((12,16)(12,27)) 1
((16,13)(27,24)) 2
((27,24)(15,12)) 1
((16,12)(15,12)) 21
((15,12)(20,16)) 1
((20,16)(27,24)) 1
((13,9)(18,10)) 4
((5,8)(5,8)) 17
((5,8)(5,7)) 2
((5,7)(6,7)) 2
((6,7)(6,7)) 28
((6,7)(5,7)) 2
((6,7)(5,8)) 1
((5,8)(16,13)) 3
((16,13)(6,7)) 1
((6,10)(8,10)) 4
((8,10)(7,8)) 1
((6,10)(7,9)) 2
((7,9)(7,9)) 24
((7,9)(6,10)) 2
((6,10)(7,8)) 7
((7,8)(7,9)) 2
((7,9)(8,8)) 1
((8,8)(11,10)) 3
((11,10)(17,9)) 4
((17,9)(18,0)) 2
((18,0)(17,3)) 1
((17,3)(17,3)) 16
((17,3)(17,5)) 1
((17,5)(17,5)) 6
((17,5)(17,9)) 1
((16,9)(15,9)) 8
((15,9)(14,9)) 9
((13,9)(11,10)) 6
((11,10)(10,9)) 2
((10,9)(10,9)) 19
((10,9)(7,8)) 1
((13,3)(13,3)) 35
((13,3)(15,11)) 5
((15,11)(13,3)) 4
((15,11)(14,7)) 1
((14,7)(13,3)) 1
((13,3)(15,9)) 1
((15,9)(21,5)) 1
((21,5)(21,5)) 4
((21,5)(22,6)) 1
((22,6)(22,6)) 3
((22,6)(18,11)) 1
((18,11)(15,12)) 1
((15,13)(16,15)) 4
((16,15)(18,13)) 1
((18,13)(19,13)) 2
((19,13)(19,13)) 22
((19,13)(18,14)) 1
((18,14)(19,12)) 1
((19,12)(16,10)) 2
((16,10)(16,12)) 1
((16,12)(12,11)) 3
((12,11)(8,9)) 1
((8,9)(15,13)) 2
((15,9)(13,3)) 2
((5,14)(13,12)) 4
((13,12)(17,13)) 5
((17,13)(21,20)) 4
((21,20)(14,12)) 1
((14,12)(13,14)) 5
((13,14)(13,14)) 41
((13,14)(11,14)) 5
((11,14)(17,13)) 1
((17,13)(18,13)) 7
((18,13)(14,9)) 1
((18,9)(18,13)) 9
((13,12)(15,12)) 2
((15,12)(14,14)) 6
((14,14)(13,12)) 1
((12,11)(13,9)) 3
((14,10)(13,12)) 2
((12,11)(13,12)) 6
((13,12)(13,10)) 2
((13,10)(12,11)) 1
((12,11)(17,13)) 2
((17,13)(12,11)) 1
((15,9)(18,6)) 5
((18,6)(20,5)) 4
((20,5)(14,10)) 3
((15,9)(12,9)) 5
((12,9)(21,10)) 4
((21,10)(26,7)) 3
((26,7)(21,10)) 2
((21,10)(13,9)) 3
((13,9)(12,7)) 4
((12,7)(15,9)) 1
((13,9)(3,5)) 4
((3,5)(3,5)) 22
((3,5)(12,28)) 1
((12,28)(13,12)) 1
((15,12)(3,5)) 1
((3,5)(4,6)) 1
((4,6)(4,6)) 8
((4,6)(4,7)) 1
((4,7)(3,5)) 1
((12,9)(14,9)) 1
((14,9)(18,13)) 1
((14,13)(12,28)) 5
((12,28)(17,9)) 1
((17,9)(14,13)) 1
((12,28)(13,27)) 2
((13,27)(13,27)) 3
((13,27)(12,28)) 1
((15,9)(14,8)) 6
((14,8)(14,8)) 105
((14,8)(13,7)) 5
((13,7)(12,3)) 1
((12,3)(10,1)) 3
((10,1)(9,0)) 2
((9,0)(9,0)) 2
((9,0)(10,1)) 2
((10,1)(13,7)) 5
((13,7)(14,8)) 2
((14,8)(15,9)) 12
((15,9)(16,11)) 1
((16,11)(16,13)) 5
((15,14)(15,15)) 10
((15,15)(16,12)) 4
((13,7)(11,2)) 3
((11,2)(11,2)) 28
((11,2)(10,1)) 1
((10,1)(15,27)) 1
((15,27)(16,25)) 5
((16,25)(16,12)) 1
((16,12)(14,8)) 1
((13,7)(10,0)) 1
((10,0)(10,0)) 11
((10,0)(10,1)) 2
((16,12)(17,21)) 1
((17,21)(10,1)) 1
((13,7)(15,9)) 3
((15,11)(16,13)) 5
((16,13)(12,29)) 1
((12,29)(12,29)) 10
((12,29)(13,9)) 1
((14,9)(16,13)) 2
((15,16)(15,27)) 1
((10,10)(18,5)) 1
((18,5)(18,5)) 40
((18,5)(10,10)) 1
((10,10)(21,1)) 1
((21,1)(21,1)) 7
((21,1)(18,5)) 1
((18,5)(18,9)) 5
((18,9)(11,13)) 3
((11,13)(11,13)) 152
((6,10)(28,14)) 1
((28,14)(26,6)) 1
((26,6)(6,10)) 1
((6,10)(15,13)) 1
((18,7)(18,7)) 7
((18,7)(18,9)) 4
((16,13)(16,7)) 4
((16,7)(16,13)) 8
((18,20)(19,21)) 4
((19,21)(19,21)) 6
((19,21)(18,20)) 3
((14,11)(13,11)) 6
((10,10)(11,11)) 13
((11,11)(10,10)) 11
((11,11)(6,9)) 1
((6,9)(11,11)) 1
((11,11)(4,9)) 2
((18,6)(19,1)) 2
((19,1)(19,1)) 31
((19,1)(16,10)) 1
((16,10)(19,1)) 3
((19,1)(18,9)) 5
((19,1)(17,10)) 1
((17,10)(17,10)) 13
((17,10)(16,10)) 1
((15,21)(15,22)) 2
((15,22)(15,22)) 4
((15,22)(15,21)) 1
((13,9)(8,7)) 4
((8,7)(8,7)) 26
((8,7)(13,9)) 3
((8,7)(13,12)) 1
((13,12)(8,7)) 1
((13,9)(16,11)) 4
((16,11)(13,9)) 3
((14,12)(7,6)) 3
((12,28)(7,6)) 2
((7,6)(12,28)) 1
((6,9)(7,9)) 1
((7,9)(6,9)) 1
((16,7)(17,9)) 5
((15,9)(13,6)) 5
((15,9)(16,6)) 7
((16,6)(15,9)) 5
((15,9)(14,7)) 17
((17,9)(16,7)) 5
((17,9)(16,8)) 1
((16,8)(16,8)) 52
((16,8)(16,7)) 2
((16,7)(16,9)) 2
((15,9)(16,7)) 18
((16,7)(15,9)) 22
((16,13)(28,16)) 1
((28,16)(28,16)) 2
((28,16)(16,13)) 1
((16,13)(30,13)) 3
((30,13)(30,13)) 16
((30,13)(16,13)) 4
((16,13)(19,15)) 9
((19,15)(30,13)) 2
((15,12)(15,9)) 4
((15,9)(5,14)) 1
((5,14)(15,9)) 1
((13,12)(16,13)) 20
((15,13)(16,7)) 1
((11,11)(5,13)) 4
((5,13)(5,13)) 71
((24,9)(24,9)) 40
((24,9)(14,25)) 1
((14,25)(13,26)) 4
((13,26)(26,7)) 3
((26,7)(24,9)) 5
((24,9)(26,7)) 5
((26,7)(13,26)) 1
((26,7)(14,25)) 2
((14,25)(26,7)) 1
((24,9)(16,13)) 2
((16,13)(16,17)) 1
((16,17)(16,13)) 1
((16,13)(24,9)) 2
((15,8)(12,5)) 1
((12,5)(12,6)) 1
((12,6)(12,5)) 1
((11,5)(11,4)) 1
((11,4)(11,4)) 3
((11,4)(11,5)) 1
((11,5)(10,6)) 1
((10,6)(10,6)) 1
((10,6)(11,6)) 1
((11,6)(9,6)) 1
((9,6)(9,6)) 7
((9,6)(13,4)) 1
((13,4)(13,4)) 58
((15,9)(13,12)) 8
((13,12)(12,12)) 9
((12,12)(12,12)) 41
((12,12)(13,12)) 5
((18,5)(16,11)) 3
((16,11)(16,12)) 5
((16,12)(16,11)) 3
((16,11)(18,6)) 1
((18,6)(18,5)) 7
((18,5)(19,7)) 1
((19,7)(19,7)) 16
((19,7)(16,11)) 1
((16,11)(19,7)) 2
((19,7)(18,5)) 2
((16,12)(20,6)) 1
((20,6)(16,9)) 1
((16,9)(18,6)) 1
((14,8)(13,9)) 5
((13,9)(14,8)) 7
((14,8)(11,9)) 1
((11,9)(11,10)) 3
((11,10)(12,9)) 7
((11,5)(13,9)) 4
((13,9)(18,5)) 1
((18,5)(11,6)) 1
((11,6)(11,5)) 1
((11,5)(11,6)) 1
((13,9)(11,5)) 3
((12,9)(22,2)) 1
((22,2)(22,2)) 7
((22,2)(19,0)) 3
((19,0)(18,6)) 2
((18,6)(13,14)) 1
((13,14)(12,16)) 1
((12,16)(12,21)) 3
((12,21)(12,28)) 1
((13,9)(22,2)) 2
((19,0)(19,3)) 1
((19,3)(12,16)) 1
((18,9)(19,0)) 12
((19,0)(22,2)) 2
((10,10)(14,12)) 2
((14,12)(10,10)) 4
((17,13)(19,12)) 2
((19,12)(14,12)) 1
((19,12)(20,16)) 1
((20,16)(20,18)) 1
((20,18)(14,12)) 1
((15,12)(15,11)) 14
((15,11)(12,11)) 1
((12,11)(13,11)) 1
((15,12)(16,12)) 20
((16,10)(17,9)) 4
((15,9)(21,10)) 10
((18,9)(21,10)) 10
((7,6)(8,7)) 1
((8,7)(7,8)) 2
((7,8)(6,8)) 2
((6,8)(6,8)) 25
((6,8)(6,7)) 2
((6,7)(7,7)) 1
((7,7)(6,7)) 1
((6,7)(6,8)) 2
((6,8)(7,8)) 1
((6,10)(4,8)) 3
((4,9)(7,6)) 2
((7,6)(6,7)) 2
((6,8)(7,5)) 1
((8,5)(9,4)) 2
((6,7)(4,8)) 1
((4,8)(8,6)) 1
((8,6)(8,6)) 3
((8,6)(5,13)) 1
((5,13)(5,12)) 3
((5,12)(4,8)) 1
((8,3)(8,3)) 30
((8,3)(15,9)) 3
((15,9)(8,3)) 4
((8,3)(13,9)) 2
((13,9)(7,2)) 2
((7,2)(8,3)) 2
((8,3)(12,0)) 1
((12,0)(8,3)) 1
((8,3)(7,2)) 1
((13,9)(11,14)) 6
((11,14)(15,9)) 5
((15,9)(16,5)) 2
((16,5)(16,5)) 17
((17,13)(15,9)) 6
((15,9)(16,2)) 9
((16,2)(15,9)) 6
((13,9)(14,11)) 6
((7,2)(13,10)) 1
((10,10)(13,9)) 3
((18,10)(12,11)) 2
((12,11)(18,10)) 1
((12,11)(18,11)) 1
((18,11)(18,10)) 3
((18,10)(12,12)) 1
((12,12)(18,10)) 1
((18,9)(20,8)) 4
((20,8)(20,8)) 12
((20,8)(18,10)) 1
((13,9)(18,11)) 1
((18,12)(19,12)) 3
((14,8)(15,16)) 3
((15,16)(14,8)) 3
((15,9)(14,16)) 1
((13,0)(14,12)) 2
((12,28)(16,13)) 3
((14,13)(11,12)) 1
((11,12)(11,12)) 30
((11,12)(15,13)) 2
((15,13)(13,13)) 2
((13,13)(17,14)) 1
((17,14)(15,14)) 1
((15,14)(14,12)) 3
((14,9)(15,13)) 1
((15,14)(13,13)) 2
((13,12)(13,13)) 2
((13,13)(13,14)) 1
((13,14)(14,14)) 1
((14,14)(17,12)) 1
((17,12)(17,12)) 53
((17,12)(16,13)) 3
((16,13)(16,15)) 1
((15,16)(14,12)) 2
((15,16)(18,20)) 3
((18,20)(15,16)) 2
((18,20)(15,9)) 1
((15,9)(16,8)) 4
((16,8)(18,20)) 1
((18,20)(17,22)) 1
((17,22)(17,15)) 1
((17,15)(17,15)) 5
((17,15)(15,16)) 2
((4,8)(13,12)) 7
((13,12)(4,8)) 4
((14,12)(15,11)) 3
((15,11)(15,12)) 11
((15,12)(4,9)) 2
((4,9)(15,12)) 2
((15,12)(16,15)) 1
((16,15)(15,15)) 4
((15,15)(13,12)) 1
((14,12)(14,16)) 1
((14,16)(17,9)) 1
((16,7)(16,1)) 1
((11,14)(12,14)) 5
((12,14)(12,14)) 31
((12,14)(13,14)) 5
((13,14)(14,12)) 7
((14,12)(12,14)) 1
((12,14)(14,14)) 4
((14,14)(14,15)) 5
((14,15)(14,13)) 1
((14,14)(12,14)) 2
((12,14)(11,14)) 9
((11,14)(13,14)) 3
((13,12)(11,12)) 3
((11,12)(11,14)) 3
((11,14)(14,12)) 2
((13,14)(12,14)) 7
((12,14)(11,12)) 1
((11,12)(12,8)) 1
((12,8)(12,8)) 8
((4,8)(16,13)) 8
((16,13)(4,8)) 3
((4,8)(12,11)) 3
((12,11)(4,8)) 4
((4,9)(14,12)) 2
((15,13)(4,8)) 2
((13,12)(7,7)) 3
((7,7)(4,5)) 2
((4,5)(13,9)) 5
((13,9)(4,5)) 8
((13,9)(9,7)) 12
((9,7)(14,12)) 1
((14,12)(15,10)) 1
((15,10)(10,10)) 1
((10,10)(11,14)) 7
((16,13)(15,15)) 13
((15,15)(16,13)) 2
((16,13)(21,10)) 3
((12,8)(13,10)) 2
((13,10)(11,8)) 2
((11,8)(13,10)) 2
((13,10)(14,12)) 5
((14,12)(14,11)) 5
((15,11)(14,11)) 3
((14,11)(13,10)) 1
((13,10)(12,8)) 1
((13,11)(13,10)) 7
((13,10)(7,11)) 1
((14,12)(27,24)) 1
((27,24)(18,14)) 1
((18,14)(14,13)) 1
((12,28)(11,29)) 2
((11,29)(11,29)) 3
((11,29)(12,28)) 2
((12,28)(12,16)) 8
((12,16)(14,11)) 1
((13,9)(12,16)) 1
((5,14)(11,11)) 3
((9,11)(13,12)) 7
((12,12)(9,11)) 1
((9,11)(8,2)) 1
((12,12)(13,10)) 1
((13,10)(9,7)) 2
((9,7)(8,2)) 1
((12,12)(13,9)) 1
((13,9)(8,2)) 1
((12,12)(14,12)) 3
((14,12)(16,7)) 3
((16,7)(16,4)) 1
((16,4)(16,4)) 105
((16,4)(16,2)) 2
((16,2)(8,2)) 1
((15,13)(16,14)) 4
((16,14)(16,13)) 7
((7,6)(10,9)) 1
((10,9)(9,11)) 1
((9,11)(7,9)) 1
((7,9)(9,4)) 1
((9,4)(10,5)) 5
((10,5)(9,7)) 1
((9,7)(13,9)) 12
((11,11)(16,12)) 2
((16,11)(11,11)) 1
((14,13)(16,13)) 19
((12,28)(15,12)) 3
((14,12)(11,29)) 1
((15,11)(12,28)) 2
((5,13)(12,4)) 1
((12,4)(15,9)) 1
((17,13)(18,9)) 4
((15,9)(12,5)) 2
((12,5)(12,4)) 3
((10,9)(9,8)) 3
((9,8)(9,6)) 1
((9,6)(16,12)) 1
((16,12)(10,9)) 1
((9,8)(10,9)) 2
((10,9)(13,12)) 1
((13,12)(5,13)) 5
((5,13)(16,14)) 1
((15,14)(16,13)) 3
((16,13)(12,11)) 2
((12,11)(22,13)) 1
((22,13)(22,13)) 2
((22,13)(14,12)) 1
((15,9)(22,4)) 2
((22,4)(13,9)) 2
((15,9)(17,9)) 14
((17,9)(18,10)) 4
((18,10)(17,9)) 4
((18,10)(26,7)) 1
((26,7)(13,9)) 1
((13,9)(6,6)) 4
((6,6)(7,6)) 2
((7,6)(13,9)) 5
((11,2)(12,5)) 3
((12,5)(14,8)) 1
((14,9)(10,10)) 2
((10,10)(11,13)) 3
((11,13)(13,12)) 3
((15,9)(12,3)) 5
((12,3)(11,2)) 6
((11,2)(12,3)) 6
((12,3)(13,12)) 1
((13,12)(11,11)) 5
((11,11)(15,9)) 16
((15,9)(11,2)) 1
((12,3)(15,9)) 7
((13,12)(12,3)) 1
((13,9)(13,12)) 6
((13,12)(13,9)) 10
((16,12)(14,28)) 1
((14,28)(14,28)) 12
((14,28)(15,27)) 2
((15,27)(16,12)) 2
((16,12)(15,27)) 2
((16,12)(19,3)) 1
((19,3)(16,12)) 1
((16,12)(17,22)) 2
((17,22)(16,13)) 1
((19,1)(19,0)) 3
((19,0)(19,1)) 2
((18,0)(15,9)) 2
((15,9)(18,0)) 2
((18,10)(17,10)) 3
((17,10)(18,9)) 3
((13,8)(14,12)) 1
((14,12)(16,9)) 1
((10,10)(9,10)) 5
((9,10)(9,10)) 30
((9,10)(9,11)) 8
((9,11)(9,10)) 6
((9,10)(10,10)) 3
((10,10)(15,9)) 4
((15,9)(10,10)) 10
((25,14)(26,14)) 3
((26,14)(26,14)) 6
((26,14)(26,15)) 2
((26,15)(26,15)) 9
((26,15)(26,17)) 5
((26,17)(26,17)) 10
((26,17)(25,17)) 4
((25,17)(26,17)) 5
((26,17)(27,15)) 3
((27,15)(27,15)) 3
((27,15)(26,15)) 3
((26,17)(26,14)) 1
((26,14)(25,14)) 1
((18,6)(13,12)) 1
((13,12)(18,6)) 1
((18,5)(18,7)) 1
((18,7)(18,5)) 1
((18,5)(18,6)) 2
((13,12)(18,9)) 2
((18,5)(16,5)) 2
((16,5)(16,6)) 1
((16,6)(18,5)) 1
((16,5)(16,7)) 1
((16,7)(14,10)) 1
((14,10)(14,9)) 4
((14,9)(16,5)) 1
((11,8)(7,12)) 1
((7,12)(7,12)) 4
((7,12)(11,8)) 1
((11,8)(13,9)) 1
((14,9)(16,12)) 1
((16,13)(14,9)) 4
((13,9)(11,8)) 4
((11,8)(5,3)) 1
((5,3)(5,3)) 1
((5,3)(11,8)) 1
((11,8)(8,11)) 1
((8,11)(8,11)) 43
((8,11)(11,8)) 1
((13,7)(10,1)) 3
((10,1)(14,9)) 1
((9,8)(9,11)) 4
((9,11)(9,8)) 5
((9,8)(16,1)) 1
((16,1)(16,8)) 1
((16,8)(18,7)) 1
((18,7)(13,9)) 1
((22,8)(22,8)) 22
((22,8)(18,9)) 1
((15,9)(22,8)) 5
((22,8)(15,9)) 4
((22,8)(19,10)) 1
((19,10)(22,8)) 1
((15,9)(13,10)) 6
((13,10)(15,9)) 5
((16,2)(16,6)) 1
((16,6)(11,14)) 2
((11,14)(10,10)) 6
((19,7)(13,9)) 1
((13,9)(10,1)) 1
((10,1)(20,6)) 1
((20,6)(18,10)) 1
((18,10)(20,6)) 1
((20,6)(18,9)) 2
((18,9)(20,6)) 1
((9,11)(10,10)) 2
((13,9)(12,0)) 5
((9,11)(8,11)) 2
((8,11)(9,11)) 6
((21,10)(16,13)) 5
((13,12)(3,7)) 1
((3,7)(6,10)) 1
((6,10)(16,13)) 3
((7,7)(12,11)) 2
((12,11)(7,7)) 2
((7,7)(16,13)) 1
((16,13)(7,7)) 1
((7,7)(10,2)) 1
((10,2)(10,2)) 110
((10,2)(6,7)) 1
((23,14)(23,14)) 14
((23,14)(15,19)) 1
((15,19)(15,19)) 7
((15,19)(15,13)) 3
((16,13)(23,14)) 3
((23,14)(15,15)) 1
((15,15)(23,14)) 1
((23,14)(21,14)) 2
((21,14)(21,14)) 17
((21,14)(15,15)) 1
((15,15)(15,19)) 1
((13,9)(23,14)) 2
((23,14)(16,13)) 2
((18,9)(15,12)) 3
((15,12)(17,12)) 2
((17,12)(23,14)) 1
((23,14)(14,13)) 1
((14,13)(16,7)) 1
((12,8)(13,9)) 1
((13,9)(16,12)) 3
((15,12)(12,8)) 1
((12,8)(15,12)) 1
((12,21)(13,12)) 4
((13,12)(12,21)) 5
((12,9)(14,13)) 2
((14,13)(12,9)) 5
((12,9)(12,10)) 6
((12,10)(12,10)) 32
((12,10)(14,12)) 2
((14,12)(12,10)) 1
((12,10)(15,12)) 1
((15,12)(14,13)) 8
((12,10)(12,9)) 5
((14,13)(12,10)) 2
((7,7)(12,9)) 2
((12,9)(7,7)) 1
((7,7)(7,8)) 1
((7,8)(11,10)) 1
((11,10)(7,8)) 1
((7,8)(7,7)) 2
((7,7)(15,9)) 3
((15,8)(14,8)) 2
((14,8)(12,9)) 1
((12,9)(11,9)) 3
((11,9)(9,7)) 3
((9,7)(8,7)) 2
((13,9)(7,7)) 2
((12,9)(15,9)) 4
((15,9)(7,7)) 3
((7,6)(15,9)) 1
((11,11)(20,10)) 4
((20,10)(20,10)) 58
((20,10)(11,11)) 2
((11,11)(5,7)) 3
((5,7)(11,11)) 3
((20,10)(5,8)) 1
((5,7)(20,10)) 2
((20,10)(21,10)) 4
((21,10)(5,7)) 2
((20,10)(16,13)) 2
((16,13)(25,18)) 1
((25,18)(24,19)) 1
((24,19)(24,19)) 2
((24,19)(16,13)) 1
((14,13)(12,12)) 6
((12,12)(14,13)) 4
((12,12)(11,12)) 2
((11,12)(11,13)) 5
((11,13)(11,12)) 2
((11,12)(14,13)) 1
((14,13)(13,13)) 2
((13,13)(14,13)) 1
((17,13)(14,13)) 2
((14,12)(11,12)) 2
((11,13)(14,13)) 1
((14,13)(16,12)) 3
((16,12)(14,13)) 2
((14,12)(16,1)) 3
((16,1)(16,7)) 1
((16,12)(15,13)) 5
((17,13)(18,10)) 1
((18,10)(16,13)) 1
((16,13)(16,11)) 4
((16,11)(18,11)) 1
((18,11)(15,13)) 1
((18,10)(13,12)) 1
((13,12)(11,13)) 9
((11,13)(13,9)) 3
((14,11)(14,12)) 11
((13,12)(16,14)) 4
((16,14)(13,12)) 6
((21,20)(16,13)) 5
((16,12)(17,13)) 2
((13,5)(14,4)) 3
((14,4)(14,3)) 3
((14,3)(14,3)) 9
((14,3)(14,4)) 1
((14,4)(18,9)) 1
((18,9)(13,3)) 1
((13,3)(14,4)) 2
((14,3)(14,7)) 1
((16,13)(3,7)) 1
((3,7)(4,8)) 8
((10,2)(7,6)) 4
((7,6)(13,12)) 5
((13,12)(11,10)) 4
((11,10)(14,9)) 2
((14,9)(15,10)) 2
((15,10)(15,9)) 8
((15,9)(10,1)) 2
((10,1)(10,2)) 9
((13,12)(10,1)) 1
((13,12)(7,6)) 1
((7,6)(10,2)) 1
((10,2)(10,1)) 7
((10,2)(9,4)) 3
((9,4)(11,6)) 1
((11,6)(10,5)) 2
((10,5)(10,2)) 3
((15,13)(14,15)) 1
((14,15)(15,13)) 1
((15,13)(16,2)) 1
((13,13)(12,14)) 3
((12,14)(14,13)) 1
((14,13)(12,14)) 2
((14,13)(9,7)) 1
((9,7)(12,7)) 1
((12,7)(14,13)) 1
((6,6)(16,13)) 1
((9,11)(9,7)) 2
((9,7)(9,8)) 2
((9,8)(4,6)) 1
((4,6)(16,13)) 1
((11,11)(7,7)) 2
((20,19)(20,19)) 8
((20,19)(13,12)) 3
((16,13)(20,19)) 2
((20,19)(18,13)) 1
((18,13)(13,12)) 2
((13,12)(20,16)) 1
((20,16)(20,17)) 2
((20,17)(20,19)) 1
((12,9)(8,11)) 1
((9,11)(10,11)) 6
((10,11)(7,10)) 1
((7,10)(7,10)) 23
((7,10)(6,8)) 1
((6,8)(5,8)) 7
((5,8)(4,8)) 1
((6,10)(8,11)) 1
((10,11)(13,12)) 3
((12,12)(16,13)) 1
((7,10)(6,10)) 2
((6,10)(7,10)) 1
((6,10)(5,14)) 1
((5,14)(5,13)) 5
((5,13)(7,10)) 1
((7,10)(12,16)) 1
((12,16)(10,16)) 1
((10,16)(10,16)) 1
((10,16)(9,16)) 1
((9,16)(9,16)) 6
((9,16)(7,13)) 2
((16,13)(22,2)) 1
((22,2)(17,14)) 1
((17,14)(11,12)) 1
((11,12)(10,13)) 1
((10,13)(10,13)) 35
((10,13)(15,13)) 1
((15,13)(15,9)) 6
((15,9)(17,13)) 5
((16,13)(23,10)) 3
((23,10)(23,10)) 120
((23,10)(15,27)) 1
((15,27)(15,9)) 4
((6,10)(10,11)) 1
((10,11)(11,11)) 2
((11,11)(17,18)) 1
((17,18)(16,25)) 2
((16,25)(9,11)) 1
((9,11)(5,11)) 1
((5,11)(5,11)) 10
((5,11)(6,10)) 3
((6,10)(11,11)) 4
((11,11)(12,10)) 1
((12,9)(11,11)) 1
((11,11)(5,11)) 1
((14,12)(17,18)) 1
((17,18)(6,10)) 1
((6,10)(9,11)) 2
((17,13)(10,10)) 1
((11,11)(12,11)) 22
((4,8)(7,6)) 5
((7,6)(12,11)) 1
((2,8)(2,8)) 11
((2,8)(3,7)) 5
((4,8)(6,8)) 5
((6,8)(4,8)) 4
((3,7)(2,8)) 4
((6,8)(2,8)) 1
((6,4)(6,4)) 3
((6,4)(5,4)) 3
((5,4)(5,4)) 4
((5,4)(11,11)) 1
((11,11)(17,13)) 3
((17,13)(4,5)) 1
((4,5)(6,4)) 2
((5,4)(4,5)) 1
((5,4)(6,6)) 1
((6,6)(5,4)) 1
((18,11)(24,11)) 1
((24,11)(18,12)) 1
((18,12)(24,9)) 1
((24,9)(13,11)) 1
((13,11)(16,13)) 1
((16,13)(24,11)) 1
((24,11)(14,11)) 1
((14,11)(24,11)) 1
((24,11)(25,9)) 1
((25,9)(25,9)) 4
((16,12)(16,7)) 3
((12,12)(4,8)) 1
((4,8)(16,15)) 1
((16,15)(13,12)) 1
((13,12)(16,15)) 1
((16,15)(11,13)) 1
((11,13)(16,13)) 1
((15,14)(13,12)) 1
((13,21)(12,16)) 1
((12,16)(13,21)) 1
((13,21)(12,18)) 2
((12,18)(14,21)) 1
((14,21)(14,21)) 8
((14,21)(13,21)) 1
((12,18)(11,14)) 1
((11,14)(15,21)) 1
((13,0)(16,14)) 1
((17,14)(16,14)) 12
((16,14)(16,15)) 2
((12,7)(13,5)) 6
((13,5)(12,0)) 5
((12,0)(13,5)) 6
((13,5)(12,7)) 6
((13,5)(13,0)) 2
((13,0)(13,5)) 1
((15,9)(15,7)) 3
((15,7)(15,7)) 19
((15,7)(15,9)) 3
((15,8)(15,7)) 3
((14,11)(15,9)) 1
((18,9)(14,12)) 10
((14,12)(19,7)) 2
((19,7)(19,0)) 1
((19,0)(19,7)) 1
((19,7)(18,9)) 2
((19,0)(18,9)) 4
((19,0)(17,9)) 1
((16,5)(15,9)) 2
((19,0)(15,9)) 1
((18,6)(19,0)) 1
((19,0)(14,12)) 1
((15,9)(8,5)) 1
((8,5)(8,7)) 1
((8,7)(15,9)) 1
((15,9)(9,4)) 2
((9,4)(8,5)) 2
((15,16)(14,13)) 6
((14,14)(15,16)) 1
((15,16)(12,14)) 1
((12,14)(15,16)) 1
((15,15)(14,16)) 1
((14,16)(15,16)) 1
((15,15)(15,16)) 3
((15,16)(16,15)) 4
((16,15)(15,16)) 2
((15,27)(17,28)) 7
((17,28)(17,28)) 27
((17,28)(15,27)) 6
((12,0)(4,9)) 1
((4,9)(4,10)) 1
((4,10)(4,10)) 2
((4,10)(6,10)) 1
((6,10)(12,0)) 1
((5,13)(11,11)) 2
((11,11)(12,28)) 2
((12,9)(15,11)) 1
((15,11)(11,9)) 1
((12,9)(14,12)) 5
((14,12)(11,9)) 1
((11,9)(14,13)) 1
((12,28)(12,10)) 1
((12,10)(13,10)) 3
((13,10)(13,9)) 3
((15,9)(23,7)) 2
((23,7)(23,7)) 12
((23,7)(16,11)) 1
((23,7)(16,13)) 1
((16,13)(23,7)) 1
((23,7)(24,6)) 1
((24,6)(23,7)) 1
((23,7)(24,5)) 1
((24,5)(24,5)) 3
((16,1)(18,0)) 2
((18,0)(18,1)) 1
((18,1)(18,1)) 20
((18,1)(17,6)) 1
((17,6)(16,1)) 1
((15,9)(18,1)) 1
((16,7)(18,9)) 3
((18,9)(16,7)) 2
((16,7)(14,12)) 2
((6,9)(16,13)) 2
((15,13)(6,9)) 1
((13,12)(9,11)) 3
((9,11)(13,9)) 2
((14,3)(15,11)) 1
((15,11)(14,4)) 1
((14,4)(13,3)) 2
((13,3)(14,3)) 1
((14,3)(19,4)) 1
((19,4)(19,4)) 1
((19,4)(19,3)) 1
((19,3)(21,1)) 2
((13,10)(17,13)) 3
((17,13)(16,15)) 1
((16,15)(15,13)) 2
((16,12)(15,14)) 2
((15,12)(17,13)) 1
((13,6)(13,9)) 4
((13,9)(10,7)) 1
((10,7)(10,7)) 7
((10,7)(16,3)) 1
((16,3)(16,3)) 34
((16,3)(16,2)) 2
((16,2)(16,23)) 1
((15,27)(12,28)) 2
((12,28)(14,28)) 1
((15,9)(13,7)) 1
((16,20)(16,20)) 10
((16,20)(15,14)) 1
((10,10)(16,13)) 6
((15,13)(16,20)) 4
((16,20)(15,13)) 3
((16,13)(16,20)) 1
((16,13)(10,10)) 6
((16,20)(16,13)) 1
((16,20)(17,21)) 1
((13,12)(8,11)) 6
((8,11)(13,12)) 5
((13,12)(26,7)) 4
((26,7)(8,11)) 1
((26,7)(13,12)) 5
((8,11)(26,7)) 1
((26,7)(16,13)) 5
((16,13)(26,7)) 6
((15,13)(16,12)) 3
((16,13)(19,11)) 5
((19,11)(19,11)) 78
((19,11)(28,11)) 1
((28,11)(26,7)) 2
((15,9)(18,10)) 2
((18,9)(16,12)) 12
((16,12)(15,15)) 4
((17,7)(17,7)) 38
((17,7)(16,8)) 1
((16,8)(16,9)) 4
((17,9)(17,7)) 4
((17,7)(17,8)) 4
((17,8)(16,8)) 5
((16,8)(17,8)) 2
((17,8)(17,7)) 3
((16,8)(17,7)) 1
((17,7)(17,9)) 2
((16,12)(19,10)) 1
((19,10)(14,12)) 1
((14,12)(19,10)) 1
((19,10)(19,9)) 1
((19,9)(19,9)) 17
((15,13)(16,11)) 1
((16,13)(11,14)) 6
((11,14)(9,11)) 9
((17,6)(16,10)) 2
((16,10)(17,6)) 1
((17,6)(16,12)) 1
((16,12)(17,9)) 2
((16,9)(17,6)) 1
((15,12)(15,8)) 1
((15,8)(18,9)) 2
((15,28)(15,28)) 21
((15,28)(15,27)) 2
((15,27)(19,17)) 2
((19,17)(16,15)) 3
((16,15)(11,6)) 1
((11,6)(15,28)) 1
((15,28)(19,17)) 1
((15,13)(12,28)) 1
((13,9)(16,7)) 6
((17,13)(12,28)) 1
((12,28)(12,21)) 1
((12,21)(14,12)) 2
((14,12)(7,7)) 3
((7,6)(12,18)) 1
((12,18)(12,28)) 1
((16,13)(15,8)) 4
((17,13)(22,10)) 2
((9,4)(15,9)) 1
((12,10)(11,11)) 1
((16,13)(12,10)) 2
((13,10)(12,10)) 1
((12,9)(16,13)) 3
((13,7)(16,2)) 1
((16,2)(13,7)) 2
((13,7)(15,11)) 1
((15,11)(16,2)) 1
((13,7)(16,7)) 1
((16,7)(13,9)) 4
((16,6)(13,9)) 2
((13,9)(6,10)) 2
((6,10)(15,9)) 3
((16,6)(6,10)) 1
((16,6)(13,12)) 1
((13,12)(16,6)) 1
((13,9)(16,6)) 2
((14,13)(15,12)) 6
((24,2)(14,13)) 1
((11,10)(15,9)) 4
((15,9)(9,8)) 1
((9,8)(15,9)) 1
((17,9)(11,10)) 2
((9,8)(11,10)) 4
((16,25)(16,23)) 7
((16,23)(13,19)) 1
((13,19)(13,17)) 1
((13,17)(13,17)) 7
((13,17)(16,11)) 1
((18,10)(15,9)) 2
((16,13)(18,13)) 8
((18,13)(19,17)) 5
((19,17)(16,25)) 1
((16,25)(15,27)) 8
((15,27)(14,28)) 3
((27,6)(26,6)) 3
((26,6)(27,6)) 3
((27,6)(16,13)) 1
((13,12)(8,9)) 1
((8,9)(16,14)) 3
((16,14)(8,9)) 2
((16,14)(16,7)) 1
((16,7)(17,7)) 1
((17,7)(19,6)) 1
((19,6)(20,5)) 1
((20,5)(18,3)) 1
((18,3)(18,3)) 1
((18,3)(14,5)) 1
((14,5)(14,5)) 4
((4,8)(16,1)) 1
((16,1)(11,10)) 1
((11,10)(4,8)) 1
((16,13)(6,10)) 2
((4,8)(11,11)) 2
((17,9)(11,11)) 2
((11,11)(5,14)) 2
((13,12)(17,9)) 2
((19,10)(18,9)) 2
((18,9)(11,14)) 3
((23,17)(23,17)) 17
((23,17)(14,8)) 2
((14,8)(19,15)) 4
((19,15)(23,17)) 5
((23,17)(19,15)) 4
((19,15)(14,8)) 3
((23,17)(16,13)) 2
((16,13)(23,17)) 3
((16,13)(17,21)) 3
((17,21)(16,13)) 6
((15,9)(15,13)) 7
((13,9)(13,15)) 1
((13,15)(13,15)) 2
((13,15)(14,15)) 2
((14,15)(13,9)) 2
((13,9)(15,12)) 9
((14,14)(15,13)) 1
((24,2)(18,9)) 2
((18,9)(19,15)) 3
((19,15)(16,15)) 3
((15,12)(15,26)) 1
((16,23)(24,21)) 9
((24,21)(24,21)) 23
((24,21)(27,24)) 1
((27,24)(15,27)) 1
((18,13)(18,9)) 16
((17,10)(16,11)) 2
((16,11)(14,13)) 5
((16,14)(15,13)) 4
((12,11)(16,13)) 5
((14,12)(12,11)) 3
((15,27)(13,12)) 2
((11,11)(15,27)) 2
((13,11)(15,27)) 1
((10,1)(12,3)) 2
((19,11)(18,14)) 1
((18,14)(17,13)) 1
((17,13)(15,13)) 8
((17,9)(13,8)) 1
((13,8)(15,9)) 4
((15,9)(15,18)) 1
((15,18)(15,18)) 2
((15,18)(17,21)) 1
((16,3)(16,12)) 1
((16,12)(16,3)) 2
((16,3)(16,13)) 1
((17,13)(16,3)) 1
((16,3)(18,13)) 1
((16,3)(15,9)) 1
((15,9)(18,13)) 5
((15,27)(13,26)) 2
((13,26)(15,27)) 1
((15,27)(16,13)) 11
((13,9)(15,27)) 2
((16,14)(14,12)) 2
((14,12)(16,14)) 2
((16,14)(4,9)) 1
((28,21)(28,21)) 19
((28,21)(27,24)) 3
((27,24)(19,15)) 5
((19,15)(16,12)) 2
((19,15)(27,21)) 2
((27,21)(28,21)) 1
((15,12)(19,15)) 2
((19,15)(27,24)) 4
((27,24)(28,21)) 2
((28,21)(16,12)) 1
((16,12)(27,24)) 2
((28,21)(26,20)) 1
((26,20)(26,20)) 3
((26,20)(27,20)) 1
((27,20)(27,20)) 2
((27,20)(26,21)) 1
((26,21)(26,21)) 8
((15,13)(11,12)) 1
((11,12)(9,10)) 1
((9,10)(6,8)) 5
((15,13)(9,10)) 3
((5,8)(15,13)) 1
((16,13)(9,10)) 1
((5,8)(9,10)) 1
((17,3)(15,9)) 1
((15,9)(17,3)) 1
((16,12)(19,15)) 1
((19,15)(23,21)) 1
((23,21)(23,21)) 49
((23,21)(16,12)) 2
((15,13)(13,12)) 2
((5,13)(13,12)) 3
((13,12)(18,12)) 1
((18,12)(23,21)) 1
((23,21)(15,12)) 1
((15,12)(23,21)) 1
((16,12)(23,21)) 1
((23,21)(16,14)) 1
((18,9)(14,9)) 1
((14,9)(18,9)) 4
((14,12)(9,11)) 2
((9,4)(15,12)) 1
((13,9)(9,4)) 3
((9,4)(11,11)) 1
((21,10)(9,11)) 1
((9,11)(6,10)) 2
((6,10)(21,10)) 1
((21,10)(18,13)) 1
((18,13)(14,12)) 2
((11,19)(12,11)) 1
((12,11)(14,12)) 10
((14,12)(16,11)) 1
((16,11)(12,16)) 3
((12,16)(11,14)) 10
((10,10)(21,10)) 1
((21,10)(23,10)) 8
((23,10)(28,11)) 1
((16,9)(16,5)) 2
((16,5)(17,4)) 2
((17,4)(17,4)) 20
((17,4)(16,8)) 2
((16,8)(16,10)) 2
((16,9)(16,8)) 1
((16,9)(17,8)) 1
((13,14)(14,11)) 1
((13,9)(11,0)) 2
((11,0)(11,0)) 15
((11,0)(11,11)) 1
((13,0)(15,1)) 1
((15,1)(15,1)) 6
((15,1)(15,9)) 2
((12,9)(7,6)) 1
((14,10)(12,11)) 1
((12,11)(14,10)) 1
((16,10)(15,12)) 2
((15,12)(16,10)) 2
((16,10)(13,9)) 1
((17,13)(13,10)) 1
((15,9)(11,14)) 6
((11,14)(10,13)) 5
((10,13)(16,13)) 1
((16,13)(13,10)) 2
((21,25)(21,25)) 12
((21,25)(21,26)) 1
((21,26)(21,26)) 1
((21,26)(21,25)) 1
((21,25)(21,20)) 2
((21,20)(18,13)) 2
((18,13)(21,20)) 2
((21,20)(21,25)) 3
((13,8)(8,10)) 1
((14,12)(17,12)) 2
((17,12)(16,12)) 12
((16,12)(17,12)) 9
((16,12)(14,11)) 1
((16,13)(14,10)) 1
((14,10)(16,7)) 1
((8,7)(7,7)) 3
((16,2)(16,13)) 2
((16,23)(11,11)) 4
((11,11)(16,23)) 2
((12,28)(16,23)) 2
((16,23)(16,24)) 2
((16,24)(16,24)) 8
((16,24)(16,23)) 2
((12,9)(15,16)) 1
((15,16)(26,5)) 1
((26,5)(26,5)) 3
((26,5)(12,18)) 1
((12,18)(14,17)) 1
((14,17)(14,17)) 1
((14,17)(15,17)) 1
((15,17)(16,18)) 1
((16,18)(16,18)) 1
((16,18)(17,17)) 1
((17,17)(17,17)) 2
((17,17)(19,15)) 1
((19,15)(20,14)) 1
((20,14)(20,14)) 17
((20,14)(22,11)) 2
((22,11)(22,11)) 5
((26,21)(26,20)) 1
((26,20)(28,21)) 1
((28,21)(27,21)) 2
((27,21)(27,24)) 1
((27,24)(25,24)) 4
((25,24)(25,24)) 5
((25,24)(27,24)) 4
((27,24)(27,21)) 3
((27,21)(25,20)) 2
((25,20)(25,21)) 1
((25,21)(25,21)) 81
((16,13)(15,10)) 1
((15,10)(16,12)) 2
((16,12)(8,2)) 1
((4,8)(7,7)) 3
((7,7)(4,8)) 1
((7,7)(7,5)) 1
((7,5)(8,6)) 1
((8,6)(4,9)) 1
((13,6)(14,7)) 1
((14,7)(15,11)) 1
((9,3)(9,3)) 5
((9,3)(4,8)) 1
((15,9)(7,6)) 3
((19,17)(18,13)) 5
((18,13)(21,11)) 1
((21,11)(21,11)) 8
((21,11)(20,10)) 4
((20,10)(18,13)) 3
((18,13)(20,10)) 1
((20,10)(21,11)) 3
((19,17)(20,10)) 2
((19,17)(19,16)) 1
((19,16)(19,16)) 11
((19,16)(19,11)) 1
((19,11)(21,11)) 1
((21,10)(17,13)) 2
((16,13)(19,17)) 4
((19,17)(17,13)) 1
((20,10)(17,13)) 1
((16,8)(18,9)) 4
((17,9)(16,11)) 4
((16,11)(16,8)) 2
((18,9)(16,8)) 1
((18,10)(16,8)) 3
((17,13)(13,12)) 3
((15,13)(17,13)) 6
((15,28)(16,25)) 1
((16,25)(27,24)) 1
((27,24)(16,25)) 3
((15,27)(27,24)) 1
((13,8)(13,1)) 1
((13,1)(13,8)) 1
((13,8)(16,13)) 2
((16,13)(12,1)) 1
((12,1)(15,14)) 1
((15,14)(12,1)) 1
((12,1)(13,1)) 3
((13,1)(12,1)) 1
((12,0)(12,1)) 2
((13,1)(12,0)) 2
((8,10)(10,10)) 3
((10,10)(8,10)) 2
((8,10)(7,10)) 5
((7,10)(8,10)) 2
((7,10)(7,11)) 1
((7,11)(7,10)) 1
((15,9)(11,11)) 14
((16,14)(16,11)) 1
((11,8)(17,13)) 1
((17,13)(23,17)) 1
((23,17)(17,14)) 1
((16,12)(13,7)) 1
((13,7)(16,13)) 1
((15,9)(15,12)) 8
((25,9)(27,7)) 1
((27,7)(27,7)) 1
((27,7)(25,9)) 1
((25,9)(24,8)) 1
((24,8)(21,10)) 3
((21,10)(18,9)) 11
((18,12)(16,13)) 2
((17,13)(18,12)) 5
((18,12)(21,10)) 1
((20,14)(19,15)) 2
((19,15)(16,14)) 2
((16,14)(14,14)) 2
((14,14)(12,11)) 3
((12,11)(14,11)) 2
((15,15)(21,11)) 1
((21,11)(20,11)) 2
((20,11)(20,11)) 9
((20,11)(19,11)) 4
((19,11)(12,11)) 3
((14,12)(19,11)) 1
((12,11)(5,13)) 1
((5,13)(15,13)) 1
((15,13)(20,14)) 1
((20,14)(21,14)) 2
((21,14)(24,14)) 1
((24,14)(28,14)) 2
((28,14)(29,13)) 3
((29,13)(29,13)) 17
((29,13)(20,14)) 2
((19,15)(28,14)) 1
((20,14)(16,14)) 2
((16,14)(15,14)) 2
((13,13)(14,14)) 1
((14,11)(21,11)) 1
((21,11)(19,11)) 1
((19,11)(19,13)) 2
((19,13)(15,13)) 1
((15,15)(12,11)) 2
((14,12)(20,14)) 1
((21,14)(21,11)) 1
((19,13)(19,15)) 3
((19,15)(15,13)) 1
((15,15)(16,14)) 1
((16,14)(16,12)) 2
((16,12)(17,14)) 1
((17,14)(19,11)) 1
((12,11)(10,11)) 1
((14,12)(5,13)) 1
((5,13)(7,12)) 3
((7,12)(8,12)) 3
((8,12)(11,11)) 3
((12,11)(20,14)) 1
((15,13)(14,13)) 8
((5,14)(13,9)) 1
((13,9)(22,4)) 2
((15,15)(15,9)) 2
((15,7)(15,8)) 3
((15,9)(18,19)) 1
((18,19)(18,19)) 26
((18,19)(15,9)) 1
((15,7)(16,26)) 1
((16,26)(16,26)) 3
((16,26)(18,19)) 1
((18,19)(16,23)) 2
((16,23)(12,28)) 4
((16,23)(18,19)) 1
((13,11)(11,11)) 1
((11,11)(14,11)) 1
((14,12)(11,14)) 3
((11,14)(9,16)) 2
((16,23)(14,25)) 2
((14,25)(12,28)) 1
((27,21)(14,12)) 1
((16,13)(15,12)) 7
((15,12)(14,11)) 1
((14,11)(16,12)) 1
((16,12)(18,12)) 1
((18,12)(13,9)) 3
((20,7)(20,7)) 51
((20,7)(16,13)) 1
((16,13)(18,10)) 4
((18,10)(12,27)) 1
((13,9)(13,14)) 1
((15,6)(15,6)) 64
((15,6)(16,6)) 6
((16,6)(16,13)) 5
((16,13)(21,15)) 1
((21,15)(21,15)) 3
((21,15)(19,15)) 1
((19,15)(5,14)) 2
((5,14)(14,10)) 1
((14,10)(15,6)) 1
((16,13)(16,6)) 2
((16,13)(15,6)) 3
((11,14)(13,12)) 12
((13,12)(15,6)) 1
((19,15)(16,13)) 11
((16,13)(16,25)) 6
((19,15)(17,13)) 8
((14,12)(16,25)) 2
((17,21)(19,15)) 1
((17,21)(17,13)) 1
((17,13)(19,15)) 6
((16,25)(19,15)) 1
((16,25)(14,12)) 2
((27,24)(17,14)) 1
((15,13)(16,6)) 1
((6,6)(15,12)) 1
((14,13)(6,6)) 2
((7,6)(15,12)) 1
((6,6)(14,13)) 2
((12,9)(6,6)) 1
((21,20)(25,22)) 3
((25,22)(25,22)) 100
((25,22)(25,21)) 6
((25,21)(25,22)) 6
((25,22)(18,13)) 2
((25,21)(24,21)) 1
((24,21)(25,21)) 2
((14,12)(21,20)) 1
((20,7)(20,6)) 9
((20,6)(20,7)) 10
((20,7)(20,8)) 1
((20,8)(18,9)) 2
((18,9)(20,7)) 11
((20,7)(18,9)) 16
((18,9)(13,14)) 4
((9,7)(12,9)) 7
((14,11)(15,12)) 1
((15,11)(13,9)) 1
((13,9)(6,9)) 1
((4,8)(7,8)) 2
((7,8)(11,13)) 1
((12,16)(17,9)) 1
((16,9)(11,19)) 2
((11,19)(12,16)) 3
((12,16)(16,9)) 1
((11,19)(17,9)) 1
((17,9)(12,16)) 1
((12,16)(11,19)) 6
((11,19)(16,9)) 1
((23,10)(26,7)) 2
((26,7)(24,2)) 1
((24,2)(23,10)) 2
((23,10)(24,2)) 1
((16,12)(20,11)) 1
((19,11)(13,9)) 3
((13,9)(19,9)) 1
((19,9)(18,9)) 2
((18,9)(24,7)) 3
((24,7)(24,7)) 40
((24,7)(27,6)) 1
((27,12)(27,12)) 4
((27,12)(14,11)) 1
((14,11)(13,12)) 2
((13,11)(28,11)) 2
((28,11)(13,11)) 1
((13,11)(27,12)) 1
((27,12)(13,11)) 1
((17,22)(27,18)) 1
((27,18)(27,18)) 6
((27,18)(12,15)) 1
((12,15)(12,15)) 6
((12,15)(17,22)) 1
((17,22)(13,13)) 1
((13,13)(17,22)) 1
((17,22)(16,23)) 1
((16,23)(12,15)) 1
((12,15)(12,16)) 1
((12,16)(17,22)) 1
((17,22)(12,16)) 1
((12,16)(12,15)) 2
((18,11)(17,13)) 1
((9,11)(8,10)) 3
((8,10)(6,10)) 3
((17,18)(15,11)) 3
((15,11)(17,18)) 4
((17,18)(18,9)) 1
((18,9)(15,11)) 2
((17,18)(17,17)) 1
((17,17)(15,16)) 1
((16,12)(10,10)) 1
((11,11)(4,10)) 1
((11,2)(12,11)) 1
((12,11)(12,3)) 1
((12,3)(11,14)) 1
((11,14)(11,2)) 1
((11,2)(13,9)) 1
((13,9)(17,12)) 1
((17,12)(14,12)) 3
((14,12)(12,3)) 1
((14,7)(13,6)) 2
((13,6)(14,6)) 3
((14,6)(14,6)) 13
((14,6)(16,12)) 1
((16,12)(11,11)) 1
((16,12)(15,8)) 1
((23,21)(27,24)) 4
((27,24)(23,21)) 4
((23,21)(24,21)) 1
((24,21)(23,21)) 1
((23,21)(26,20)) 1
((26,20)(23,21)) 1
((23,21)(25,18)) 1
((25,18)(26,11)) 1
((26,11)(24,5)) 1
((24,5)(20,3)) 1
((20,3)(20,3)) 3
((20,3)(21,1)) 1
((21,1)(20,3)) 2
((20,3)(24,5)) 1
((24,5)(26,11)) 1
((26,11)(25,18)) 1
((25,18)(23,21)) 1
((13,9)(19,1)) 1
((16,13)(14,28)) 3
((14,28)(12,28)) 3
((12,28)(19,1)) 1
((14,21)(13,9)) 1
((14,11)(4,5)) 3
((4,5)(14,11)) 2
((18,19)(14,10)) 4
((22,4)(16,11)) 1
((16,11)(18,19)) 1
((14,10)(15,13)) 2
((15,13)(18,19)) 2
((18,19)(15,10)) 1
((15,10)(14,10)) 1
((14,10)(15,12)) 1
((14,12)(18,19)) 1
((14,10)(14,11)) 1
((16,13)(18,19)) 1
((18,19)(15,15)) 1
((15,15)(18,19)) 1
((12,11)(15,12)) 5
((15,12)(12,11)) 5
((15,15)(11,11)) 5
((14,12)(17,21)) 1
((20,16)(19,15)) 3
((19,15)(20,16)) 3
((23,10)(21,10)) 4
((23,10)(16,13)) 2
((23,10)(11,11)) 1
((11,11)(21,10)) 2
((16,6)(14,9)) 6
((14,9)(16,6)) 5
((17,4)(17,9)) 6
((17,9)(17,4)) 3
((17,9)(15,12)) 4
((15,12)(17,4)) 3
((17,4)(15,12)) 1
((15,12)(17,9)) 1
((22,10)(14,12)) 1
((14,12)(9,4)) 1
((16,15)(12,11)) 3
((13,11)(14,14)) 1
((12,11)(16,15)) 1
((12,11)(16,12)) 2
((11,11)(6,10)) 6
((7,8)(11,11)) 3
((7,8)(6,6)) 1
((13,9)(20,10)) 1
((20,10)(13,12)) 1
((13,9)(19,11)) 1
((19,11)(13,11)) 1
((13,11)(20,10)) 1
((4,8)(10,1)) 5
((10,1)(4,8)) 5
((6,10)(5,10)) 5
((5,10)(5,10)) 27
((5,10)(6,10)) 2
((10,1)(10,0)) 1
((4,8)(6,10)) 3
((5,10)(5,11)) 3
((5,11)(6,11)) 4
((6,11)(5,11)) 2
((5,13)(6,10)) 1
((12,5)(12,3)) 1
((9,8)(16,13)) 1
((16,13)(9,9)) 2
((9,9)(9,8)) 1
((12,21)(12,9)) 1
((14,12)(12,21)) 2
((12,21)(11,13)) 1
((18,9)(25,11)) 1
((25,11)(19,11)) 1
((19,11)(11,11)) 1
((11,11)(19,11)) 1
((19,11)(17,13)) 1
((24,14)(16,13)) 1
((16,13)(24,14)) 2
((24,14)(29,13)) 2
((29,13)(16,13)) 1
((15,11)(14,13)) 2
((16,13)(15,11)) 2
((15,15)(18,20)) 2
((15,11)(18,20)) 1
((17,9)(17,5)) 1
((17,5)(18,0)) 3
((18,0)(16,9)) 1
((16,9)(14,11)) 1
((16,13)(17,9)) 7
((16,10)(13,11)) 1
((13,11)(15,11)) 1
((15,11)(16,10)) 1
((13,7)(4,8)) 1
((11,11)(10,11)) 3
((10,11)(15,9)) 3
((26,6)(15,9)) 3
((15,9)(26,6)) 3
((26,6)(25,6)) 1
((25,6)(25,6)) 1
((25,6)(26,6)) 1
((26,6)(16,13)) 1
((16,13)(26,6)) 1
((11,13)(10,10)) 2
((10,10)(17,13)) 1
((17,13)(8,10)) 3
((18,13)(13,9)) 1
((12,9)(18,13)) 1
((13,12)(18,13)) 1
((17,13)(17,14)) 4
((17,14)(17,13)) 2
((29,10)(28,11)) 1
((26,7)(26,6)) 1
((21,25)(16,23)) 1
((12,28)(21,20)) 1
((16,14)(17,13)) 4
((8,10)(7,9)) 1
((7,9)(7,10)) 2
((7,10)(8,9)) 1
((8,9)(14,13)) 1
((16,14)(9,9)) 1
((9,9)(16,14)) 1
((15,13)(8,10)) 1
((7,10)(7,9)) 1
((7,9)(10,11)) 1
((10,11)(7,9)) 1
((15,9)(25,4)) 1
((25,4)(25,4)) 1
((25,4)(26,7)) 1
((26,7)(16,23)) 1
((12,28)(28,15)) 1
((28,15)(28,15)) 2
((14,12)(13,28)) 1
((13,28)(13,28)) 1
((13,28)(12,28)) 1
((24,7)(15,13)) 1
((15,13)(24,7)) 1
((24,7)(14,12)) 1
((15,28)(15,9)) 1
((15,9)(17,21)) 1
((17,21)(15,28)) 2
((15,28)(17,21)) 1
((15,28)(18,9)) 1
((18,10)(15,28)) 1
((11,11)(11,12)) 4
((11,14)(11,12)) 1
((11,12)(11,11)) 1
((11,12)(14,12)) 1
((11,11)(24,2)) 1
((16,23)(19,15)) 1
((19,15)(16,23)) 1
((16,14)(11,11)) 1
((12,21)(11,10)) 3
((11,9)(13,10)) 1
((12,9)(12,16)) 1
((11,10)(12,21)) 1
((10,10)(12,16)) 2
((12,16)(12,18)) 4
((12,21)(11,21)) 1
((11,21)(11,21)) 6
((16,25)(15,15)) 6
((15,15)(16,25)) 4
((15,15)(17,18)) 2
((17,18)(18,20)) 2
((18,20)(16,25)) 1
((16,25)(26,24)) 1
((26,24)(16,25)) 1
((16,25)(16,24)) 2
((9,9)(16,15)) 2
((16,15)(11,8)) 1
((11,8)(9,9)) 1
((9,9)(15,16)) 2
((15,16)(16,13)) 3
((15,16)(16,11)) 1
((16,11)(9,9)) 1
((16,15)(9,9)) 1
((9,9)(11,8)) 1
((11,8)(11,10)) 1
((13,12)(11,14)) 11
((28,11)(13,26)) 3
((13,26)(28,11)) 2
((13,26)(11,19)) 1
((11,19)(14,12)) 1
((28,11)(27,11)) 1
((27,11)(27,11)) 3
((27,11)(28,11)) 1
((28,11)(16,13)) 1
((11,11)(26,7)) 1
((26,7)(28,11)) 2
((15,11)(14,12)) 1
((17,9)(18,12)) 1
((18,12)(15,9)) 4
((15,9)(17,28)) 1
((17,28)(14,13)) 1
((14,13)(17,28)) 1
((17,28)(17,29)) 1
((17,29)(17,29)) 4
((14,13)(11,19)) 2
((12,28)(11,19)) 1
((11,19)(4,8)) 1
((4,9)(5,13)) 2
((5,13)(5,14)) 8
((14,14)(12,28)) 1
((14,16)(13,17)) 5
((13,17)(14,16)) 3
((14,16)(11,6)) 1
((11,6)(15,12)) 2
((15,12)(14,16)) 3
((13,17)(11,6)) 1
((14,16)(15,12)) 2
((16,13)(14,16)) 3
((15,12)(11,6)) 1
((11,6)(14,16)) 1
((14,16)(16,23)) 1
((18,11)(12,12)) 5
((13,12)(18,11)) 4
((12,12)(18,11)) 1
((12,12)(12,9)) 1
((12,9)(18,11)) 1
((18,11)(18,9)) 3
((9,4)(12,0)) 1
((12,0)(9,4)) 1
((9,4)(6,10)) 1
((6,10)(5,13)) 3
((5,13)(13,9)) 1
((17,18)(13,9)) 1
((13,7)(13,9)) 4
((16,6)(16,12)) 1
((11,10)(16,12)) 1
((4,9)(11,9)) 1
((11,9)(6,6)) 1
((6,6)(12,11)) 1
((12,11)(11,10)) 2
((11,9)(8,7)) 1
((18,9)(27,6)) 1
((27,6)(26,7)) 1
((26,7)(18,9)) 1
((18,9)(17,10)) 1
((8,9)(11,10)) 5
((8,9)(8,8)) 1
((17,9)(16,13)) 3
((16,13)(8,10)) 4
((12,16)(13,12)) 1
((17,9)(17,8)) 1
((16,9)(14,8)) 1
((12,9)(16,12)) 1
((16,13)(20,10)) 1
((20,10)(19,11)) 1
((19,11)(26,7)) 1
((26,7)(14,12)) 2
((17,12)(25,11)) 2
((25,11)(17,12)) 2
((16,12)(25,11)) 1
((15,9)(20,6)) 2
((15,9)(20,7)) 1
((18,9)(19,7)) 2
((19,7)(20,6)) 3
((15,14)(14,14)) 3
((13,13)(11,12)) 1
((18,2)(19,3)) 1
((19,3)(19,1)) 4
((18,9)(19,3)) 3
((18,9)(17,8)) 1
((17,8)(18,8)) 1
((18,8)(18,6)) 1
((14,13)(15,11)) 1
((14,13)(15,15)) 2
((14,13)(14,8)) 1
((14,8)(14,13)) 1
((14,13)(15,16)) 2
((14,13)(14,16)) 2
((14,9)(13,8)) 4
((11,14)(12,16)) 8
((26,14)(19,15)) 1
((19,15)(18,13)) 7
((18,9)(25,14)) 1
((25,14)(19,15)) 1
((19,15)(25,14)) 4
((26,14)(19,10)) 1
((19,10)(24,14)) 1
((24,14)(26,14)) 1
((26,14)(24,14)) 1
((24,14)(19,15)) 4
((18,13)(19,15)) 5
((25,14)(21,20)) 1
((21,20)(19,15)) 4
((18,9)(19,10)) 2
((19,10)(15,9)) 3
((15,9)(25,14)) 1
((12,9)(4,5)) 1
((4,5)(9,7)) 1
((12,9)(9,7)) 4
((11,14)(9,7)) 1
((8,10)(9,11)) 3
((14,12)(13,10)) 6
((18,9)(22,4)) 1
((12,9)(14,4)) 1
((14,4)(13,9)) 3
((13,9)(14,4)) 1
((13,9)(13,6)) 2
((13,6)(14,4)) 1
((15,9)(6,9)) 1
((6,9)(12,28)) 1
((12,27)(14,4)) 1
((19,0)(12,16)) 1
((15,9)(13,8)) 1
((13,8)(22,4)) 1
((22,4)(15,11)) 1
((15,11)(19,7)) 1
((19,7)(15,11)) 1
((15,11)(16,11)) 1
((16,11)(22,4)) 2
((20,9)(20,9)) 14
((20,9)(22,8)) 1
((22,8)(24,7)) 1
((24,7)(21,10)) 1
((21,10)(19,10)) 1
((15,9)(21,20)) 2
((18,11)(20,9)) 2
((15,6)(12,3)) 1
((12,3)(13,7)) 2
((13,7)(15,6)) 1
((15,6)(15,8)) 2
((15,9)(15,6)) 7
((15,6)(14,5)) 1
((14,5)(15,9)) 1
((15,8)(15,6)) 1
((15,8)(14,6)) 1
((14,6)(15,6)) 2
((15,6)(26,18)) 1
((26,18)(26,18)) 2
((9,8)(9,7)) 3
((15,9)(11,10)) 2
((11,10)(9,8)) 4
((18,9)(19,11)) 2
((19,11)(18,9)) 1
((10,1)(9,4)) 6
((9,4)(10,1)) 6
((10,1)(15,9)) 2
((11,3)(11,3)) 25
((11,3)(12,3)) 1
((12,3)(11,3)) 1
((11,3)(13,7)) 1
((13,7)(12,4)) 1
((12,4)(11,3)) 1
((9,7)(15,9)) 2
((21,10)(11,11)) 1
((12,9)(12,11)) 1
((12,11)(9,7)) 1
((15,15)(19,15)) 2
((19,15)(21,15)) 1
((21,15)(21,14)) 1
((18,9)(28,14)) 1
((28,14)(28,15)) 1
((28,15)(28,17)) 1
((28,17)(28,17)) 2
((28,17)(27,18)) 1
((27,18)(26,19)) 1
((25,20)(24,21)) 1
((24,21)(22,22)) 2
((22,22)(22,22)) 4
((22,22)(20,22)) 1
((20,22)(19,23)) 1
((19,23)(19,23)) 2
((19,23)(18,24)) 1
((18,24)(16,23)) 1
((16,23)(16,25)) 3
((16,25)(16,26)) 1
((16,26)(15,27)) 1
((12,28)(13,26)) 1
((13,26)(14,25)) 1
((14,25)(15,23)) 1
((15,23)(15,23)) 2
((15,23)(13,21)) 1
((13,21)(12,21)) 1
((12,21)(11,19)) 3
((11,19)(12,18)) 2
((12,18)(12,16)) 2
((12,15)(13,14)) 1
((22,7)(22,7)) 7
((22,7)(21,9)) 1
((21,9)(21,9)) 2
((21,9)(18,11)) 1
((18,11)(22,7)) 1
((22,7)(20,9)) 2
((20,9)(8,7)) 1
((8,7)(20,9)) 1
((18,1)(18,2)) 8
((18,2)(18,1)) 8
((18,2)(18,9)) 2
((18,9)(18,2)) 1
((18,1)(17,9)) 1
((18,2)(15,9)) 1
((15,9)(18,2)) 1
((18,1)(19,1)) 1
((19,1)(19,3)) 3
((18,13)(18,12)) 1
((18,12)(21,20)) 1
((21,20)(17,13)) 2
((11,14)(15,15)) 1
((4,5)(16,13)) 1
((8,10)(11,11)) 5
((11,11)(8,10)) 5
((8,10)(17,13)) 1
((12,29)(16,23)) 2
((16,23)(28,14)) 1
((28,14)(17,18)) 1
((17,18)(15,27)) 1
((15,27)(12,29)) 1
((16,23)(30,13)) 1
((30,13)(28,17)) 1
((28,17)(16,23)) 1
((16,23)(12,29)) 2
((12,29)(28,14)) 1
((28,14)(24,21)) 1
((24,21)(16,23)) 4
((12,29)(15,27)) 1
((15,27)(17,18)) 1
((17,18)(11,11)) 1
((11,11)(12,29)) 1
((16,8)(13,12)) 2
((16,8)(15,7)) 4
((15,7)(16,8)) 2
((16,8)(15,8)) 3
((13,12)(16,8)) 2
((15,8)(16,8)) 1
((15,9)(14,25)) 1
((16,0)(16,0)) 31
((16,0)(16,2)) 5
((16,2)(16,0)) 2
((16,2)(17,3)) 1
((17,3)(17,9)) 1
((14,21)(15,9)) 1
((15,9)(13,19)) 1
((13,19)(14,16)) 1
((14,16)(13,19)) 1
((14,13)(4,9)) 2
((4,9)(5,9)) 6
((5,9)(5,9)) 14
((5,9)(4,9)) 5
((4,5)(7,6)) 1
((7,7)(4,9)) 1
((4,9)(14,13)) 1
((4,9)(17,13)) 1
((15,12)(9,4)) 3
((18,9)(13,8)) 1
((18,9)(19,9)) 1
((19,9)(13,8)) 1
((21,10)(24,9)) 2
((24,9)(18,13)) 1
((18,13)(18,10)) 1
((11,8)(15,9)) 1
((15,9)(11,9)) 1
((11,13)(12,12)) 1
((5,13)(15,27)) 1
((15,27)(15,13)) 1
((14,12)(6,10)) 4
((6,10)(3,7)) 1
((2,8)(13,12)) 1
((13,12)(15,27)) 1
((15,27)(14,26)) 1
((14,26)(14,26)) 1
((14,26)(15,25)) 1
((15,25)(15,25)) 7
((24,25)(24,25)) 32
((24,25)(27,24)) 8
((27,24)(16,13)) 3
((27,24)(24,25)) 8
((14,12)(13,5)) 1
((16,12)(18,10)) 1
((5,12)(14,12)) 1
((17,13)(18,14)) 2
((18,14)(20,18)) 1
((20,18)(17,13)) 1
((18,12)(13,12)) 3
((17,13)(24,26)) 1
((24,26)(24,26)) 1
((24,26)(15,15)) 1
((15,15)(14,12)) 5
((14,9)(23,21)) 1
((25,14)(27,21)) 1
((27,21)(19,15)) 2
((27,24)(27,22)) 4
((27,22)(27,22)) 8
((27,22)(27,24)) 4
((27,24)(25,14)) 1
((25,14)(27,24)) 2
((27,22)(27,21)) 1
((27,21)(25,14)) 1
((30,13)(27,24)) 1
((27,24)(25,22)) 1
((25,22)(27,23)) 1
((27,23)(27,23)) 1
((15,13)(13,9)) 3
((25,14)(30,13)) 1
((30,13)(15,9)) 1
((15,27)(16,11)) 1
((16,11)(15,27)) 1
((15,27)(16,28)) 7
((16,28)(16,28)) 26
((16,28)(15,27)) 5
((15,15)(15,27)) 4
((16,28)(16,11)) 1
((17,28)(16,11)) 1
((14,12)(16,23)) 1
((16,28)(17,27)) 1
((17,27)(17,27)) 2
((17,27)(16,23)) 1
((16,23)(15,12)) 2
((15,12)(13,7)) 1
((13,7)(13,6)) 2
((13,6)(12,6)) 1
((12,6)(13,6)) 1
((13,6)(14,12)) 1
((14,13)(17,27)) 1
((18,9)(14,13)) 2
((18,9)(11,10)) 1
((11,10)(18,9)) 1
((6,6)(16,11)) 2
((16,11)(6,6)) 1
((16,11)(14,12)) 4
((13,12)(16,11)) 1
((13,7)(13,8)) 4
((13,9)(12,5)) 1
((12,5)(12,0)) 1
((12,0)(18,10)) 1
((18,10)(22,20)) 1
((22,20)(22,20)) 2
((22,20)(16,14)) 1
((18,9)(23,10)) 1
((23,10)(24,7)) 1
((24,7)(20,16)) 1
((20,16)(24,7)) 1
((24,7)(11,10)) 1
((14,9)(24,7)) 1
((18,29)(18,29)) 36
((18,29)(14,11)) 3
((14,11)(18,29)) 2
((18,29)(16,9)) 1
((16,9)(18,29)) 1
((14,11)(11,13)) 1
((11,13)(18,29)) 1
((25,22)(24,21)) 6
((24,21)(25,22)) 9
((25,22)(16,23)) 3
((25,22)(16,25)) 1
((25,22)(20,18)) 1
((19,18)(15,27)) 1
((14,28)(16,23)) 1
((25,22)(27,20)) 1
((27,20)(28,22)) 1
((28,22)(28,22)) 3
((28,22)(26,23)) 1
((26,23)(25,22)) 2
((25,22)(26,23)) 1
((11,18)(11,18)) 3
((11,18)(25,20)) 2
((25,20)(11,18)) 1
((25,20)(11,19)) 1
((11,19)(11,18)) 1
((11,18)(11,19)) 1
((11,19)(26,24)) 1
((26,24)(25,20)) 1
((10,5)(11,6)) 1
((11,6)(11,3)) 2
((11,3)(13,4)) 1
((13,4)(11,3)) 1
((11,3)(10,5)) 1
((10,5)(11,3)) 1
((11,3)(11,6)) 1
((11,3)(12,4)) 1
((18,9)(18,7)) 2
((15,13)(16,25)) 1
((16,25)(15,28)) 1
((15,28)(17,14)) 1
((17,14)(27,18)) 1
((27,18)(25,18)) 1
((25,18)(15,28)) 1
((12,21)(12,20)) 1
((12,20)(12,20)) 5
((12,20)(12,21)) 1
((11,19)(11,21)) 1
((18,9)(18,11)) 4
((18,11)(15,9)) 1
((15,9)(19,1)) 1
((19,1)(18,11)) 1
((18,11)(16,2)) 1
((16,2)(13,9)) 3
((4,8)(8,10)) 4
((8,10)(4,8)) 4
((7,6)(10,1)) 2
((7,7)(14,12)) 1
((13,3)(13,5)) 2
((13,5)(14,7)) 1
((15,9)(13,4)) 1
((13,4)(13,3)) 4
((13,3)(13,4)) 4
((13,4)(13,5)) 1
((13,5)(13,6)) 2
((14,6)(14,7)) 4
((17,9)(14,9)) 1
((13,9)(13,4)) 1
((19,3)(15,9)) 1
((16,13)(19,3)) 1
((19,3)(18,10)) 1
((13,8)(12,9)) 1
((15,13)(15,10)) 1
((16,7)(15,13)) 2
((15,13)(16,1)) 1
((16,1)(16,0)) 1
((16,0)(16,1)) 1
((16,1)(15,9)) 4
((9,7)(9,6)) 1
((9,6)(9,7)) 1
((13,9)(16,0)) 1
((16,0)(15,9)) 1
((15,9)(16,0)) 1
((12,16)(15,11)) 2
((12,16)(14,12)) 6
((12,28)(24,8)) 1
((18,29)(16,11)) 2
((16,11)(18,29)) 4
((18,29)(18,9)) 1
((18,29)(17,29)) 1
((17,29)(16,11)) 1
((18,12)(17,13)) 1
((11,8)(10,7)) 1
((10,7)(10,5)) 1
((10,5)(12,7)) 1
((13,9)(17,7)) 1
((17,7)(18,2)) 1
((12,9)(10,9)) 2
((10,9)(11,9)) 6
((11,9)(10,9)) 3
((12,9)(23,15)) 1
((23,15)(23,15)) 4
((14,11)(14,8)) 1
((13,12)(14,8)) 2
((14,8)(26,19)) 1
((26,19)(22,20)) 1
((19,7)(18,6)) 1
((18,6)(14,25)) 1
((14,25)(18,6)) 1
((18,6)(16,11)) 2
((28,14)(19,15)) 1
((14,8)(10,1)) 1
((9,11)(14,12)) 3
((22,9)(22,9)) 17
((22,9)(19,11)) 2
((19,11)(19,12)) 4
((19,12)(19,11)) 3
((19,11)(21,10)) 4
((21,10)(19,11)) 3
((21,10)(22,9)) 6
((22,9)(19,12)) 1
((19,12)(22,9)) 1
((19,12)(21,10)) 2
((15,9)(22,9)) 1
((22,9)(27,6)) 1
((27,6)(21,10)) 1
((22,9)(21,10)) 3
((7,11)(16,13)) 2
((8,10)(7,11)) 1
((7,11)(6,10)) 1
((11,11)(7,10)) 2
((15,9)(13,11)) 2
((11,19)(18,9)) 1
((18,9)(17,12)) 1
((11,13)(11,14)) 4
((11,14)(18,9)) 4
((21,27)(21,27)) 4
((21,27)(16,14)) 2
((16,14)(21,27)) 1
((21,27)(16,13)) 1
((16,13)(21,27)) 1
((14,14)(16,14)) 1
((16,14)(18,29)) 1
((18,29)(21,27)) 1
((21,27)(22,27)) 1
((22,27)(22,27)) 1
((22,27)(18,20)) 1
((18,20)(20,19)) 1
((15,12)(12,0)) 2
((12,0)(11,11)) 1
((11,11)(12,0)) 1
((12,0)(16,2)) 1
((8,10)(9,10)) 2
((9,10)(8,10)) 4
((19,15)(15,27)) 3
((15,27)(17,23)) 1
((17,23)(17,23)) 3
((17,23)(19,19)) 2
((19,19)(19,19)) 2
((19,19)(21,14)) 1
((21,14)(19,15)) 3
((19,17)(24,14)) 1
((15,27)(19,15)) 1
((17,13)(11,11)) 5
((18,13)(20,17)) 2
((19,13)(19,14)) 1
((19,14)(19,13)) 1
((19,13)(23,12)) 1
((23,12)(23,12)) 3
((23,12)(19,13)) 1
((16,12)(21,10)) 1
((21,10)(24,8)) 1
((24,8)(9,8)) 1
((9,8)(24,8)) 1
((13,9)(19,7)) 1
((12,7)(9,4)) 1
((9,4)(7,2)) 1
((7,2)(12,3)) 1
((12,3)(13,6)) 1
((13,6)(14,8)) 1
((21,14)(21,13)) 4
((21,13)(21,13)) 5
((21,13)(16,15)) 3
((16,15)(21,14)) 5
((21,14)(16,15)) 2
((16,13)(20,18)) 1
((20,18)(13,12)) 1
((11,14)(16,13)) 4
((12,16)(13,13)) 1
((13,13)(15,9)) 3
((18,13)(22,13)) 1
((22,13)(6,13)) 1
((18,13)(21,10)) 1
((29,10)(21,10)) 1
((18,0)(11,10)) 1
((11,10)(13,9)) 2
((11,10)(13,10)) 1
((13,10)(8,5)) 1
((8,5)(8,2)) 1
((8,2)(5,7)) 1
((16,25)(13,26)) 1
((13,26)(16,25)) 1
((16,25)(14,25)) 2
((13,26)(12,27)) 1
((12,28)(15,25)) 1
((15,25)(16,24)) 1
((16,24)(12,28)) 1
((12,28)(14,25)) 1
((9,7)(11,10)) 3
((11,10)(9,7)) 1
((11,10)(8,10)) 1
((8,10)(9,8)) 1
((9,8)(11,14)) 2
((10,10)(14,9)) 2
((14,9)(11,10)) 1
((17,12)(18,9)) 2
((17,12)(13,8)) 1
((14,12)(15,8)) 1
((15,9)(10,13)) 1
((10,13)(11,13)) 8
((11,13)(15,8)) 1
((15,8)(16,13)) 1
((16,9)(15,8)) 4
((15,8)(14,10)) 1
((14,10)(16,9)) 2
((16,9)(14,10)) 1
((15,8)(16,9)) 2
((14,10)(15,8)) 1
((12,27)(13,27)) 1
((13,27)(14,25)) 1
((14,25)(11,19)) 1
((11,19)(11,14)) 1
((11,14)(5,13)) 1
((5,14)(12,28)) 1
((13,13)(16,11)) 1
((16,11)(15,11)) 1
((15,11)(17,13)) 1
((17,13)(13,13)) 1
((15,9)(13,13)) 2
((8,7)(6,8)) 1
((6,8)(13,9)) 1
((6,7)(7,9)) 1
((7,9)(9,11)) 1
((15,14)(15,27)) 1
((15,27)(15,15)) 1
((15,14)(15,11)) 1
((15,14)(14,25)) 1
((14,25)(18,10)) 1
((10,3)(10,3)) 4
((10,3)(9,4)) 2
((9,4)(16,6)) 1
((16,6)(10,1)) 1
((9,4)(10,3)) 1
((10,3)(7,6)) 1
((15,9)(10,3)) 1
((15,11)(7,2)) 2
((7,2)(15,12)) 1
((13,9)(11,9)) 1
((11,9)(16,12)) 1
((3,5)(13,9)) 2
((3,5)(15,9)) 1
((15,9)(3,5)) 1
((11,28)(11,28)) 6
((11,28)(11,13)) 1
((11,13)(12,16)) 3
((12,18)(11,19)) 3
((11,19)(12,21)) 1
((12,21)(13,21)) 1
((13,21)(15,23)) 1
((15,23)(14,25)) 1
((13,26)(12,28)) 1
((11,29)(11,28)) 1
((12,18)(16,13)) 1
((18,12)(19,13)) 1
((19,13)(15,16)) 1
((15,16)(18,13)) 1
((19,15)(17,15)) 2
((23,17)(12,27)) 1
((19,18)(12,11)) 1
((16,13)(19,18)) 5
((19,18)(25,17)) 1
((25,17)(19,18)) 1
((16,2)(14,9)) 3
((14,9)(16,7)) 1
((16,7)(16,2)) 3
((17,9)(13,9)) 3
((13,8)(18,10)) 2
((18,9)(10,0)) 1
((10,0)(13,7)) 1
((19,18)(21,25)) 1
((21,25)(19,15)) 1
((19,15)(19,18)) 1
((19,18)(20,22)) 1
((20,22)(21,25)) 1
((21,25)(19,17)) 1
((19,17)(19,18)) 2
((19,18)(20,20)) 1
((20,20)(19,15)) 1
((16,13)(9,4)) 2
((9,4)(9,7)) 2
((9,7)(9,11)) 1
((26,7)(26,5)) 1
((26,5)(24,2)) 1
((24,2)(22,4)) 1
((22,4)(21,5)) 1
((21,5)(20,6)) 1
((20,6)(19,9)) 1
((19,15)(15,11)) 1
((15,11)(13,10)) 2
((11,11)(13,11)) 1
((13,11)(27,18)) 1
((27,18)(24,14)) 1
((19,15)(5,13)) 1
((5,13)(13,11)) 1
((13,11)(5,13)) 1
((5,13)(9,9)) 1
((9,9)(19,15)) 1
((21,10)(12,9)) 1
((12,28)(15,13)) 1
((14,28)(12,27)) 1
((12,16)(19,23)) 1
((19,23)(16,23)) 1
((16,23)(12,16)) 1
((12,16)(10,11)) 1
((10,11)(12,9)) 1
((16,1)(9,11)) 1
((16,1)(15,1)) 3
((15,1)(16,1)) 1
((10,11)(16,1)) 1
((15,1)(5,13)) 1
((16,3)(16,1)) 3
((16,2)(16,3)) 4
((16,1)(16,3)) 1
((16,3)(16,4)) 2
((16,4)(15,9)) 9
((15,10)(14,11)) 2
((14,11)(15,10)) 1
((15,9)(16,4)) 4
((16,4)(16,3)) 1
((13,18)(13,19)) 1
((13,19)(11,19)) 2
((11,19)(14,19)) 1
((14,19)(14,19)) 2
((14,19)(11,13)) 1
((11,13)(14,19)) 1
((16,12)(23,10)) 4
((23,10)(16,12)) 3
((16,8)(16,6)) 1
((17,9)(16,5)) 1
((18,9)(20,10)) 1
((21,11)(22,11)) 1
((22,11)(13,17)) 1
((13,17)(26,19)) 1
((26,19)(22,11)) 1
((14,13)(16,11)) 2
((12,1)(13,0)) 1
((13,0)(14,0)) 1
((14,0)(14,0)) 3
((14,0)(13,0)) 1
((13,0)(12,1)) 1
((12,1)(11,12)) 1
((11,12)(13,0)) 1
((16,1)(17,5)) 1
((17,5)(17,7)) 1
((10,5)(13,9)) 4
((13,9)(9,6)) 1
((9,6)(13,9)) 2
((13,9)(10,5)) 1
((9,7)(10,9)) 1
((10,9)(11,10)) 1
((11,10)(13,12)) 3
((16,13)(11,10)) 2
((19,15)(29,13)) 2
((29,13)(28,14)) 1
((29,13)(19,15)) 3
((18,13)(15,9)) 3
((15,9)(19,15)) 1
((15,10)(14,14)) 1
((14,14)(19,15)) 2
((19,15)(24,14)) 1
((16,15)(15,12)) 3
((12,14)(12,19)) 1
((12,19)(13,16)) 1
((13,16)(13,16)) 10
((13,16)(14,16)) 3
((14,16)(14,14)) 2
((15,12)(15,10)) 1
((15,9)(14,6)) 3
((16,4)(15,8)) 1
((16,4)(20,17)) 1
((20,17)(15,10)) 1
((15,10)(16,4)) 1
((18,9)(16,4)) 1
((15,9)(15,14)) 2
((15,14)(18,19)) 1
((18,19)(16,4)) 1
((18,14)(17,14)) 2
((16,14)(15,8)) 1
((19,15)(18,14)) 3
((18,14)(16,14)) 1
((16,14)(5,13)) 1
((13,7)(13,5)) 1
((13,5)(12,5)) 1
((12,5)(13,7)) 1
((13,6)(13,7)) 4
((7,7)(8,6)) 1
((8,6)(7,5)) 1
((7,5)(10,1)) 1
((15,9)(15,27)) 2
((18,13)(28,16)) 1
((28,16)(18,13)) 1
((18,13)(11,11)) 1
((16,13)(11,13)) 3
((11,13)(4,8)) 1
((4,9)(12,11)) 1
((15,9)(19,2)) 1
((19,2)(19,2)) 6
((19,2)(16,8)) 1
((11,10)(12,10)) 4
((12,10)(11,10)) 4
((15,12)(19,10)) 1
((13,12)(17,14)) 1
((17,14)(12,9)) 1
((14,13)(16,15)) 1
((16,15)(16,14)) 7
((16,14)(14,11)) 1
((14,11)(14,13)) 2
((14,13)(15,9)) 3
((18,0)(17,5)) 1
((17,5)(17,6)) 1
((17,6)(17,5)) 2
((18,0)(16,13)) 1
((15,8)(17,8)) 1
((17,8)(17,6)) 1
((17,9)(27,21)) 1
((27,21)(18,12)) 1
((18,12)(17,9)) 1
((16,9)(18,0)) 1
((7,6)(8,5)) 5
((8,5)(7,6)) 2
((4,5)(27,24)) 1
((27,24)(21,20)) 2
((18,14)(18,13)) 2
((17,12)(19,11)) 2
((9,7)(9,9)) 1
((9,9)(9,11)) 2
((9,11)(11,13)) 2
((11,13)(9,11)) 3
((13,6)(12,0)) 2
((16,23)(15,29)) 4
((15,29)(15,29)) 38
((15,29)(16,23)) 2
((16,23)(14,13)) 1
((14,13)(16,23)) 2
((15,27)(15,29)) 2
((5,9)(7,11)) 2
((7,11)(5,9)) 1
((5,9)(4,8)) 1
((15,21)(14,13)) 2
((14,13)(15,21)) 2
((14,7)(15,6)) 2
((15,6)(13,9)) 1
((9,4)(16,13)) 1
((15,13)(14,7)) 1
((5,12)(13,12)) 1
((15,6)(15,9)) 7
((17,9)(15,6)) 2
((15,6)(16,5)) 1
((15,14)(10,10)) 1
((4,8)(18,10)) 1
((14,13)(13,18)) 3
((13,18)(16,23)) 1
((16,23)(20,22)) 1
((20,22)(17,13)) 1
((24,9)(15,13)) 2
((16,12)(24,9)) 1
((24,9)(15,9)) 1
((15,28)(19,12)) 1
((17,14)(16,15)) 1
((16,15)(17,14)) 2
((16,14)(18,12)) 1
((14,15)(14,14)) 4
((14,14)(13,19)) 1
((13,19)(14,21)) 1
((14,12)(16,2)) 2
((16,2)(18,2)) 1
((18,2)(16,2)) 1
((11,11)(7,6)) 1
((9,4)(7,4)) 2
((7,4)(7,4)) 2
((7,4)(9,4)) 2
((7,6)(9,8)) 1
((9,11)(18,12)) 1
((18,9)(10,13)) 1
((28,10)(28,10)) 1
((28,10)(19,11)) 1
((19,11)(16,13)) 8
((11,13)(10,11)) 1
((10,11)(8,11)) 1
((8,11)(7,11)) 2
((7,11)(6,12)) 1
((6,12)(6,12)) 2
((6,12)(5,12)) 1
((5,12)(5,14)) 1
((14,15)(14,16)) 2
((14,16)(14,15)) 3
((15,21)(16,13)) 1
((16,13)(15,21)) 1
((15,22)(14,12)) 1
((14,12)(15,21)) 1
((16,2)(16,1)) 2
((13,9)(16,2)) 2
((11,12)(5,14)) 2
((5,14)(7,13)) 1
((7,13)(11,11)) 1
((27,21)(20,11)) 2
((20,11)(27,21)) 2
((20,11)(19,15)) 1
((27,21)(28,22)) 2
((28,22)(27,21)) 1
((25,20)(24,19)) 1
((24,19)(20,11)) 1
((16,6)(14,12)) 1
((15,16)(14,16)) 1
((14,15)(16,15)) 1
((14,7)(14,8)) 1
((14,7)(14,11)) 1
((13,8)(14,7)) 1
((21,14)(17,14)) 1
((16,14)(19,15)) 2
((16,15)(12,0)) 1
((12,0)(16,15)) 1
((16,15)(15,9)) 1
((15,13)(17,15)) 1
((7,7)(13,10)) 1
((13,9)(7,6)) 1
((13,18)(12,9)) 1
((12,9)(13,18)) 1
((13,18)(16,13)) 2
((17,12)(13,9)) 1
((12,9)(10,7)) 2
((20,15)(20,15)) 7
((20,15)(16,13)) 1
((16,13)(20,17)) 1
((20,17)(20,15)) 2
((20,15)(20,16)) 1
((20,15)(18,12)) 1
((13,12)(10,10)) 1
((19,15)(20,15)) 1
((20,15)(20,14)) 1
((15,14)(14,9)) 3
((14,9)(15,14)) 2
((14,9)(15,15)) 1
((13,12)(10,13)) 1
((10,13)(12,14)) 2
((10,10)(13,12)) 2
((10,10)(15,16)) 1
((6,6)(9,7)) 1
((19,14)(19,15)) 1
((17,15)(18,17)) 1
((18,17)(18,17)) 4
((18,17)(15,15)) 1
((15,15)(16,15)) 7
((16,15)(18,17)) 1
((18,17)(15,13)) 2
((15,13)(18,16)) 1
((18,16)(18,16)) 2
((18,16)(16,15)) 1
((16,15)(19,18)) 1
((19,18)(20,18)) 4
((20,18)(20,19)) 1
((20,19)(19,18)) 1
((19,18)(19,17)) 4
((15,13)(18,17)) 2
((13,9)(17,14)) 1
((18,13)(17,9)) 2
((17,9)(17,13)) 1
((17,22)(15,10)) 1
((15,10)(15,25)) 1
((15,25)(17,22)) 1
((17,22)(15,8)) 1
((15,7)(13,9)) 2
((17,10)(14,12)) 1
((17,13)(17,10)) 1
((17,10)(18,10)) 1
((17,10)(15,13)) 1
((20,18)(19,17)) 1
((15,8)(15,10)) 1
((15,10)(15,13)) 1
((16,13)(19,13)) 1
((19,13)(19,17)) 1
((20,18)(15,9)) 1
((15,9)(19,16)) 1
((19,16)(19,18)) 1
((20,17)(19,15)) 1
((19,15)(11,12)) 1
((17,9)(16,15)) 1
((15,16)(15,15)) 1
((15,15)(11,14)) 1
((11,13)(15,9)) 3
((17,9)(14,12)) 2
((14,12)(19,17)) 1
((20,3)(18,9)) 1
((15,13)(23,17)) 1
((14,12)(12,9)) 3
((12,9)(19,15)) 1
((19,15)(14,12)) 1
((14,12)(18,20)) 2
((12,16)(16,11)) 1
((16,11)(17,9)) 1
((14,12)(12,16)) 7
((12,16)(20,9)) 1
((20,9)(14,12)) 1
((12,18)(14,11)) 1
((14,11)(12,11)) 1
((17,28)(16,23)) 1
((5,6)(6,6)) 3
((6,6)(5,6)) 2
((18,19)(15,12)) 1
((18,10)(18,19)) 1
((18,19)(16,13)) 1
((15,5)(15,5)) 3
((15,5)(14,12)) 1
((14,12)(15,6)) 1
((15,6)(15,5)) 2
((15,5)(15,6)) 1
((15,6)(14,11)) 1
((14,11)(16,13)) 1
((16,2)(10,10)) 1
((16,13)(13,20)) 1
((13,20)(15,13)) 1
((4,8)(15,13)) 1
((15,13)(15,15)) 3
((15,15)(15,13)) 2
((15,13)(15,11)) 1
((17,13)(15,14)) 1
((11,11)(4,8)) 1
((4,8)(19,12)) 1
((19,12)(15,13)) 1
((15,13)(19,12)) 1
((16,2)(16,4)) 1
((15,10)(15,11)) 1
((15,11)(16,12)) 1
((16,12)(16,0)) 1
((16,2)(19,2)) 1
((26,23)(24,21)) 1
((22,22)(26,23)) 1
((26,23)(25,24)) 1
((7,11)(8,11)) 1
((8,11)(11,11)) 1
((11,11)(8,11)) 2
((18,13)(18,11)) 2
((18,10)(19,11)) 1
((17,8)(13,10)) 1
((13,10)(17,8)) 1
((9,4)(9,9)) 1
((19,11)(20,11)) 1
((19,11)(17,12)) 1
((17,12)(17,11)) 2
((17,11)(17,11)) 2
((17,11)(17,12)) 1
((18,29)(15,9)) 1
((14,9)(14,10)) 1
((15,9)(18,29)) 1
((13,9)(9,11)) 1
((11,14)(20,10)) 1
((20,10)(14,12)) 1
((11,14)(15,14)) 3
((15,13)(20,10)) 1
((7,8)(4,8)) 2
((7,8)(13,9)) 1
((12,7)(15,13)) 1
((11,13)(10,13)) 7
((17,9)(22,6)) 1
((22,6)(16,9)) 1
((15,9)(12,10)) 1
((12,10)(14,9)) 1
((11,14)(13,13)) 1
((13,13)(16,13)) 2
((25,17)(17,13)) 1
((19,15)(20,18)) 2
((20,18)(13,9)) 1
((13,9)(20,18)) 1
((20,18)(15,12)) 1
((15,12)(13,10)) 1
((15,11)(18,9)) 1
((19,15)(15,12)) 3
((15,9)(26,18)) 1
((26,18)(21,15)) 1
((21,15)(11,14)) 1
((11,14)(11,13)) 2
((19,16)(14,13)) 1
((14,13)(9,16)) 1
((9,16)(11,13)) 1
((11,12)(16,13)) 2
((18,12)(14,12)) 3
((17,12)(18,12)) 2
((14,12)(19,15)) 1
((18,12)(17,12)) 3
((17,12)(16,11)) 1
((16,11)(16,7)) 1
((16,7)(18,12)) 1
((27,6)(10,13)) 1
((10,13)(7,13)) 1
((7,13)(27,6)) 1
((16,6)(16,1)) 2
((16,1)(16,6)) 2
((15,7)(16,7)) 1
((19,7)(13,11)) 1
((14,11)(19,7)) 1
((19,7)(13,14)) 1
((20,9)(16,13)) 1
((16,13)(20,9)) 3
((20,9)(16,9)) 1
((16,9)(14,9)) 1
((20,9)(15,9)) 1
((15,9)(18,11)) 1
((18,11)(16,12)) 2
((20,9)(15,12)) 1
((15,27)(12,16)) 1
((16,13)(21,14)) 1
((19,15)(15,15)) 1
((12,7)(15,12)) 1
((13,9)(15,15)) 2
((10,13)(11,14)) 3
((23,10)(23,9)) 1
((23,9)(23,9)) 1
((23,9)(23,10)) 1
((23,10)(18,29)) 1
((18,29)(16,23)) 2
((16,23)(26,7)) 1
((26,7)(23,10)) 2
((23,10)(16,23)) 1
((16,23)(18,29)) 1
((17,21)(17,23)) 2
((19,19)(19,18)) 1
((19,18)(18,13)) 1
((18,13)(23,10)) 1
((7,7)(9,9)) 2
((9,9)(13,9)) 1
((13,9)(9,9)) 2
((9,9)(11,14)) 1
((14,12)(10,11)) 1
((10,11)(9,9)) 1
((11,10)(14,12)) 3
((7,10)(11,11)) 1
((18,19)(15,11)) 1
((14,11)(14,10)) 1
((14,11)(14,25)) 1
((14,25)(20,17)) 1
((20,17)(14,16)) 1
((9,8)(9,9)) 1
((9,9)(11,10)) 1
((11,10)(18,13)) 1
((18,13)(11,10)) 1
((9,8)(10,8)) 1
((10,8)(10,8)) 1
((16,12)(18,13)) 1
((19,15)(19,16)) 2
((19,16)(16,13)) 1
((18,14)(15,13)) 1
((17,14)(18,14)) 1
((18,14)(18,15)) 1
((18,15)(18,15)) 1
((18,15)(19,15)) 1
((10,11)(17,13)) 1
((12,16)(15,9)) 1
((20,15)(19,15)) 3
((19,15)(14,11)) 3
((14,11)(20,15)) 1
((14,12)(20,15)) 1
((14,11)(19,15)) 1
((7,6)(12,0)) 1
((16,11)(12,14)) 1
((10,13)(11,12)) 2
((16,17)(17,18)) 1
((18,20)(17,21)) 1
((17,23)(16,25)) 1
((16,25)(20,25)) 1
((20,25)(20,25)) 4
((20,25)(16,24)) 1
((16,24)(16,25)) 1
((13,9)(15,7)) 1
((12,0)(14,11)) 1
((14,11)(12,12)) 1
((12,12)(16,14)) 1
((16,14)(14,13)) 1
((16,13)(12,0)) 1
((11,11)(6,6)) 1
((6,6)(13,9)) 3
((6,6)(19,15)) 2
((19,15)(20,17)) 1
((20,17)(6,6)) 1
((6,6)(13,10)) 1
((12,0)(16,13)) 2
((18,12)(26,7)) 1
((5,13)(7,11)) 1
((7,11)(5,14)) 1
((17,6)(15,9)) 1
((14,12)(17,10)) 1
((17,10)(15,9)) 1
((11,11)(11,13)) 1
((11,13)(13,10)) 1
((16,14)(14,9)) 1
((14,9)(14,12)) 1
((10,10)(13,10)) 1
((16,13)(16,2)) 1
((16,2)(16,7)) 2
((16,7)(13,12)) 1
((13,12)(16,7)) 2
((10,11)(16,9)) 1
((16,12)(14,10)) 1
((14,10)(18,9)) 1
((16,23)(15,9)) 1
((16,7)(15,12)) 1
((15,12)(14,8)) 1
((14,8)(16,13)) 1
((17,13)(17,12)) 2
((10,13)(16,14)) 1
((13,9)(12,4)) 1
((12,4)(11,4)) 1
((11,4)(12,4)) 1
((12,4)(12,3)) 1
((17,14)(11,13)) 1
((11,13)(17,13)) 1
((16,13)(17,14)) 1
((18,9)(21,7)) 1
((21,7)(21,7)) 1
((21,7)(18,9)) 1
((14,9)(9,7)) 1
((9,7)(15,2)) 1
((15,2)(15,2)) 9
((15,2)(16,2)) 2
((16,2)(15,2)) 2
((15,2)(9,7)) 1
((13,0)(16,12)) 1
((15,9)(13,0)) 1
((19,15)(18,9)) 2
((18,6)(18,8)) 1
((17,8)(18,9)) 3
((3,8)(3,8)) 4
((3,8)(16,15)) 1
((11,14)(3,8)) 1
((3,8)(16,14)) 1
((16,14)(3,8)) 1
((3,8)(13,12)) 1
((13,12)(10,11)) 1
((10,11)(11,14)) 1
((4,8)(18,9)) 1
((18,9)(3,8)) 1
((11,6)(11,7)) 1
((12,7)(14,10)) 1
((16,6)(13,13)) 1
((16,15)(14,12)) 2
((15,13)(16,17)) 1
((16,17)(15,17)) 1
((15,17)(15,13)) 1
((17,14)(15,17)) 1
((9,7)(12,0)) 1
((16,11)(15,12)) 2
((14,12)(13,11)) 1
((5,13)(19,9)) 1
((19,9)(25,9)) 1
((25,9)(19,9)) 1
((13,13)(13,10)) 1
((13,10)(13,13)) 1
((13,13)(12,9)) 1
((14,13)(17,18)) 1
((17,18)(16,23)) 1
((13,12)(6,12)) 1
((6,12)(6,14)) 1
((6,14)(6,14)) 3
((6,14)(16,23)) 1
((16,23)(13,16)) 1
((13,16)(14,14)) 1
((14,14)(12,18)) 1
((12,19)(20,17)) 1
((20,17)(20,18)) 1
((19,18)(16,14)) 1
((17,14)(19,18)) 1
((19,18)(20,17)) 1
((4,8)(14,11)) 1
((14,11)(13,14)) 1
((11,10)(6,6)) 4
((15,13)(15,19)) 1
((11,11)(13,6)) 1
((13,6)(10,1)) 1
((13,13)(12,13)) 1
((12,13)(12,13)) 1
((12,13)(11,13)) 1
((12,14)(13,12)) 1
((13,12)(17,12)) 1
((14,8)(12,3)) 2
((12,3)(13,0)) 1
((13,0)(10,5)) 1
((10,5)(14,13)) 1
((18,9)(10,5)) 1
((10,5)(9,4)) 2
((9,4)(13,9)) 3
((15,13)(14,11)) 1
((14,11)(9,4)) 1
((5,14)(6,14)) 2
((6,14)(6,13)) 1
((5,14)(5,12)) 1
((5,12)(5,11)) 1
((4,9)(2,7)) 1
((7,5)(4,9)) 1
((7,5)(4,8)) 1
((7,6)(4,8)) 2
((3,5)(4,5)) 1
((16,13)(12,16)) 1
((16,12)(13,12)) 1
((13,9)(17,13)) 2
((13,12)(15,15)) 2
((16,12)(6,10)) 1
((16,13)(25,14)) 2
((25,14)(24,14)) 1
((10,1)(4,9)) 1
((4,8)(25,22)) 1
((25,22)(21,20)) 1
((16,7)(15,8)) 2
((15,8)(16,7)) 1
((16,13)(22,14)) 1
((22,14)(22,14)) 1
((22,14)(19,15)) 1
((7,9)(7,8)) 1
((7,8)(8,8)) 1
((18,9)(18,5)) 4
((19,3)(18,6)) 1
((18,6)(13,9)) 1
((22,2)(18,5)) 1
((18,5)(17,8)) 1
((22,2)(22,4)) 1
((15,9)(22,2)) 1
((15,12)(15,17)) 1
((15,17)(17,21)) 1
((17,21)(15,27)) 1
((9,11)(10,5)) 1
((21,10)(14,12)) 1
((8,5)(10,1)) 1
((10,2)(10,3)) 1
((10,3)(9,3)) 1
((9,3)(7,6)) 1
((8,3)(18,9)) 1
((18,9)(8,3)) 1
((8,3)(14,9)) 1
((16,13)(10,13)) 1
((10,13)(13,13)) 1
((13,13)(16,8)) 1
((16,8)(15,10)) 1
((13,13)(12,12)) 1
((11,12)(9,11)) 1
((14,14)(11,14)) 1
((16,13)(4,9)) 1
((5,13)(14,13)) 1
((15,9)(14,13)) 1
((14,13)(16,25)) 1
((16,25)(16,13)) 3
((13,12)(16,4)) 1
((13,19)(14,13)) 1
((14,13)(13,19)) 1
((13,19)(6,13)) 1
((5,14)(13,18)) 1
((8,2)(16,13)) 1
((9,11)(7,2)) 1
((7,2)(8,2)) 1
((12,9)(18,10)) 1
((15,8)(18,10)) 1
((12,5)(15,9)) 3
((13,12)(11,2)) 1
((12,3)(14,8)) 2
((26,15)(25,17)) 1
((26,17)(26,15)) 1
((26,17)(25,14)) 1
((18,5)(19,15)) 1
((18,11)(13,12)) 1
((18,6)(19,2)) 1
((19,2)(19,0)) 1
((19,0)(17,8)) 1
((18,9)(7,7)) 1
((7,7)(18,9)) 1
((19,2)(19,3)) 1
((19,3)(18,7)) 1
((18,9)(10,10)) 1
((15,9)(26,7)) 1
((26,7)(27,6)) 2
((27,6)(17,13)) 1
((15,12)(14,10)) 1
((14,10)(13,10)) 1
((11,19)(18,11)) 1
((18,11)(19,9)) 1
((13,12)(14,9)) 1
((14,9)(8,11)) 1
((21,14)(15,19)) 1
((15,19)(15,18)) 1
((15,18)(15,13)) 1
((23,14)(17,13)) 1
((11,19)(13,19)) 2
((13,19)(16,11)) 1
((22,4)(17,9)) 1
((16,10)(18,14)) 1
((12,10)(14,13)) 3
((16,12)(12,10)) 1
((15,9)(17,7)) 1
((17,7)(15,9)) 1
((15,9)(6,7)) 1
((16,11)(18,10)) 1
((11,11)(8,9)) 1
((8,9)(10,10)) 1
((10,10)(10,9)) 1
((10,9)(15,13)) 1
((15,9)(13,14)) 1
((13,14)(15,9)) 1
((10,1)(11,6)) 1
((13,8)(14,13)) 1
((5,10)(6,9)) 1
((4,9)(13,0)) 1
((13,0)(9,11)) 1
((9,11)(16,13)) 2
((14,12)(6,9)) 1
((17,15)(13,9)) 1
((11,9)(12,11)) 1
((12,11)(15,13)) 3
((14,12)(16,15)) 1
((12,12)(11,13)) 1
((11,13)(16,15)) 1
((16,15)(13,11)) 1
((13,11)(14,8)) 1
((14,8)(14,12)) 1
((16,13)(12,7)) 1
((15,11)(15,10)) 1
((14,6)(15,9)) 1
((13,5)(13,3)) 1
((19,0)(13,9)) 1
((15,16)(15,11)) 1
((23,7)(15,9)) 2
((15,9)(24,7)) 1
((24,7)(10,13)) 1
((11,13)(24,7)) 1
((24,7)(23,7)) 1
((13,7)(15,3)) 1
((15,3)(15,3)) 5
((15,3)(13,9)) 1
((13,9)(15,3)) 1
((15,3)(15,16)) 1
((15,9)(15,3)) 1
((5,8)(6,10)) 1
((6,10)(13,8)) 1
((17,13)(17,9)) 1
((17,7)(16,12)) 1
((22,4)(19,7)) 1
((19,7)(6,6)) 1
((6,6)(19,11)) 1
((12,0)(14,7)) 1
((11,2)(15,8)) 1
((16,7)(12,7)) 1
((12,7)(16,7)) 1
((16,7)(13,7)) 1
((9,4)(11,0)) 3
((11,0)(9,4)) 3
((15,19)(14,16)) 1
((14,16)(11,13)) 1
((15,9)(11,13)) 1
((11,14)(15,13)) 1
((14,9)(14,14)) 1
((14,14)(15,9)) 1
((15,9)(14,14)) 1
((21,20)(15,9)) 1
((11,14)(15,27)) 1
((19,15)(13,9)) 1
((19,15)(28,21)) 1
((27,21)(26,21)) 1
((26,21)(27,21)) 1
((9,10)(8,9)) 1
((8,9)(6,8)) 1
((5,14)(23,17)) 1
((23,17)(24,14)) 1
((28,14)(21,10)) 1
((28,11)(19,11)) 1
((16,9)(15,13)) 1
((16,12)(16,9)) 1
((16,9)(16,10)) 1
((16,10)(16,7)) 2
((14,9)(19,12)) 1
((15,12)(13,8)) 1
((4,8)(14,13)) 1
((6,7)(9,3)) 1
((9,3)(6,7)) 1
((6,7)(7,5)) 1
((7,5)(8,9)) 1
((16,12)(14,9)) 2
((13,12)(6,6)) 1
((16,8)(16,11)) 1
((16,8)(17,9)) 1
((16,8)(15,9)) 1
((12,0)(13,1)) 1
((14,7)(12,0)) 1
((9,16)(12,16)) 2
((14,12)(24,8)) 1
((24,8)(24,9)) 1
((24,9)(21,10)) 2
((14,12)(18,14)) 1
((18,14)(20,14)) 1
((20,14)(18,12)) 1
((18,12)(21,13)) 1
((21,13)(14,12)) 1
((14,12)(15,14)) 1
((14,12)(18,6)) 1
((18,6)(5,13)) 1
((15,13)(18,14)) 1
((18,14)(21,14)) 1
((21,14)(12,11)) 1
((12,11)(6,6)) 1
((9,9)(11,11)) 1
((15,12)(20,13)) 1
((20,13)(20,13)) 1
((20,13)(15,12)) 1
((19,11)(20,7)) 1
((16,6)(11,13)) 1
((13,8)(15,6)) 1
((15,6)(16,13)) 1
((13,8)(16,6)) 1
((16,12)(16,25)) 2
((20,6)(19,7)) 1
((20,6)(13,14)) 2
((12,14)(18,9)) 1
((12,16)(19,7)) 1
((24,21)(19,15)) 1
((27,24)(15,9)) 1
((23,21)(13,9)) 1
((21,20)(23,21)) 1
((23,21)(25,22)) 1
((25,22)(26,21)) 1
((26,21)(24,21)) 1
((25,14)(13,12)) 1
((11,13)(25,14)) 1
((25,14)(14,12)) 1
((23,10)(14,12)) 2
((14,12)(23,10)) 1
((23,10)(13,12)) 1
((13,12)(23,10)) 1
((14,12)(15,15)) 3
((17,11)(15,13)) 1
((12,0)(7,5)) 1
((23,17)(13,10)) 1
((10,11)(6,11)) 1
((5,11)(5,10)) 1
((5,12)(6,10)) 1
((13,7)(21,10)) 1
((12,3)(11,11)) 1
((25,11)(21,10)) 1
((21,10)(18,12)) 1
((19,10)(20,10)) 1
((22,9)(22,8)) 1
((22,8)(23,7)) 1
((23,7)(24,7)) 1
((24,7)(24,6)) 1
((24,6)(26,6)) 1
((26,6)(26,7)) 1
((26,7)(27,9)) 1
((27,9)(27,9)) 1
((27,9)(28,11)) 1
((28,14)(27,6)) 1
((20,16)(18,12)) 1
((17,12)(19,15)) 1
((19,15)(27,14)) 1
((27,14)(27,14)) 1
((27,14)(28,14)) 1
((28,14)(16,13)) 2
((26,6)(28,14)) 2
((16,15)(16,13)) 1
((7,10)(13,13)) 1
((14,12)(14,10)) 1
((14,10)(16,14)) 1
((16,14)(7,9)) 1
((7,9)(8,9)) 1
((15,8)(13,11)) 1
((17,13)(21,10)) 1
((15,9)(27,24)) 1
((16,25)(12,16)) 1
((12,16)(11,13)) 1
((14,10)(14,12)) 1
((14,8)(14,10)) 2
((18,8)(19,15)) 1
((19,15)(14,13)) 1
((14,13)(12,16)) 1
((16,25)(17,13)) 1
((15,12)(16,7)) 1
((16,13)(13,16)) 1
((14,16)(13,16)) 3
((13,16)(14,13)) 1
((14,16)(17,10)) 1
((11,13)(13,7)) 1
((13,7)(15,10)) 1
((15,10)(11,14)) 1
((11,14)(16,12)) 1
((16,12)(13,9)) 3
((16,7)(16,10)) 1
((18,10)(16,7)) 1
((9,4)(12,10)) 1
((19,15)(14,14)) 1
((14,14)(15,15)) 1
((16,15)(18,9)) 1
((4,8)(9,11)) 2
((12,9)(20,7)) 1
((14,13)(15,14)) 1
((15,14)(15,16)) 1
((15,16)(15,12)) 1
((4,8)(14,12)) 1
((18,9)(16,2)) 2
((10,10)(18,9)) 1
((10,7)(9,7)) 2
((9,7)(4,5)) 1
((4,5)(12,9)) 1
((12,9)(4,6)) 1
((13,3)(5,13)) 1
((11,14)(14,13)) 2
((9,11)(12,11)) 1
((18,9)(21,5)) 1
((21,5)(14,12)) 1
((30,13)(28,14)) 1
((28,14)(24,2)) 1
((24,2)(28,14)) 1
((17,18)(30,13)) 1
((15,6)(15,7)) 1
((15,7)(15,6)) 1
((15,6)(13,6)) 2
((10,1)(15,6)) 1
((15,8)(16,6)) 1
((16,6)(15,6)) 1
((15,6)(14,6)) 1
((14,6)(13,6)) 1
((13,7)(12,5)) 2
((21,10)(14,7)) 1
((14,7)(15,12)) 1
((20,17)(18,9)) 1
((18,10)(16,12)) 1
((9,7)(4,6)) 1
((4,6)(12,9)) 1
((20,9)(18,11)) 2
((18,11)(21,9)) 1
((21,9)(18,13)) 1
((18,11)(17,9)) 1
((18,13)(18,16)) 1
((18,16)(19,18)) 1
((18,13)(19,12)) 1
((19,12)(18,13)) 1
((14,25)(14,10)) 1
((15,9)(15,16)) 1
((17,13)(24,25)) 1
((27,24)(21,14)) 1
((21,13)(21,14)) 1
((19,15)(16,8)) 1
((16,8)(27,24)) 1
((27,21)(27,22)) 1
((18,13)(27,24)) 2
((27,22)(25,22)) 1
((25,22)(27,24)) 1
((13,9)(18,20)) 1
((18,20)(15,27)) 1
((11,14)(14,10)) 1
((14,10)(13,13)) 1
((13,13)(20,25)) 1
((20,25)(16,13)) 1
((18,9)(15,15)) 1
((15,15)(19,6)) 1
((19,6)(18,9)) 2
((13,9)(10,10)) 1
((24,7)(26,6)) 1
((28,14)(24,14)) 1
((24,14)(23,7)) 1
((23,7)(18,9)) 2
((18,9)(23,7)) 1
((18,9)(20,16)) 1
((18,29)(11,11)) 1
((24,21)(16,12)) 1
((20,18)(19,15)) 1
((15,12)(24,21)) 1
((25,22)(14,25)) 1
((14,25)(25,22)) 1
((24,21)(21,20)) 1
((18,13)(18,29)) 2
((18,29)(16,25)) 1
((11,19)(17,13)) 1
((15,13)(13,8)) 1
((13,14)(12,20)) 1
((12,20)(11,13)) 1
((11,13)(12,18)) 1
((11,19)(12,20)) 3
((12,20)(11,19)) 2
((12,20)(12,18)) 1
((13,10)(8,8)) 1
((7,8)(6,9)) 1
((6,9)(9,11)) 1
((16,13)(7,8)) 1
((4,8)(15,9)) 1
((15,9)(4,8)) 1
((16,25)(18,20)) 1
((18,20)(17,18)) 1
((17,18)(15,15)) 1
((11,11)(9,10)) 1
((9,10)(7,7)) 2
((7,7)(5,7)) 1
((5,7)(7,7)) 1
((7,7)(9,10)) 1
((9,10)(11,11)) 1
((15,9)(19,3)) 1
((12,16)(15,8)) 1
((15,8)(12,16)) 1
((18,12)(14,8)) 1
((14,8)(18,12)) 1
((22,9)(26,6)) 1
((26,6)(26,5)) 1
((26,5)(26,6)) 1
((26,6)(23,7)) 1
((23,7)(22,8)) 1
((22,8)(22,9)) 1
((15,8)(17,9)) 1
((22,3)(12,16)) 1
((12,16)(22,4)) 1
((22,4)(15,9)) 1
((7,11)(15,9)) 1
((15,8)(13,9)) 1
((6,9)(7,11)) 1
((7,11)(8,10)) 1
((18,9)(11,19)) 1
((11,19)(16,12)) 1
((9,11)(17,13)) 1
((15,8)(14,12)) 3
((11,10)(6,10)) 1
((6,10)(13,10)) 1
((18,9)(15,10)) 1
((15,10)(16,2)) 1
((16,26)(16,25)) 1
((11,19)(13,11)) 1
((16,12)(13,8)) 1
((13,8)(17,12)) 1
((15,9)(17,12)) 2
((15,15)(18,9)) 1
((7,2)(15,11)) 1
((15,9)(7,2)) 1
((13,9)(12,11)) 1
((12,18)(25,20)) 1
((25,20)(16,23)) 1
((14,25)(12,18)) 1
((12,18)(9,16)) 1
((9,16)(12,18)) 1
((5,14)(16,15)) 1
((16,15)(13,10)) 1
((11,14)(11,19)) 1
((11,19)(5,14)) 1
((13,7)(13,11)) 1
((7,6)(9,7)) 1
((16,2)(12,9)) 1
((15,1)(16,2)) 1
((16,2)(14,12)) 1
((16,2)(11,4)) 1
((11,4)(15,1)) 1
((15,15)(16,7)) 1
((16,7)(16,12)) 1
((15,15)(13,9)) 1
((11,16)(11,16)) 1
((11,16)(9,16)) 1
((11,13)(13,13)) 1
((10,1)(13,11)) 1
((15,9)(17,6)) 1
((17,6)(19,7)) 1
((19,7)(20,8)) 1
((20,8)(18,7)) 1
((18,7)(14,7)) 1
((18,29)(18,13)) 1
((12,0)(13,2)) 1
((13,2)(13,6)) 1
((15,13)(12,0)) 1
((14,9)(13,11)) 1
((13,11)(16,4)) 1
((15,14)(16,4)) 1
((16,4)(14,4)) 1
((14,4)(10,13)) 1
((10,13)(16,4)) 1
((11,21)(12,21)) 1
((12,21)(12,18)) 1
((12,16)(9,11)) 4
((10,11)(12,16)) 1
((11,19)(11,6)) 1
((11,6)(11,21)) 1
((18,12)(15,8)) 3
((15,9)(18,12)) 4
((13,10)(18,12)) 1
((21,10)(19,12)) 1
((13,14)(16,15)) 1
((16,15)(14,15)) 1
((14,14)(16,15)) 2
((16,15)(14,14)) 1
((16,15)(15,14)) 1
((14,12)(22,11)) 1
((22,11)(16,15)) 1
((15,11)(12,3)) 1
((12,3)(13,3)) 1
((13,3)(12,3)) 1
((12,5)(13,8)) 1
((12,0)(13,7)) 1
((15,13)(14,8)) 1
((14,8)(13,8)) 3
((14,10)(14,8)) 1
((15,11)(14,8)) 1
((14,12)(13,26)) 1
((13,26)(14,12)) 1
((13,2)(13,12)) 1
((14,8)(14,7)) 1
((17,9)(18,13)) 1
((15,9)(12,28)) 1
((15,15)(15,8)) 1
((15,13)(7,6)) 1
((7,6)(15,13)) 1
((16,13)(7,6)) 1
((8,5)(4,9)) 1
((4,9)(8,5)) 1
((8,5)(13,9)) 1
((13,8)(14,9)) 2
((14,9)(13,10)) 1
((13,10)(16,12)) 1
((9,9)(9,10)) 1
((7,7)(14,15)) 1
((14,15)(7,7)) 1
((7,7)(15,12)) 1
((15,12)(7,5)) 1
((7,5)(17,13)) 1
((17,13)(9,9)) 1
((15,15)(12,16)) 1
((9,11)(12,16)) 1
((13,10)(12,16)) 1
((12,16)(18,6)) 1
((18,5)(14,12)) 1
((13,8)(9,6)) 1
((13,9)(15,8)) 1
((15,8)(13,8)) 1
((18,10)(9,7)) 1
((15,9)(17,18)) 1
((13,8)(15,10)) 1
((15,10)(14,12)) 1
((10,5)(12,11)) 1
((12,11)(7,6)) 3
((8,5)(12,11)) 1
((8,5)(10,5)) 1
((10,5)(9,8)) 1
((9,8)(9,4)) 1
((9,4)(9,8)) 1
((9,8)(12,11)) 1
((7,6)(16,11)) 1
((16,11)(8,5)) 1
((12,11)(15,9)) 1
((11,14)(13,9)) 3
((17,12)(18,11)) 1
((18,11)(17,12)) 1
((15,29)(16,25)) 2
((14,16)(14,13)) 1
((17,12)(17,13)) 2
((16,11)(13,11)) 1
((13,11)(16,11)) 1
((16,11)(17,10)) 1
((11,11)(15,13)) 1
((7,7)(13,12)) 3
((6,9)(8,7)) 1
((16,14)(18,13)) 1
((18,13)(17,12)) 1
((14,9)(16,15)) 1
((12,8)(12,5)) 1
((12,4)(13,12)) 2
((13,12)(12,5)) 1
((11,14)(12,5)) 1
((12,5)(13,12)) 1
((13,12)(12,4)) 1
((12,4)(12,5)) 1
((14,14)(11,5)) 2
((11,5)(15,12)) 1
((14,14)(15,14)) 1
((11,5)(10,5)) 1
((10,5)(8,10)) 1
((9,11)(11,5)) 1
((15,6)(14,8)) 1
((13,9)(20,7)) 1
((20,7)(21,5)) 1
((21,5)(18,9)) 1
((11,10)(5,6)) 1
((5,6)(16,13)) 1
((18,9)(27,24)) 1
((27,24)(20,16)) 1
((20,16)(14,12)) 1
((13,10)(14,14)) 1
((27,24)(14,11)) 1
((14,11)(17,13)) 1
((15,9)(10,5)) 1
((10,5)(9,11)) 1
((16,13)(10,5)) 1
((12,5)(13,9)) 1
((14,9)(12,5)) 1
((12,5)(13,10)) 1
((13,10)(14,8)) 1
((14,8)(12,5)) 1
((9,7)(10,7)) 1
((9,7)(10,5)) 1
((10,5)(7,2)) 1
((13,10)(11,14)) 1
((9,11)(15,9)) 2
((13,6)(15,13)) 1
((14,9)(17,9)) 1
((17,9)(17,10)) 2
((17,10)(13,9)) 1
((17,10)(14,11)) 1
((19,17)(16,13)) 4
((19,18)(12,16)) 1
((12,16)(10,13)) 1
((11,14)(15,8)) 1
((15,8)(15,13)) 1
((15,15)(10,11)) 3
((10,11)(15,15)) 2
((15,9)(15,15)) 1
((18,20)(16,23)) 1
((14,12)(9,9)) 1
((9,9)(9,4)) 1
((14,12)(18,13)) 1
((25,20)(19,15)) 5
((16,13)(25,20)) 4
((17,13)(4,8)) 1
((15,9)(28,11)) 1
((28,11)(25,20)) 1
((7,11)(15,13)) 1
((13,8)(17,13)) 1
((17,13)(13,8)) 1
((24,2)(18,10)) 1
((15,14)(16,12)) 1
((11,8)(18,11)) 1
((18,11)(11,8)) 1
((11,8)(10,10)) 1
((11,14)(6,10)) 1
((6,10)(13,9)) 1
((13,18)(14,13)) 1
((13,18)(23,15)) 1
((23,15)(23,14)) 1
((16,15)(28,14)) 1
((28,14)(15,15)) 1
((22,10)(18,12)) 2
((18,12)(22,10)) 2
((22,10)(17,13)) 1
((17,13)(16,14)) 1
((16,14)(27,6)) 1
((27,6)(22,10)) 1
((22,10)(21,10)) 1
((15,9)(22,10)) 1
((9,8)(16,12)) 2
((16,12)(9,8)) 1
((19,11)(14,9)) 1
((13,8)(22,6)) 1
((22,6)(19,11)) 1
((13,8)(18,9)) 1
((20,8)(13,9)) 1
((14,13)(11,14)) 1
((14,13)(14,11)) 1
((14,12)(10,1)) 1
((10,1)(14,13)) 1
((14,13)(17,13)) 1
((17,13)(10,1)) 1
((14,9)(14,8)) 1
((9,7)(15,15)) 1
((15,14)(13,10)) 1
((13,11)(9,8)) 1
((10,9)(6,6)) 1
((6,6)(15,15)) 1
((7,7)(11,11)) 1
((15,9)(19,10)) 1
((24,2)(16,0)) 3
((16,0)(24,2)) 3
((15,11)(29,10)) 1
((29,10)(15,11)) 1
((15,11)(13,14)) 1
((16,13)(29,10)) 1
((14,11)(18,9)) 1
((12,9)(16,2)) 1
((16,2)(16,12)) 1
((14,15)(16,7)) 1
((16,2)(16,8)) 1
((15,8)(14,14)) 1
((14,15)(16,8)) 1
((15,8)(14,16)) 1
((14,14)(16,13)) 1
