(22,10): 0.002
(11,11): 0.026
(25,14): 0.003
(17,18): 0.004
(22,3): 0.002
(15,13): 0.018
(16,11): 0.002
(6,13): 0.002
(15,9): 0.072
(18,9): 0.046
(17,9): 0.011
(15,15): 0.006
(7,6): 0.008
(6,11): 0.001
(14,12): 0.039
(13,9): 0.04
(26,7): 0.002
(18,2): 0.002
(24,11): 0.001
(12,9): 0.013
(4,4): 0.001
(13,0): 0.008
(17,8): 0.002
(27,24): 0.005
(8,10): 0.004
(19,17): 0.004
(14,15): 0.003
(13,20): 0.001
(15,16): 0.007
(13,11): 0.003
(17,21): 0.001
(6,9): 0.002
(16,2): 0.006
(10,5): 0.003
(13,13): 0.004
(13,2): 0.001
(8,8): 0.001
(5,5): 0.001
(12,28): 0.007
(10,11): 0.002
(15,12): 0.009
(11,10): 0.004
(16,13): 0.048
(13,12): 0.013
(13,26): 0.001
(6,6): 0.006
(16,14): 0.008
(14,13): 0.009
(20,16): 0.002
(9,4): 0.007
(12,6): 0.001
(19,3): 0.004
(13,18): 0.004
(22,4): 0.003
(18,12): 0.008
(5,14): 0.007
(7,7): 0.004
(15,27): 0.008
(8,5): 0.002
(9,7): 0.005
(18,24): 0.003
(5,8): 0.002
(6,10): 0.007
(13,3): 0.003
(16,1): 0.003
(14,10): 0.002
(12,0): 0.013
(10,10): 0.008
(18,7): 0.001
(18,20): 0.001
(18,6): 0.003
(15,21): 0.003
(16,7): 0.006
(24,9): 0.004
(15,8): 0.004
(18,5): 0.003
(14,8): 0.004
(11,5): 0.001
(8,3): 0.002
(18,10): 0.004
(4,8): 0.01
(11,14): 0.004
(12,8): 0.003
(9,11): 0.007
(16,12): 0.012
(5,13): 0.008
(10,9): 0.002
(11,2): 0.002
(19,1): 0.002
(11,8): 0.002
(13,7): 0.005
(9,8): 0.006
(22,8): 0.001
(19,7): 0.001
(21,10): 0.006
(23,14): 0.002
(12,21): 0.003
(17,13): 0.015
(21,20): 0.003
(13,5): 0.001
(10,2): 0.002
(20,19): 0.001
(7,10): 0.002
(2,8): 0.002
(6,4): 0.001
(18,11): 0.004
(12,12): 0.001
(13,21): 0.001
(12,7): 0.001
(11,9): 0.005
(4,9): 0.005
(14,3): 0.001
(13,10): 0.006
(13,6): 0.001
(16,20): 0.001
(17,7): 0.002
(17,6): 0.002
(15,28): 0.005
(16,6): 0.005
(16,25): 0.008
(27,6): 0.002
(19,10): 0.002
(23,17): 0.002
(24,2): 0.003
(18,13): 0.005
(10,1): 0.004
(19,11): 0.004
(16,3): 0.002
(28,21): 0.002
(17,3): 0.001
(16,9): 0.004
(16,10): 0.003
(21,25): 0.002
(13,8): 0.008
(16,23): 0.002
(26,21): 0.001
(9,3): 0.001
(16,8): 0.003
(12,11): 0.003
(25,9): 0.001
(20,14): 0.001
(14,11): 0.004
(27,21): 0.004
(20,7): 0.006
(15,6): 0.004
(12,16): 0.006
(23,10): 0.004
(27,12): 0.001
(17,22): 0.002
(23,21): 0.002
(14,21): 0.002
(18,19): 0.003
(17,4): 0.002
(16,15): 0.003
(24,14): 0.002
(12,10): 0.001
(26,6): 0.001
(24,7): 0.001
(9,9): 0.001
(28,11): 0.001
(15,11): 0.007
(14,16): 0.002
(8,9): 0.001
(17,12): 0.006
(26,14): 0.001
(3,7): 0.001
(20,9): 0.003
(11,3): 0.001
(22,7): 0.002
(18,1): 0.002
(18,14): 0.002
(4,5): 0.001
(12,29): 0.001
(16,0): 0.002
(24,25): 0.001
(5,12): 0.001
(17,28): 0.002
(18,29): 0.004
(25,22): 0.003
(11,18): 0.001
(28,14): 0.001
(22,9): 0.002
(7,11): 0.003
(21,27): 0.001
(19,15): 0.003
(19,13): 0.002
(21,14): 0.002
(18,0): 0.001
(12,27): 0.001
(8,7): 0.002
(10,3): 0.001
(11,28): 0.001
(12,18): 0.002
(19,18): 0.002
(15,1): 0.001
(12,1): 0.001
(14,7): 0.004
(16,4): 0.002
(5,9): 0.001
(15,14): 0.003
(28,10): 0.001
(14,14): 0.001
(20,15): 0.002
(19,14): 0.001
(17,10): 0.002
(20,18): 0.001
(21,1): 0.001
(5,6): 0.001
(15,5): 0.001
(26,23): 0.001
(14,4): 0.001
(12,14): 0.001
(7,8): 0.002
(25,17): 0.001
(19,16): 0.001
(15,7): 0.001
(16,17): 0.001
(17,14): 0.001
(18,8): 0.001
(3,8): 0.001
(12,19): 0.002
(3,5): 0.001
(11,19): 0.003
(30,13): 0.002
(7,9): 0.001
(13,19): 0.001
(8,2): 0.001
(12,3): 0.003
(9,10): 0.002
(26,15): 0.001
(19,2): 0.001
(5,10): 0.001
(17,15): 0.001
(19,0): 0.001
(23,7): 0.001
(15,19): 0.001
(13,15): 0.001
(11,12): 0.001
(6,7): 0.001
(24,8): 0.001
(24,21): 0.001
(25,11): 0.001
(11,13): 0.001
(14,6): 0.001
(14,9): 0.002
(27,22): 0.001
(16,28): 0.001
(13,14): 0.002
(16,26): 0.001
(7,2): 0.001
(11,16): 0.001
(11,21): 0.001
(12,5): 0.002
(25,20): 0.001
