(22,10): 0.003
(15,9): 0.074
(16,13): 0.083
(22,3): 0.001
(13,9): 0.033
(17,6): 0.001
(15,11): 0.001
(14,12): 0.049
(16,11): 0.003
(2,7): 0.003
(15,15): 0.01
(12,4): 0.004
(7,11): 0.005
(13,12): 0.009
(27,6): 0.004
(18,2): 0.002
(21,10): 0.009
(12,9): 0.009
(18,9): 0.041
(11,11): 0.012
(4,4): 0.001
(12,0): 0.013
(26,23): 0.002
(16,9): 0.004
(17,21): 0.003
(12,7): 0.002
(13,19): 0.002
(26,6): 0.003
(15,16): 0.004
(17,22): 0.004
(18,13): 0.008
(16,17): 0.001
(14,15): 0.001
(4,8): 0.005
(13,13): 0.003
(8,8): 0.001
(5,5): 0.001
(16,12): 0.011
(7,13): 0.003
(15,14): 0.002
(11,10): 0.007
(15,13): 0.006
(6,6): 0.009
(13,7): 0.004
(11,14): 0.014
(20,16): 0.002
(8,2): 0.003
(12,5): 0.004
(16,7): 0.008
(14,14): 0.004
(29,10): 0.002
(18,14): 0.001
(19,10): 0.002
(5,14): 0.009
(15,27): 0.011
(7,6): 0.008
(6,3): 0.001
(18,23): 0.001
(3,7): 0.002
(12,28): 0.008
(27,24): 0.005
(5,7): 0.003
(7,9): 0.001
(13,3): 0.002
(16,1): 0.002
(12,11): 0.003
(20,5): 0.001
(3,5): 0.002
(11,13): 0.006
(19,21): 0.001
(4,9): 0.007
(19,1): 0.003
(15,21): 0.004
(6,10): 0.006
(5,13): 0.006
(24,9): 0.001
(13,4): 0.002
(18,5): 0.003
(22,2): 0.001
(16,5): 0.003
(18,10): 0.007
(16,10): 0.001
(14,16): 0.004
(16,15): 0.005
(12,8): 0.001
(4,5): 0.005
(14,13): 0.007
(13,27): 0.001
(15,8): 0.005
(11,2): 0.001
(18,0): 0.002
(10,10): 0.003
(25,14): 0.002
(11,8): 0.001
(22,8): 0.001
(20,6): 0.001
(9,11): 0.01
(6,7): 0.002
(12,21): 0.001
(8,7): 0.002
(7,7): 0.003
(17,13): 0.019
(21,20): 0.003
(14,3): 0.001
(10,1): 0.004
(2,8): 0.001
(5,4): 0.001
(25,9): 0.001
(19,0): 0.003
(8,5): 0.003
(24,5): 0.001
(18,1): 0.001
(6,9): 0.002
(21,1): 0.002
(16,23): 0.004
(26,7): 0.001
(17,7): 0.003
(19,9): 0.003
(12,10): 0.002
(16,6): 0.006
(14,28): 0.001
(14,5): 0.001
(17,9): 0.009
(23,17): 0.001
(26,21): 0.001
(5,8): 0.002
(17,3): 0.001
(16,14): 0.005
(15,12): 0.005
(28,11): 0.003
(13,10): 0.006
(21,25): 0.002
(16,24): 0.002
(22,11): 0.003
(25,21): 0.002
(19,17): 0.002
(16,8): 0.002
(7,10): 0.004
(13,0): 0.004
(17,14): 0.002
(23,10): 0.006
(22,4): 0.002
(12,27): 0.003
(13,14): 0.004
(15,6): 0.001
(16,25): 0.003
(12,15): 0.001
(4,10): 0.001
(12,3): 0.002
(23,21): 0.002
(18,19): 0.001
(19,15): 0.006
(17,4): 0.001
(9,4): 0.008
(20,10): 0.001
(5,10): 0.001
(9,8): 0.002
(24,14): 0.002
(18,20): 0.002
(8,10): 0.006
(28,15): 0.001
(15,28): 0.002
(11,21): 0.003
(17,29): 0.001
(13,17): 0.001
(17,10): 0.001
(14,8): 0.003
(25,11): 0.001
(20,7): 0.003
(14,4): 0.002
(12,16): 0.002
(20,9): 0.003
(26,18): 0.001
(11,3): 0.001
(21,14): 0.002
(12,29): 0.001
(11,9): 0.001
(12,12): 0.001
(15,25): 0.001
(24,25): 0.002
(27,23): 0.001
(17,27): 0.001
(24,7): 0.002
(18,29): 0.003
(25,22): 0.002
(25,20): 0.002
(13,8): 0.005
(16,0): 0.001
(24,8): 0.001
(18,12): 0.004
(23,15): 0.001
(22,20): 0.001
(22,9): 0.002
(20,19): 0.001
(16,2): 0.004
(20,17): 0.002
(19,13): 0.001
(14,25): 0.001
(7,2): 0.003
(11,28): 0.001
(19,18): 0.001
(16,3): 0.001
(14,19): 0.001
(14,7): 0.007
(16,4): 0.002
(19,11): 0.002
(9,7): 0.004
(15,29): 0.002
(13,18): 0.002
(14,21): 0.001
(11,12): 0.002
(28,22): 0.001
(17,15): 0.001
(10,7): 0.001
(12,14): 0.001
(18,17): 0.001
(12,18): 0.003
(17,28): 0.001
(15,5): 0.001
(19,12): 0.003
(19,2): 0.001
(25,24): 0.001
(17,8): 0.001
(7,8): 0.002
(14,9): 0.002
(9,9): 0.002
(10,8): 0.001
(19,16): 0.001
(13,26): 0.001
(13,11): 0.003
(18,8): 0.001
(3,8): 0.001
(12,19): 0.001
(15,17): 0.001
(14,10): 0.001
(11,19): 0.003
(30,13): 0.002
(8,3): 0.001
(26,15): 0.001
(23,14): 0.002
(15,3): 0.001
(8,11): 0.001
(11,0): 0.001
(27,21): 0.003
(13,1): 0.001
(24,21): 0.001
(28,14): 0.001
(8,9): 0.001
(13,16): 0.001
(4,6): 0.001
(13,2): 0.001
(16,28): 0.001
(19,3): 0.001
(24,2): 0.002
(6,14): 0.001
(15,1): 0.001
(14,11): 0.001
(17,12): 0.001
(11,5): 0.001
(10,5): 0.001
(20,8): 0.001
