(17,12): 0.052
(10,9): 0.013
(8,18): 0.003
(14,13): 0.003
(11,10): 0.005
(6,11): 0.011
(15,15): 0.008
(6,7): 0.001
(15,3): 0.001
(21,15): 0.011
(20,20): 0.002
(19,16): 0.007
(25,9): 0.004
(21,17): 0.061
(20,38): 0.001
(16,12): 0.015
(19,17): 0.023
(24,14): 0.005
(10,14): 0.002
(22,37): 0.002
(26,15): 0.004
(20,17): 0.009
(24,39): 0.004
(28,13): 0.006
(20,22): 0.004
(27,25): 0.001
(18,15): 0.003
(18,16): 0.014
(13,15): 0.005
(20,18): 0.001
(20,15): 0.007
(20,12): 0.052
(18,6): 0.003
(21,16): 0.011
(19,19): 0.003
(8,13): 0.011
(19,37): 0.002
(12,5): 0.007
(7,18): 0.004
(7,7): 0.001
(24,7): 0.001
(39,14): 0.001
(7,10): 0.008
(21,4): 0.004
(19,12): 0.004
(24,27): 0.002
(22,8): 0.001
(15,0): 0.003
(16,15): 0.005
(29,5): 0.004
(8,8): 0.01
(15,13): 0.001
(4,10): 0.003
(18,12): 0.002
(32,3): 0.002
(21,6): 0.001
(24,13): 0.031
(16,28): 0.002
(20,36): 0.008
(32,33): 0.004
(35,19): 0.003
(17,39): 0.002
(22,12): 0.009
(7,8): 0.001
(18,20): 0.002
(35,27): 0.002
(30,13): 0.004
(25,22): 0.001
(22,9): 0.006
(19,13): 0.005
(24,3): 0.001
(22,17): 0.013
(8,10): 0.002
(16,4): 0.006
(12,12): 0.002
(6,10): 0.002
(23,13): 0.002
(20,16): 0.005
(21,10): 0.002
(36,32): 0.007
(33,29): 0.003
(6,12): 0.003
(22,11): 0.003
(24,8): 0.005
(20,13): 0.004
(20,11): 0.005
(19,7): 0.002
(14,14): 0.004
(14,12): 0.004
(5,12): 0.005
(19,18): 0.005
(17,14): 0.003
(22,24): 0.001
(21,1): 0.011
(16,37): 0.011
(24,25): 0.003
(18,8): 0.006
(21,8): 0.004
(26,12): 0.002
(22,6): 0.002
(17,0): 0.016
(25,23): 0.002
(8,9): 0.002
(14,7): 0.001
(34,27): 0.004
(17,11): 0.003
(13,2): 0.005
(16,20): 0.003
(21,3): 0.003
(18,26): 0.002
(10,3): 0.004
(28,18): 0.006
(23,24): 0.006
(25,10): 0.003
(38,28): 0.004
(11,14): 0.004
(22,30): 0.001
(23,9): 0.004
(19,9): 0.004
(36,8): 0.007
(18,9): 0.005
(27,21): 0.003
(9,13): 0.002
(21,7): 0.003
(21,33): 0.007
(18,14): 0.006
(7,6): 0.002
(14,15): 0.01
(35,9): 0.006
(14,2): 0.002
(18,17): 0.005
(17,16): 0.006
(31,23): 0.002
(14,18): 0.001
(32,12): 0.004
(18,7): 0.005
(28,12): 0.002
(22,18): 0.008
(22,16): 0.004
(35,20): 0.001
(34,31): 0.001
(16,21): 0.001
(16,25): 0.002
(21,20): 0.006
(24,15): 0.002
(18,3): 0.001
(26,11): 0.002
(24,12): 0.006
(26,6): 0.002
(16,7): 0.002
(23,8): 0.001
(13,9): 0.002
(18,21): 0.002
(19,28): 0.001
(12,6): 0.001
(11,16): 0.001
(22,19): 0.003
(19,14): 0.002
(25,13): 0.002
(19,5): 0.001
(24,19): 0.002
(20,14): 0.001
(10,12): 0.002
(22,20): 0.005
(21,19): 0.001
(9,14): 0.001
(24,17): 0.005
(34,8): 0.002
(21,18): 0.004
(33,19): 0.004
(21,12): 0.005
(27,12): 0.001
(27,14): 0.004
(13,11): 0.002
(15,14): 0.002
(22,31): 0.004
(16,1): 0.001
(24,6): 0.001
(31,10): 0.001
(21,0): 0.003
(18,35): 0.003
(20,21): 0.002
(20,8): 0.001
(23,16): 0.002
(26,20): 0.004
(25,16): 0.002
(11,12): 0.002
(16,9): 0.001
(9,12): 0.001
(21,11): 0.003
(7,4): 0.002
(15,9): 0.001
(14,16): 0.001
(18,19): 0.002
(19,0): 0.001
(20,28): 0.002
(18,4): 0.001
(38,18): 0.001
(20,19): 0.003
(12,15): 0.003
(17,1): 0.002
(37,29): 0.005
(26,0): 0.001
(31,19): 0.001
(18,10): 0.003
(29,30): 0.001
(29,12): 0.001
(24,16): 0.002
(25,20): 0.002
(17,28): 0.002
(26,3): 0.001
(29,27): 0.001
(37,15): 0.002
(27,24): 0.002
(5,6): 0.001
(16,19): 0.001
(23,37): 0.001
(26,24): 0.002
(22,22): 0.002
(27,9): 0.001
(9,9): 0.001
(10,8): 0.001
(18,22): 0.001
(16,14): 0.001
(17,19): 0.001
(22,7): 0.002
(15,19): 0.001
(13,6): 0.001
(39,13): 0.002
(28,7): 0.002
(6,8): 0.001
(16,11): 0.001
(29,13): 0.002
(18,25): 0.001
(23,20): 0.001
(15,26): 0.001
(16,24): 0.001
(33,14): 0.001
(34,22): 0.001
(12,11): 0.001
(23,5): 0.001
(22,15): 0.001
