(21,20): 0.008
(34,9): 0.004
(26,22): 0.001
(18,16): 0.014
(19,13): 0.003
(6,11): 0.006
(14,7): 0.001
(17,7): 0.002
(15,9): 0.005
(22,14): 0.004
(19,9): 0.003
(16,12): 0.005
(20,12): 0.05
(21,17): 0.093
(24,32): 0.001
(32,6): 0.004
(17,13): 0.005
(13,13): 0.003
(39,14): 0.002
(4,10): 0.004
(19,17): 0.025
(24,16): 0.006
(36,8): 0.002
(25,13): 0.001
(35,9): 0.006
(17,12): 0.025
(1,12): 0.003
(14,13): 0.006
(15,14): 0.005
(18,14): 0.007
(21,18): 0.004
(21,21): 0.002
(20,14): 0.009
(18,9): 0.003
(14,12): 0.001
(15,19): 0.003
(18,20): 0.004
(17,16): 0.014
(26,20): 0.009
(14,26): 0.003
(24,17): 0.015
(17,0): 0.019
(20,36): 0.01
(21,3): 0.011
(24,12): 0.01
(38,18): 0.002
(22,12): 0.012
(8,10): 0.001
(22,8): 0.007
(15,15): 0.013
(21,4): 0.002
(14,14): 0.004
(6,12): 0.009
(27,14): 0.002
(8,14): 0.002
(22,20): 0.005
(14,2): 0.003
(8,6): 0.001
(17,11): 0.004
(34,19): 0.003
(28,13): 0.005
(17,15): 0.007
(19,16): 0.012
(12,4): 0.002
(21,0): 0.002
(11,14): 0.003
(19,15): 0.004
(13,6): 0.007
(23,13): 0.002
(22,13): 0.002
(12,8): 0.001
(17,18): 0.001
(32,12): 0.002
(24,3): 0.002
(38,21): 0.001
(24,6): 0.002
(21,10): 0.003
(24,27): 0.003
(22,31): 0.01
(12,12): 0.003
(15,13): 0.005
(24,13): 0.022
(21,14): 0.001
(21,15): 0.01
(34,8): 0.005
(20,17): 0.008
(26,14): 0.004
(10,9): 0.007
(22,6): 0.001
(18,17): 0.001
(14,15): 0.014
(18,6): 0.001
(22,19): 0.006
(33,19): 0.001
(13,2): 0.003
(21,2): 0.002
(16,8): 0.002
(11,7): 0.001
(12,5): 0.004
(27,10): 0.003
(8,8): 0.005
(6,14): 0.003
(8,11): 0.005
(16,28): 0.001
(19,18): 0.003
(21,1): 0.003
(37,29): 0.008
(24,7): 0.004
(13,9): 0.002
(23,37): 0.001
(18,12): 0.005
(14,18): 0.001
(17,39): 0.001
(13,21): 0.001
(20,15): 0.003
(16,5): 0.001
(24,19): 0.003
(33,27): 0.001
(20,18): 0.003
(11,5): 0.002
(32,3): 0.003
(21,12): 0.005
(37,28): 0.001
(16,37): 0.002
(18,19): 0.003
(26,24): 0.006
(21,19): 0.006
(25,16): 0.002
(28,18): 0.001
(20,9): 0.001
(16,15): 0.008
(18,15): 0.006
(8,13): 0.003
(24,8): 0.002
(22,17): 0.018
(19,14): 0.002
(19,27): 0.001
(7,8): 0.001
(35,31): 0.001
(29,27): 0.002
(15,26): 0.001
(9,13): 0.002
(15,25): 0.002
(21,16): 0.01
(18,28): 0.001
(21,33): 0.004
(20,22): 0.003
(18,26): 0.004
(22,22): 0.002
(19,36): 0.001
(20,23): 0.001
(37,21): 0.001
(21,9): 0.001
(20,16): 0.003
(14,17): 0.001
(25,20): 0.004
(20,20): 0.001
(23,24): 0.002
(16,9): 0.001
(13,11): 0.005
(18,10): 0.001
(19,11): 0.001
(16,21): 0.002
(9,11): 0.001
(26,3): 0.002
(9,9): 0.002
(21,6): 0.001
(8,18): 0.001
(20,38): 0.002
(10,3): 0.001
(23,14): 0.001
(28,5): 0.001
(18,7): 0.003
(20,34): 0.001
(17,5): 0.002
(36,32): 0.003
(20,8): 0.002
(18,25): 0.001
(23,16): 0.003
(32,28): 0.001
(24,2): 0.001
(14,9): 0.002
(13,1): 0.001
(35,19): 0.001
(10,2): 0.001
(28,9): 0.001
(34,32): 0.001
(32,9): 0.001
(24,15): 0.002
(13,3): 0.001
(11,10): 0.001
(35,32): 0.001
(6,10): 0.001
(34,22): 0.001
(20,1): 0.001
(17,37): 0.002
(25,15): 0.001
(15,3): 0.001
(30,13): 0.004
(25,2): 0.001
(16,4): 0.001
(12,13): 0.001
(33,29): 0.005
(11,4): 0.001
(6,7): 0.001
(16,10): 0.001
(22,9): 0.003
(26,0): 0.001
(7,7): 0.001
(27,20): 0.001
(27,24): 0.001
(17,14): 0.002
(31,28): 0.002
(20,25): 0.001
(26,6): 0.001
(24,39): 0.001
(34,27): 0.003
(22,5): 0.001
(18,11): 0.002
(22,15): 0.003
(20,11): 0.003
(15,8): 0.001
(22,16): 0.002
(26,11): 0.002
(18,35): 0.003
(19,12): 0.001
(5,6): 0.001
(19,37): 0.001
(23,29): 0.002
(12,14): 0.001
(27,6): 0.001
(18,8): 0.001
(16,19): 0.001
(16,7): 0.001
(26,15): 0.003
(25,21): 0.001
(23,23): 0.001
(23,18): 0.001
(29,12): 0.001
(20,21): 0.001
(27,12): 0.001
(14,10): 0.002
(11,9): 0.001
(18,4): 0.001
(36,30): 0.001
(18,13): 0.002
(9,10): 0.001
(33,12): 0.001
(17,9): 0.001
(23,10): 0.001
(18,5): 0.001
(5,8): 0.001
(27,8): 0.001
(36,24): 0.002
(24,25): 0.001
(5,11): 0.001
(16,13): 0.001
(29,11): 0.001
(16,16): 0.001
(22,37): 0.001
(32,16): 0.001
(22,11): 0.001
(31,20): 0.001
(17,19): 0.001
(37,15): 0.001
(28,15): 0.001
(15,4): 0.001
(27,21): 0.001
(7,6): 0.001
(21,8): 0.001
(31,19): 0.001
