(29,27): 0.005
(5,12): 0.001
(21,17): 0.096
(19,17): 0.029
(20,12): 0.06
(19,16): 0.01
(22,13): 0.004
(22,17): 0.028
(29,30): 0.001
(24,13): 0.027
(5,11): 0.002
(21,15): 0.007
(20,8): 0.002
(26,0): 0.005
(20,10): 0.001
(29,11): 0.003
(37,29): 0.005
(19,18): 0.008
(13,11): 0.003
(18,12): 0.008
(24,12): 0.007
(15,9): 0.004
(14,14): 0.009
(17,12): 0.027
(21,20): 0.005
(20,20): 0.002
(18,8): 0.003
(25,13): 0.004
(14,26): 0.002
(18,10): 0.006
(6,7): 0.002
(15,15): 0.01
(21,16): 0.006
(16,15): 0.01
(22,14): 0.002
(20,36): 0.012
(20,16): 0.009
(26,24): 0.003
(34,19): 0.002
(14,12): 0.002
(9,12): 0.001
(25,8): 0.001
(26,15): 0.001
(16,12): 0.006
(24,17): 0.009
(18,13): 0.002
(12,5): 0.01
(25,20): 0.006
(20,15): 0.002
(15,0): 0.002
(13,9): 0.003
(18,15): 0.002
(14,9): 0.001
(14,17): 0.004
(11,15): 0.002
(24,1): 0.003
(22,16): 0.003
(30,13): 0.006
(23,2): 0.001
(15,3): 0.004
(34,6): 0.002
(23,13): 0.002
(6,12): 0.009
(28,11): 0.001
(29,3): 0.001
(17,13): 0.005
(6,11): 0.012
(14,15): 0.014
(9,14): 0.001
(18,17): 0.004
(7,18): 0.004
(22,31): 0.007
(9,9): 0.003
(10,14): 0.002
(14,7): 0.001
(15,13): 0.002
(24,32): 0.004
(30,8): 0.002
(20,38): 0.003
(36,32): 0.004
(34,28): 0.001
(21,1): 0.003
(27,12): 0.003
(8,13): 0.005
(11,14): 0.006
(18,26): 0.004
(21,8): 0.004
(4,10): 0.004
(23,9): 0.002
(20,14): 0.003
(17,14): 0.003
(35,9): 0.007
(21,4): 0.001
(21,21): 0.006
(25,14): 0.001
(23,29): 0.005
(28,2): 0.001
(22,20): 0.007
(15,14): 0.002
(13,2): 0.007
(21,11): 0.001
(13,3): 0.003
(20,17): 0.008
(34,8): 0.001
(22,12): 0.008
(20,18): 0.005
(35,28): 0.001
(25,16): 0.002
(17,0): 0.007
(21,6): 0.001
(20,11): 0.005
(32,33): 0.001
(21,0): 0.002
(28,13): 0.005
(22,19): 0.007
(23,7): 0.001
(10,8): 0.002
(23,8): 0.002
(18,4): 0.002
(17,16): 0.014
(12,15): 0.001
(22,9): 0.002
(24,15): 0.002
(21,3): 0.007
(26,20): 0.01
(16,38): 0.001
(18,35): 0.003
(18,16): 0.01
(21,2): 0.001
(32,12): 0.002
(18,14): 0.004
(16,28): 0.003
(22,5): 0.001
(12,14): 0.002
(17,27): 0.001
(18,25): 0.001
(13,14): 0.002
(24,19): 0.003
(21,10): 0.001
(24,25): 0.002
(12,10): 0.001
(24,27): 0.006
(34,22): 0.002
(13,6): 0.003
(14,2): 0.004
(21,12): 0.004
(23,15): 0.001
(16,13): 0.003
(33,19): 0.002
(27,21): 0.001
(22,7): 0.002
(24,10): 0.001
(27,15): 0.001
(7,10): 0.002
(26,12): 0.002
(25,21): 0.002
(16,9): 0.004
(27,8): 0.001
(23,23): 0.002
(32,15): 0.002
(18,7): 0.004
(19,10): 0.001
(22,37): 0.001
(22,11): 0.002
(21,33): 0.006
(8,16): 0.001
(24,14): 0.001
(9,10): 0.001
(9,11): 0.002
(29,36): 0.001
(34,29): 0.001
(15,8): 0.001
(27,34): 0.001
(24,16): 0.001
(8,8): 0.001
(7,16): 0.001
(17,8): 0.001
(19,13): 0.004
(7,14): 0.002
(38,28): 0.003
(27,14): 0.001
(16,21): 0.002
(21,18): 0.003
(36,24): 0.002
(16,37): 0.001
(10,9): 0.007
(17,18): 0.001
(29,13): 0.001
(17,9): 0.002
(16,29): 0.001
(15,19): 0.003
(33,29): 0.005
(12,6): 0.001
(26,14): 0.001
(18,27): 0.002
(21,9): 0.001
(36,8): 0.001
(12,11): 0.002
(23,24): 0.002
(26,17): 0.002
(25,12): 0.001
(19,15): 0.001
(14,13): 0.002
(17,15): 0.002
(8,5): 0.001
(34,7): 0.001
(14,18): 0.002
(15,25): 0.002
(5,6): 0.001
(18,9): 0.002
(16,4): 0.001
(7,17): 0.001
(9,8): 0.001
(20,29): 0.001
(18,19): 0.001
(35,31): 0.002
(27,10): 0.001
(17,11): 0.003
(23,16): 0.001
(24,7): 0.002
(16,19): 0.001
(6,14): 0.001
(12,4): 0.001
(23,28): 0.001
(32,28): 0.001
(8,11): 0.001
(25,17): 0.001
(22,8): 0.001
(9,13): 0.002
(19,19): 0.001
(24,2): 0.001
(26,6): 0.001
(24,8): 0.002
(8,10): 0.001
(19,9): 0.002
(14,16): 0.001
(18,18): 0.001
(22,15): 0.001
(22,38): 0.001
(10,16): 0.001
(16,6): 0.001
(8,14): 0.002
(7,7): 0.001
(16,5): 0.002
(35,8): 0.001
(18,20): 0.002
(27,24): 0.001
(30,14): 0.002
(37,15): 0.001
(10,3): 0.001
(28,12): 0.001
(15,4): 0.001
(19,14): 0.001
(13,18): 0.001
(36,15): 0.001
(27,9): 0.001
(17,17): 0.001
(16,1): 0.001
(17,1): 0.001
(19,12): 0.001
(28,15): 0.001
(16,0): 0.001
(25,5): 0.001
(10,12): 0.001
(34,27): 0.001
