(18,9): 0.031
(13,10): 0.02
(6,9): 0.006
(18,13): 0.004
(16,2): 0.005
(15,8): 0.012
(18,10): 0.008
(15,9): 0.058
(13,9): 0.053
(16,10): 0.009
(14,8): 0.008
(20,9): 0.005
(24,14): 0.002
(15,15): 0.004
(17,13): 0.016
(7,7): 0.007
(15,7): 0.005
(16,13): 0.049
(3,10): 0.001
(18,20): 0.001
(12,5): 0.004
(9,8): 0.006
(15,17): 0.001
(16,23): 0.005
(9,4): 0.004
(5,6): 0.001
(15,11): 0.004
(15,12): 0.011
(8,3): 0.005
(16,7): 0.004
(6,7): 0.002
(16,12): 0.012
(11,11): 0.045
(6,10): 0.002
(14,10): 0.01
(11,14): 0.002
(14,13): 0.011
(13,13): 0.004
(14,4): 0.004
(12,18): 0.001
(15,13): 0.015
(13,12): 0.023
(14,12): 0.025
(5,13): 0.004
(16,11): 0.013
(15,28): 0.003
(12,11): 0.015
(19,10): 0.008
(16,25): 0.01
(27,21): 0.01
(11,9): 0.007
(17,12): 0.006
(9,7): 0.005
(14,11): 0.008
(26,7): 0.004
(11,19): 0.005
(12,28): 0.004
(16,15): 0.01
(16,6): 0.004
(10,6): 0.002
(7,11): 0.006
(25,22): 0.001
(4,9): 0.005
(16,1): 0.009
(19,2): 0.001
(11,10): 0.004
(10,10): 0.011
(15,10): 0.007
(26,6): 0.004
(3,7): 0.002
(20,7): 0.003
(18,11): 0.008
(17,29): 0.002
(25,14): 0.002
(7,9): 0.002
(14,9): 0.005
(27,6): 0.001
(26,23): 0.001
(15,27): 0.012
(12,3): 0.004
(10,11): 0.002
(14,7): 0.004
(17,7): 0.002
(17,9): 0.005
(17,10): 0.003
(12,21): 0.004
(28,15): 0.001
(5,14): 0.011
(9,11): 0.008
(18,12): 0.008
(23,21): 0.004
(25,20): 0.002
(8,5): 0.007
(20,16): 0.005
(12,9): 0.004
(4,8): 0.006
(15,29): 0.001
(8,10): 0.005
(16,14): 0.002
(5,4): 0.002
(13,7): 0.001
(12,0): 0.006
(7,5): 0.002
(21,15): 0.004
(9,9): 0.004
(16,17): 0.002
(6,8): 0.003
(30,13): 0.001
(19,15): 0.005
(6,6): 0.006
(18,6): 0.002
(17,6): 0.002
(7,6): 0.014
(15,14): 0.001
(18,29): 0.004
(16,8): 0.004
(4,7): 0.003
(13,14): 0.002
(23,10): 0.001
(11,29): 0.001
(4,5): 0.004
(12,16): 0.003
(16,4): 0.001
(28,21): 0.001
(10,8): 0.002
(14,0): 0.002
(10,1): 0.004
(13,18): 0.002
(17,21): 0.004
(17,22): 0.002
(10,5): 0.002
(24,9): 0.002
(20,15): 0.001
(22,22): 0.002
(21,10): 0.006
(17,14): 0.001
(24,21): 0.003
(22,9): 0.001
(21,20): 0.005
(16,9): 0.004
(22,10): 0.001
(14,16): 0.002
(16,5): 0.001
(14,21): 0.003
(21,25): 0.001
(9,10): 0.002
(19,12): 0.001
(20,6): 0.002
(17,18): 0.003
(9,3): 0.002
(18,16): 0.001
(20,18): 0.003
(8,9): 0.001
(19,18): 0.002
(20,17): 0.001
(14,15): 0.001
(11,8): 0.001
(11,5): 0.002
(11,4): 0.002
(25,24): 0.003
(17,4): 0.001
(11,13): 0.002
(27,24): 0.002
(29,10): 0.001
(19,3): 0.003
(13,0): 0.004
(15,6): 0.003
(24,2): 0.001
(18,17): 0.001
(20,10): 0.002
(4,4): 0.002
(7,8): 0.001
(13,3): 0.002
(13,6): 0.001
(14,5): 0.001
(8,2): 0.002
(15,3): 0.001
(11,6): 0.001
(16,0): 0.002
(21,13): 0.002
(20,8): 0.001
(12,29): 0.002
(5,5): 0.001
(21,11): 0.001
(17,8): 0.001
(12,4): 0.001
(17,11): 0.001
(13,8): 0.001
(28,22): 0.001
(14,28): 0.001
