(16,10): 0.004
(6,2): 0.001
(16,13): 0.103
(14,10): 0.009
(13,10): 0.013
(16,12): 0.023
(13,0): 0.004
(17,9): 0.008
(14,5): 0.002
(28,22): 0.002
(15,7): 0.003
(20,10): 0.005
(27,21): 0.006
(10,10): 0.009
(11,11): 0.028
(13,3): 0.003
(13,9): 0.045
(20,18): 0.005
(11,9): 0.003
(16,15): 0.003
(15,12): 0.018
(19,10): 0.002
(12,7): 0.004
(4,8): 0.012
(13,12): 0.018
(16,7): 0.008
(9,4): 0.003
(9,11): 0.007
(20,3): 0.001
(12,11): 0.016
(12,0): 0.014
(18,13): 0.011
(11,10): 0.005
(18,11): 0.003
(16,2): 0.007
(15,27): 0.012
(6,6): 0.01
(12,28): 0.009
(13,8): 0.006
(15,9): 0.058
(12,16): 0.004
(18,23): 0.001
(12,9): 0.012
(9,7): 0.002
(10,9): 0.001
(12,29): 0.001
(18,1): 0.001
(16,6): 0.005
(9,6): 0.002
(13,5): 0.002
(15,11): 0.006
(16,23): 0.01
(10,2): 0.003
(22,4): 0.001
(18,9): 0.026
(27,20): 0.001
(11,5): 0.003
(14,11): 0.01
(14,12): 0.036
(18,12): 0.006
(21,10): 0.008
(6,7): 0.003
(25,14): 0.001
(15,10): 0.002
(19,15): 0.007
(18,29): 0.003
(8,9): 0.001
(8,10): 0.005
(15,14): 0.005
(15,13): 0.013
(14,13): 0.008
(3,5): 0.001
(22,27): 0.001
(16,25): 0.005
(23,10): 0.004
(25,20): 0.002
(7,6): 0.008
(18,10): 0.007
(13,19): 0.001
(14,18): 0.002
(12,5): 0.001
(4,4): 0.002
(17,13): 0.009
(9,10): 0.002
(12,12): 0.002
(11,13): 0.007
(17,10): 0.002
(15,16): 0.001
(14,25): 0.002
(17,3): 0.001
(20,17): 0.002
(18,24): 0.001
(21,14): 0.002
(10,1): 0.009
(19,0): 0.001
(5,3): 0.002
(20,6): 0.001
(14,7): 0.007
(14,21): 0.002
(25,21): 0.003
(19,12): 0.002
(13,2): 0.001
(16,11): 0.01
(16,1): 0.005
(8,5): 0.002
(16,17): 0.003
(13,26): 0.003
(19,11): 0.004
(5,14): 0.003
(18,7): 0.003
(15,25): 0.002
(16,3): 0.001
(14,9): 0.004
(25,22): 0.001
(11,12): 0.001
(5,13): 0.003
(15,8): 0.002
(19,6): 0.001
(13,14): 0.005
(25,24): 0.001
(13,18): 0.002
(20,9): 0.001
(12,21): 0.002
(13,7): 0.003
(7,8): 0.001
(14,16): 0.002
(16,16): 0.001
(12,18): 0.003
(7,9): 0.003
(6,10): 0.01
(11,2): 0.001
(11,19): 0.006
(18,14): 0.002
(12,27): 0.001
(21,8): 0.001
(15,29): 0.001
(19,25): 0.001
(4,5): 0.002
(27,24): 0.002
(19,19): 0.001
(16,9): 0.005
(17,12): 0.001
(9,8): 0.004
(26,6): 0.001
(11,6): 0.001
(5,8): 0.001
(27,6): 0.002
(14,8): 0.003
(16,8): 0.002
(14,15): 0.003
(26,18): 0.001
(19,7): 0.001
(26,7): 0.003
(21,25): 0.001
(24,25): 0.001
(14,14): 0.005
(6,9): 0.002
(15,1): 0.002
(23,21): 0.001
(15,15): 0.004
(25,7): 0.001
(6,3): 0.001
(15,28): 0.001
(16,14): 0.002
(8,3): 0.002
(13,4): 0.002
(3,7): 0.003
(1,9): 0.002
(4,9): 0.004
(7,12): 0.001
(7,7): 0.002
(16,5): 0.001
(5,6): 0.002
(11,3): 0.001
(17,14): 0.001
(18,8): 0.002
(7,11): 0.002
(8,7): 0.001
(13,13): 0.001
(13,11): 0.003
(12,14): 0.001
(5,7): 0.002
(17,21): 0.001
(8,2): 0.001
(24,21): 0.001
(21,4): 0.001
(18,19): 0.003
(27,12): 0.001
(10,5): 0.003
(16,4): 0.002
(10,11): 0.002
(17,18): 0.001
(16,0): 0.001
(22,9): 0.001
(14,4): 0.002
(12,19): 0.001
(20,5): 0.001
(15,6): 0.001
(22,13): 0.001
(23,17): 0.001
(12,3): 0.001
(24,9): 0.001
(18,6): 0.001
(19,16): 0.001
(11,14): 0.001
(6,13): 0.001
(8,11): 0.001
(13,21): 0.001
