(10,7): 0.017
(12,8): 0.013
(10,16): 0.009
(10,8): 0.082
(9,8): 0.043
(10,6): 0.057
(8,6): 0.056
(11,9): 0.008
(11,8): 0.018
(12,6): 0.045
(4,4): 0.009
(18,16): 0.006
(17,13): 0.006
(5,4): 0.013
(10,14): 0.001
(10,0): 0.011
(11,15): 0.008
(8,0): 0.011
(4,6): 0.017
(9,4): 0.013
(11,10): 0.009
(12,4): 0.005
(13,12): 0.006
(10,3): 0.005
(13,3): 0.003
(7,7): 0.026
(13,6): 0.005
(9,1): 0.002
(8,18): 0.008
(11,6): 0.014
(10,1): 0.008
(11,12): 0.005
(4,3): 0.001
(9,6): 0.012
(6,2): 0.009
(12,12): 0.003
(10,4): 0.006
(14,6): 0.008
(9,9): 0.015
(17,16): 0.001
(9,3): 0.008
(6,7): 0.011
(4,5): 0.002
(18,4): 0.004
(11,4): 0.014
(13,10): 0.008
(14,3): 0.002
(11,11): 0.002
(8,8): 0.008
(6,1): 0.005
(9,14): 0.002
(9,7): 0.011
(7,1): 0.004
(16,6): 0.005
(13,7): 0.009
(17,4): 0.009
(8,4): 0.002
(12,5): 0.003
(5,7): 0.006
(12,11): 0.004
(10,10): 0.01
(11,14): 0.004
(5,5): 0.002
(3,3): 0.004
(14,15): 0.001
(3,9): 0.007
(3,4): 0.003
(10,18): 0.009
(13,1): 0.002
(14,13): 0.002
(10,5): 0.01
(12,3): 0.003
(5,2): 0.002
(12,13): 0.003
(5,1): 0.003
(17,10): 0.001
(15,9): 0.002
(3,5): 0.015
(7,6): 0.006
(10,2): 0.003
(15,11): 0.001
(8,2): 0.003
(7,13): 0.001
(19,14): 0.002
(11,5): 0.002
(9,5): 0.004
(8,5): 0.006
(18,14): 0.004
(16,14): 0.004
(14,9): 0.004
(15,6): 0.004
(5,6): 0.005
(9,17): 0.003
(9,10): 0.002
(12,7): 0.005
(10,11): 0.003
(17,9): 0.002
(14,2): 0.002
(6,4): 0.002
(3,6): 0.003
(9,13): 0.003
(16,16): 0.002
(11,18): 0.003
(7,8): 0.002
(8,10): 0.002
(7,9): 0.002
(3,8): 0.001
(16,9): 0.002
(11,2): 0.002
(19,7): 0.002
(5,3): 0.001
(8,7): 0.014
(10,9): 0.01
(8,3): 0.001
(13,5): 0.001
(10,19): 0.002
(16,1): 0.003
(8,9): 0.004
(8,14): 0.005
(14,10): 0.001
(9,18): 0.001
(11,7): 0.002
(12,19): 0.004
(19,6): 0.001
(12,9): 0.002
(2,5): 0.001
(6,6): 0.002
(6,5): 0.002
(4,7): 0.002
(12,1): 0.002
(16,7): 0.001
(19,9): 0.002
(12,10): 0.002
(8,13): 0.001
(5,8): 0.002
(17,15): 0.001
(12,2): 0.002
(9,12): 0.001
(6,3): 0.002
(2,3): 0.002
(8,19): 0.002
(2,6): 0.002
(17,11): 0.001
(8,12): 0.002
(14,5): 0.001
(13,8): 0.001
(4,9): 0.001
(1,5): 0.001
(13,0): 0.003
(15,5): 0.001
(7,4): 0.002
(15,14): 0.002
(9,2): 0.002
(3,2): 0.001
(11,3): 0.002
(13,4): 0.002
(3,7): 0.001
(18,7): 0.001
(8,11): 0.001
(6,0): 0.001
(7,0): 0.001
(7,3): 0.001
(9,11): 0.001
(14,18): 0.001
(9,0): 0.001
