(11,8): 0.029
(12,8): 0.018
(10,16): 0.006
(10,8): 0.071
(9,8): 0.047
(8,0): 0.014
(11,12): 0.003
(10,6): 0.063
(10,19): 0.004
(12,6): 0.049
(4,4): 0.008
(16,13): 0.001
(6,5): 0.008
(6,4): 0.009
(10,1): 0.008
(11,9): 0.009
(9,10): 0.005
(10,14): 0.002
(13,6): 0.005
(11,15): 0.007
(4,6): 0.016
(9,4): 0.009
(11,10): 0.005
(12,4): 0.005
(13,12): 0.005
(10,3): 0.004
(13,3): 0.003
(10,9): 0.013
(7,7): 0.025
(12,11): 0.002
(8,19): 0.002
(10,0): 0.006
(9,1): 0.001
(4,3): 0.002
(9,6): 0.008
(6,2): 0.007
(10,4): 0.009
(8,6): 0.046
(7,1): 0.008
(18,16): 0.004
(11,0): 0.003
(4,2): 0.001
(4,5): 0.003
(11,6): 0.01
(10,7): 0.006
(18,4): 0.003
(11,4): 0.015
(12,5): 0.003
(11,11): 0.005
(6,1): 0.006
(17,13): 0.004
(9,14): 0.002
(12,10): 0.003
(13,10): 0.007
(10,15): 0.001
(9,3): 0.005
(17,4): 0.009
(3,9): 0.015
(12,7): 0.007
(15,6): 0.005
(1,5): 0.003
(9,7): 0.009
(7,4): 0.002
(5,7): 0.008
(8,4): 0.004
(10,10): 0.017
(11,14): 0.003
(3,3): 0.004
(10,18): 0.006
(4,1): 0.002
(3,4): 0.004
(9,18): 0.003
(13,1): 0.002
(14,13): 0.008
(16,6): 0.004
(5,4): 0.009
(9,9): 0.007
(12,13): 0.002
(8,9): 0.007
(8,8): 0.006
(6,6): 0.005
(11,5): 0.003
(17,9): 0.003
(6,7): 0.004
(3,5): 0.012
(13,0): 0.004
(9,12): 0.003
(17,5): 0.001
(10,17): 0.001
(19,14): 0.001
(9,5): 0.005
(7,9): 0.004
(18,14): 0.006
(16,14): 0.003
(15,14): 0.003
(12,1): 0.002
(4,7): 0.002
(5,6): 0.004
(14,6): 0.01
(18,7): 0.001
(8,11): 0.001
(8,12): 0.003
(14,3): 0.001
(8,10): 0.004
(14,2): 0.004
(5,1): 0.005
(10,5): 0.007
(9,13): 0.002
(16,16): 0.002
(11,18): 0.002
(8,18): 0.002
(14,9): 0.002
(12,9): 0.003
(19,7): 0.003
(19,9): 0.002
(5,3): 0.001
(8,1): 0.001
(7,6): 0.009
(8,2): 0.003
(11,1): 0.001
(13,7): 0.005
(16,1): 0.004
(14,5): 0.002
(9,17): 0.007
(18,15): 0.001
(6,3): 0.004
(13,4): 0.002
(11,2): 0.002
(4,9): 0.001
(13,8): 0.001
(18,9): 0.004
(18,10): 0.001
(12,19): 0.004
(2,5): 0.001
(8,7): 0.007
(8,14): 0.003
(3,7): 0.003
(7,3): 0.003
(5,2): 0.001
(2,7): 0.001
(8,5): 0.001
(7,12): 0.003
(17,15): 0.002
(7,8): 0.001
(2,3): 0.002
(17,16): 0.001
(12,2): 0.001
(3,6): 0.002
(18,12): 0.003
(12,3): 0.001
(15,9): 0.001
(7,13): 0.001
(9,2): 0.003
(16,3): 0.001
(14,10): 0.001
(13,11): 0.001
(13,5): 0.002
(17,14): 0.001
(12,12): 0.001
(7,14): 0.001
(17,3): 0.001
(16,8): 0.001
(18,13): 0.001
(7,2): 0.001
(15,10): 0.002
(16,9): 0.002
(11,3): 0.001
