(10,8): 0.071
(11,0): 0.002
(11,6): 0.025
(10,1): 0.009
(13,12): 0.007
(7,7): 0.035
(9,7): 0.017
(11,10): 0.01
(14,17): 0.004
(7,6): 0.013
(16,14): 0.003
(8,0): 0.018
(17,4): 0.002
(8,7): 0.015
(10,7): 0.02
(10,14): 0.003
(10,4): 0.009
(3,3): 0.01
(8,6): 0.04
(11,4): 0.014
(4,5): 0.007
(11,12): 0.004
(14,18): 0.003
(3,9): 0.01
(10,10): 0.003
(9,8): 0.041
(6,3): 0.004
(11,7): 0.006
(10,18): 0.007
(4,6): 0.011
(11,8): 0.029
(17,13): 0.002
(9,6): 0.012
(10,6): 0.063
(3,5): 0.007
(7,4): 0.002
(14,7): 0.002
(5,4): 0.018
(2,6): 0.001
(6,4): 0.006
(12,19): 0.006
(16,1): 0.007
(12,6): 0.042
(7,9): 0.004
(8,1): 0.005
(12,4): 0.004
(13,4): 0.001
(14,6): 0.01
(11,14): 0.007
(16,5): 0.002
(10,9): 0.016
(8,8): 0.008
(11,9): 0.008
(9,2): 0.004
(7,1): 0.007
(18,14): 0.009
(10,0): 0.01
(6,2): 0.012
(11,18): 0.002
(12,5): 0.007
(9,9): 0.014
(9,5): 0.003
(5,3): 0.003
(10,5): 0.015
(4,4): 0.009
(8,4): 0.001
(9,17): 0.002
(5,7): 0.011
(13,6): 0.004
(6,1): 0.006
(15,9): 0.004
(13,2): 0.001
(9,10): 0.003
(6,7): 0.006
(13,5): 0.005
(3,8): 0.002
(9,4): 0.009
(9,3): 0.007
(13,7): 0.006
(4,7): 0.006
(8,3): 0.001
(2,5): 0.007
(8,12): 0.001
(12,9): 0.004
(8,18): 0.007
(18,15): 0.001
(12,7): 0.011
(12,1): 0.002
(6,6): 0.002
(14,2): 0.002
(13,10): 0.009
(4,2): 0.001
(5,2): 0.002
(12,11): 0.003
(4,9): 0.001
(8,5): 0.003
(12,8): 0.007
(11,5): 0.004
(5,1): 0.006
(6,5): 0.004
(10,16): 0.005
(13,0): 0.001
(17,3): 0.001
(3,4): 0.001
(17,16): 0.001
(12,15): 0.001
(4,3): 0.002
(7,14): 0.001
(8,10): 0.004
(8,9): 0.003
(9,12): 0.003
(2,4): 0.001
(10,19): 0.001
(9,13): 0.002
(15,14): 0.001
(11,3): 0.002
(11,2): 0.001
(5,5): 0.001
(4,1): 0.003
(11,15): 0.004
(18,10): 0.001
(15,10): 0.001
(16,9): 0.001
(10,17): 0.002
(7,12): 0.003
(7,5): 0.002
(7,8): 0.001
(3,6): 0.005
(7,3): 0.001
(15,6): 0.001
(18,16): 0.001
(8,14): 0.001
(13,11): 0.001
(11,11): 0.001
(10,11): 0.001
(18,4): 0.002
(12,12): 0.002
(17,9): 0.001
(8,13): 0.001
(12,10): 0.001
