(8,6): 0.039
(10,1): 0.012
(6,7): 0.011
(11,6): 0.014
(4,4): 0.005
(8,7): 0.019
(3,9): 0.003
(14,13): 0.002
(10,8): 0.13
(6,1): 0.007
(10,6): 0.06
(10,0): 0.011
(15,9): 0.001
(12,6): 0.038
(4,6): 0.017
(12,10): 0.005
(8,0): 0.014
(9,9): 0.01
(12,4): 0.001
(11,4): 0.017
(10,9): 0.006
(11,9): 0.008
(17,4): 0.007
(10,18): 0.003
(3,3): 0.002
(9,5): 0.012
(9,4): 0.013
(10,7): 0.015
(16,8): 0.001
(11,8): 0.035
(6,3): 0.006
(9,18): 0.002
(14,1): 0.001
(12,16): 0.003
(12,7): 0.007
(8,8): 0.014
(3,5): 0.013
(9,8): 0.051
(12,8): 0.013
(19,15): 0.001
(13,7): 0.005
(7,7): 0.03
(8,1): 0.003
(13,12): 0.002
(11,12): 0.002
(3,6): 0.003
(7,6): 0.013
(17,10): 0.001
(11,15): 0.007
(7,1): 0.001
(9,7): 0.022
(8,14): 0.002
(10,3): 0.003
(12,12): 0.002
(9,6): 0.016
(13,4): 0.004
(18,14): 0.008
(2,6): 0.001
(11,7): 0.002
(6,4): 0.001
(7,9): 0.008
(14,6): 0.008
(2,5): 0.007
(16,4): 0.002
(6,5): 0.003
(14,18): 0.001
(12,11): 0.002
(18,4): 0.005
(8,4): 0.001
(7,12): 0.008
(15,7): 0.001
(6,6): 0.002
(13,6): 0.002
(11,10): 0.005
(12,5): 0.001
(8,2): 0.006
(10,10): 0.01
(9,14): 0.003
(16,6): 0.002
(4,5): 0.004
(11,1): 0.001
(9,2): 0.002
(9,3): 0.011
(9,11): 0.001
(8,10): 0.005
(12,1): 0.002
(3,8): 0.001
(12,9): 0.001
(10,11): 0.003
(14,5): 0.002
(10,4): 0.004
(13,10): 0.004
(18,10): 0.001
(19,9): 0.002
(5,4): 0.009
(7,2): 0.001
(8,12): 0.001
(14,9): 0.003
(11,14): 0.004
(5,7): 0.006
(2,3): 0.001
(9,17): 0.003
(8,18): 0.006
(7,5): 0.002
(13,15): 0.001
(8,9): 0.005
(9,13): 0.001
(15,11): 0.001
(10,16): 0.003
(5,3): 0.003
(14,15): 0.001
(18,16): 0.003
(10,17): 0.001
(13,9): 0.002
(7,4): 0.001
(15,14): 0.002
(7,8): 0.001
(11,5): 0.004
(14,7): 0.002
(10,5): 0.005
(16,14): 0.004
(4,7): 0.005
(10,13): 0.001
(9,10): 0.002
(15,6): 0.001
(16,7): 0.001
(9,19): 0.001
(6,2): 0.003
(16,1): 0.001
(13,3): 0.004
(9,12): 0.001
(13,0): 0.001
(7,18): 0.002
(17,3): 0.002
(5,2): 0.001
(7,3): 0.001
(13,5): 0.001
(11,2): 0.001
(17,13): 0.003
(19,14): 0.001
(14,2): 0.001
(8,5): 0.001
(11,3): 0.002
(11,11): 0.001
(17,11): 0.001
(5,5): 0.001
(18,9): 0.001
(8,13): 0.001
(14,3): 0.001
(3,7): 0.001
(19,10): 0.001
(7,13): 0.001
