(4,4): 0.082
(6,3): 0.044
(2,3): 0.033
(5,3): 0.093
(1,2): 0.018
(8,2): 0.017
(7,1): 0.003
(3,3): 0.055
(5,2): 0.036
(5,4): 0.112
(6,8): 0.003
(5,9): 0.029
(2,2): 0.025
(5,7): 0.013
(3,1): 0.009
(6,4): 0.025
(5,1): 0.013
(4,3): 0.065
(7,7): 0.007
(4,0): 0.019
(4,8): 0.01
(8,0): 0.006
(9,7): 0.011
(5,5): 0.014
(1,4): 0.011
(4,9): 0.011
(4,2): 0.03
(4,1): 0.014
(2,1): 0.006
(8,3): 0.005
(5,8): 0.011
(3,0): 0.007
(5,0): 0.016
(6,6): 0.009
(8,4): 0.003
(9,8): 0.001
(6,2): 0.016
(7,2): 0.002
(1,1): 0.001
(7,5): 0.004
(9,6): 0.001
(7,3): 0.012
(6,0): 0.005
(7,0): 0.002
(6,5): 0.012
(8,1): 0.004
(3,7): 0.003
(5,6): 0.007
(2,4): 0.002
(3,2): 0.01
(3,6): 0.003
(4,5): 0.011
(9,3): 0.001
(8,7): 0.004
(3,4): 0.006
(0,2): 0.002
(0,3): 0.002
(9,4): 0.001
(4,6): 0.003
(6,1): 0.005
(7,4): 0.003
(8,8): 0.001
(4,7): 0.002
(1,3): 0.001
(2,0): 0.003
(6,7): 0.001
(6,9): 0.003
(10,4): 0.001
