(4,3): 0.089
(4,1): 0.018
(4,4): 0.077
(2,3): 0.032
(1,2): 0.022
(5,4): 0.143
(8,2): 0.015
(2,0): 0.002
(5,5): 0.029
(5,3): 0.087
(4,6): 0.006
(4,9): 0.022
(4,2): 0.022
(5,8): 0.012
(3,2): 0.008
(6,3): 0.046
(9,4): 0.003
(6,9): 0.002
(3,3): 0.059
(8,3): 0.004
(8,0): 0.002
(5,0): 0.012
(8,1): 0.003
(2,2): 0.021
(5,2): 0.013
(6,2): 0.009
(6,4): 0.018
(7,6): 0.002
(3,4): 0.003
(4,0): 0.026
(7,2): 0.003
(5,1): 0.01
(5,9): 0.021
(6,6): 0.007
(6,8): 0.003
(2,1): 0.008
(9,8): 0.008
(6,5): 0.009
(8,7): 0.01
(3,0): 0.018
(3,7): 0.002
(6,0): 0.007
(4,8): 0.003
(7,3): 0.015
(4,5): 0.007
(5,6): 0.004
(7,1): 0.001
(4,7): 0.003
(3,6): 0.006
(1,4): 0.004
(3,1): 0.008
(5,7): 0.01
(1,1): 0.002
(1,3): 0.006
(9,7): 0.003
(10,4): 0.002
(6,1): 0.002
(8,6): 0.003
(9,2): 0.001
(7,8): 0.001
(6,7): 0.001
(9,5): 0.001
(7,9): 0.001
(7,7): 0.001
(9,3): 0.001
(9,6): 0.001
