(8,6): 0.052
(10,0): 0.009
(10,8): 0.081
(4,4): 0.009
(9,5): 0.007
(11,8): 0.023
(7,7): 0.038
(6,3): 0.003
(16,1): 0.007
(7,4): 0.005
(9,3): 0.006
(7,1): 0.006
(9,13): 0.005
(7,6): 0.009
(10,5): 0.01
(8,18): 0.011
(5,7): 0.012
(10,6): 0.042
(8,7): 0.012
(10,7): 0.024
(2,5): 0.005
(10,18): 0.01
(11,9): 0.008
(12,13): 0.004
(4,6): 0.018
(9,10): 0.002
(5,4): 0.012
(11,6): 0.005
(6,4): 0.003
(11,10): 0.008
(6,5): 0.005
(9,8): 0.055
(18,16): 0.006
(9,7): 0.018
(8,8): 0.014
(12,6): 0.052
(13,7): 0.005
(9,4): 0.008
(3,4): 0.004
(3,9): 0.009
(18,12): 0.004
(10,4): 0.009
(12,10): 0.002
(14,6): 0.013
(13,6): 0.004
(4,5): 0.005
(14,13): 0.002
(10,1): 0.006
(3,5): 0.015
(16,16): 0.002
(11,4): 0.006
(8,10): 0.005
(5,3): 0.001
(12,11): 0.007
(3,6): 0.003
(12,19): 0.006
(10,10): 0.008
(6,2): 0.006
(6,1): 0.003
(12,8): 0.005
(8,4): 0.005
(8,2): 0.003
(12,1): 0.008
(11,14): 0.002
(4,7): 0.009
(9,2): 0.004
(10,9): 0.015
(9,9): 0.004
(7,14): 0.001
(10,16): 0.004
(10,19): 0.008
(11,12): 0.004
(17,13): 0.003
(15,6): 0.006
(10,2): 0.001
(9,6): 0.002
(7,5): 0.005
(16,2): 0.003
(7,12): 0.004
(8,0): 0.016
(12,5): 0.005
(8,19): 0.004
(8,1): 0.002
(12,3): 0.006
(6,6): 0.004
(13,3): 0.003
(8,9): 0.004
(13,10): 0.005
(20,9): 0.003
(13,4): 0.002
(5,8): 0.002
(8,14): 0.006
(13,0): 0.002
(13,11): 0.003
(15,9): 0.003
(18,4): 0.001
(17,4): 0.012
(13,12): 0.005
(10,14): 0.003
(5,1): 0.003
(6,7): 0.01
(18,14): 0.003
(11,11): 0.002
(12,12): 0.003
(13,9): 0.004
(7,9): 0.001
(12,16): 0.001
(11,7): 0.003
(14,7): 0.002
(2,6): 0.001
(12,4): 0.004
(14,1): 0.002
(9,14): 0.002
(9,1): 0.002
(15,10): 0.001
(16,5): 0.001
(15,7): 0.001
(10,3): 0.001
(12,0): 0.001
(9,12): 0.001
(11,18): 0.001
(3,3): 0.005
(12,9): 0.001
(13,8): 0.001
(9,17): 0.002
(18,15): 0.001
(13,14): 0.001
(12,7): 0.001
(10,11): 0.001
(9,11): 0.001
(5,6): 0.001
(1,5): 0.001
(11,5): 0.002
(18,7): 0.002
(11,15): 0.003
(18,10): 0.002
(10,12): 0.002
(5,2): 0.001
(8,5): 0.001
(16,7): 0.001
(14,5): 0.001
(16,4): 0.001
(8,13): 0.002
