(0,6): 0.002
(9,14): 0.001
(10,8): 0.115
(6,2): 0.008
(18,14): 0.003
(8,6): 0.037
(8,7): 0.016
(12,8): 0.012
(8,9): 0.006
(14,9): 0.003
(12,6): 0.035
(11,10): 0.009
(7,7): 0.038
(10,6): 0.069
(9,5): 0.004
(7,1): 0.005
(3,5): 0.016
(8,10): 0.004
(10,10): 0.011
(11,14): 0.004
(8,18): 0.006
(18,4): 0.004
(4,6): 0.016
(11,8): 0.025
(10,9): 0.009
(16,12): 0.001
(10,18): 0.017
(9,8): 0.059
(9,7): 0.02
(4,7): 0.004
(13,10): 0.006
(7,6): 0.006
(17,3): 0.003
(11,3): 0.003
(10,7): 0.009
(7,14): 0.001
(10,1): 0.006
(10,5): 0.014
(11,6): 0.011
(16,1): 0.004
(12,13): 0.004
(8,0): 0.017
(14,6): 0.007
(11,9): 0.009
(9,4): 0.006
(12,1): 0.005
(3,6): 0.004
(18,10): 0.001
(19,10): 0.002
(9,9): 0.009
(12,9): 0.002
(9,3): 0.005
(4,5): 0.004
(6,7): 0.005
(5,3): 0.003
(12,19): 0.003
(4,4): 0.012
(10,0): 0.008
(8,5): 0.002
(9,6): 0.019
(10,16): 0.007
(5,4): 0.009
(8,8): 0.015
(3,9): 0.003
(9,10): 0.005
(18,9): 0.001
(16,6): 0.003
(10,4): 0.008
(6,1): 0.009
(0,12): 0.003
(17,15): 0.004
(12,7): 0.006
(19,15): 0.001
(15,6): 0.002
(10,14): 0.006
(8,3): 0.001
(5,6): 0.001
(6,5): 0.002
(12,12): 0.001
(12,5): 0.003
(17,4): 0.007
(5,7): 0.009
(5,1): 0.004
(12,11): 0.004
(11,4): 0.009
(14,2): 0.001
(6,6): 0.001
(8,19): 0.001
(16,14): 0.001
(13,12): 0.001
(5,5): 0.002
(9,2): 0.003
(10,3): 0.003
(7,8): 0.003
(7,4): 0.001
(11,7): 0.002
(10,12): 0.002
(12,10): 0.006
(11,15): 0.004
(6,4): 0.003
(9,17): 0.001
(15,9): 0.002
(13,7): 0.01
(3,4): 0.001
(13,11): 0.001
(13,0): 0.002
(8,2): 0.005
(2,6): 0.003
(12,4): 0.004
(11,18): 0.001
(7,12): 0.001
(18,16): 0.003
(8,4): 0.003
(9,12): 0.001
(12,16): 0.001
(10,13): 0.002
(2,5): 0.004
(11,12): 0.001
(10,17): 0.001
(6,3): 0.001
(13,6): 0.002
(9,0): 0.001
(16,9): 0.001
(12,3): 0.001
(13,5): 0.003
(8,12): 0.001
(3,3): 0.001
(18,7): 0.001
(1,4): 0.001
(15,14): 0.002
(17,13): 0.001
(12,15): 0.001
(7,3): 0.002
(7,19): 0.001
(11,2): 0.001
(9,18): 0.001
(16,13): 0.001
(2,3): 0.002
(9,13): 0.001
(7,2): 0.001
(14,13): 0.001
(8,13): 0.001
(11,5): 0.001
(3,7): 0.001
(11,0): 0.001
(11,11): 0.001
(8,11): 0.003
(8,1): 0.002
(7,9): 0.002
(4,9): 0.002
(19,9): 0.001
(19,14): 0.001
(15,10): 0.001
(16,7): 0.002
