(12,15): 0.003
(18,18): 0.017
(21,24): 0.002
(23,34): 0.005
(25,21): 0.007
(30,18): 0.002
(31,29): 0.002
(28,20): 0.003
(28,14): 0.004
(16,12): 0.005
(9,23): 0.006
(26,19): 0.008
(22,15): 0.033
(22,22): 0.001
(17,17): 0.022
(27,16): 0.002
(12,11): 0.025
(25,15): 0.07
(14,17): 0.006
(11,18): 0.003
(26,22): 0.057
(40,41): 0.001
(27,2): 0.002
(26,15): 0.006
(23,13): 0.004
(23,12): 0.01
(26,21): 0.03
(20,6): 0.004
(24,35): 0.008
(30,16): 0.047
(24,21): 0.039
(22,20): 0.001
(16,8): 0.003
(5,12): 0.005
(22,19): 0.003
(27,24): 0.002
(27,14): 0.002
(26,20): 0.017
(12,13): 0.004
(28,15): 0.012
(38,16): 0.001
(21,20): 0.006
(40,4): 0.004
(27,12): 0.011
(22,0): 0.015
(23,20): 0.018
(21,49): 0.002
(27,41): 0.007
(33,18): 0.003
(24,17): 0.002
(25,22): 0.015
(22,18): 0.014
(10,10): 0.01
(32,29): 0.002
(26,23): 0.023
(27,19): 0.018
(20,13): 0.006
(19,18): 0.002
(18,17): 0.003
(22,12): 0.002
(20,19): 0.022
(7,14): 0.001
(28,22): 0.006
(20,47): 0.002
(17,19): 0.003
(27,39): 0.018
(35,17): 0.014
(30,19): 0.005
(18,19): 0.03
(26,14): 0.003
(27,20): 0.007
(25,14): 0.002
(25,18): 0.005
(26,25): 0.005
(22,17): 0.005
(11,14): 0.002
(38,25): 0.002
(27,0): 0.001
(22,31): 0.004
(9,10): 0.004
(21,0): 0.011
(15,13): 0.001
(27,4): 0.002
(20,16): 0.01
(21,19): 0.006
(31,10): 0.001
(19,32): 0.002
(19,23): 0.002
(36,34): 0.003
(31,13): 0.007
(15,6): 0.003
(37,16): 0.005
(32,25): 0.009
(29,23): 0.003
(34,31): 0.001
(25,45): 0.005
(28,27): 0.001
(32,27): 0.001
(24,16): 0.002
(22,14): 0.003
(15,17): 0.001
(24,22): 0.008
(11,16): 0.01
(46,36): 0.002
(35,15): 0.002
(27,18): 0.002
(28,25): 0.007
(23,9): 0.001
(27,22): 0.008
(35,43): 0.001
(21,47): 0.001
(26,10): 0.003
(12,18): 0.001
(36,15): 0.003
(36,18): 0.004
(31,12): 0.002
(31,19): 0.002
(11,12): 0.002
(32,0): 0.002
(27,10): 0.003
(37,37): 0.003
(31,20): 0.002
(10,14): 0.001
(29,15): 0.001
(29,17): 0.003
(23,21): 0.001
(10,19): 0.003
(37,23): 0.001
(22,16): 0.001
(21,9): 0.001
(28,30): 0.002
(29,20): 0.001
(20,27): 0.003
(17,13): 0.001
(39,35): 0.001
(10,17): 0.002
(27,25): 0.001
(26,26): 0.003
(22,23): 0.002
(25,19): 0.003
(34,26): 0.001
(23,16): 0.001
(45,11): 0.001
(27,7): 0.004
(23,8): 0.001
(23,19): 0.001
(27,28): 0.001
(29,11): 0.001
(32,2): 0.001
(32,21): 0.002
(23,7): 0.001
(40,15): 0.001
(30,13): 0.001
(31,11): 0.001
(31,24): 0.001
(13,9): 0.001
(34,18): 0.002
(8,15): 0.001
(28,12): 0.001
(16,18): 0.001
(45,10): 0.001
(33,25): 0.001
(25,36): 0.001
(20,18): 0.001
(23,44): 0.001
(23,5): 0.001
(16,13): 0.001
(28,36): 0.001
