(20,16): 0.009
(34,31): 0.004
(26,20): 0.014
(26,15): 0.028
(27,39): 0.02
(26,22): 0.056
(18,19): 0.02
(28,14): 0.005
(17,17): 0.028
(19,19): 0.001
(28,25): 0.005
(22,22): 0.001
(26,21): 0.03
(22,17): 0.007
(12,11): 0.02
(14,17): 0.006
(27,19): 0.016
(23,20): 0.022
(30,21): 0.003
(23,6): 0.001
(27,1): 0.002
(22,20): 0.003
(36,34): 0.002
(27,15): 0.003
(30,16): 0.041
(25,15): 0.065
(20,6): 0.003
(24,35): 0.007
(24,22): 0.009
(22,15): 0.037
(25,14): 0.002
(10,10): 0.009
(28,22): 0.016
(5,12): 0.002
(22,19): 0.003
(17,19): 0.002
(25,18): 0.008
(11,13): 0.001
(24,21): 0.037
(20,19): 0.01
(40,4): 0.003
(18,18): 0.006
(21,0): 0.019
(24,18): 0.002
(20,47): 0.004
(21,49): 0.001
(27,0): 0.003
(21,20): 0.015
(11,16): 0.003
(25,22): 0.014
(19,16): 0.004
(27,22): 0.009
(24,17): 0.005
(20,13): 0.004
(23,14): 0.004
(19,18): 0.003
(18,17): 0.005
(24,14): 0.008
(28,15): 0.006
(7,14): 0.004
(27,10): 0.003
(16,8): 0.007
(27,2): 0.002
(16,1): 0.001
(35,17): 0.02
(32,25): 0.01
(32,18): 0.001
(26,14): 0.005
(30,19): 0.003
(9,9): 0.002
(19,21): 0.002
(16,12): 0.005
(23,16): 0.003
(27,21): 0.016
(30,34): 0.001
(26,23): 0.009
(15,6): 0.004
(27,20): 0.014
(40,15): 0.002
(19,32): 0.003
(25,45): 0.004
(45,11): 0.004
(22,18): 0.01
(9,23): 0.003
(30,24): 0.001
(25,21): 0.004
(9,21): 0.002
(31,19): 0.003
(20,18): 0.002
(27,12): 0.007
(21,19): 0.006
(23,15): 0.004
(15,17): 0.001
(20,15): 0.002
(37,16): 0.002
(46,36): 0.002
(16,18): 0.005
(13,10): 0.001
(30,22): 0.002
(42,36): 0.001
(16,19): 0.004
(8,15): 0.001
(32,30): 0.002
(31,18): 0.002
(16,13): 0.003
(35,8): 0.002
(31,13): 0.003
(35,43): 0.001
(26,10): 0.002
(15,19): 0.001
(31,24): 0.001
(35,19): 0.001
(27,18): 0.001
(31,12): 0.001
(21,9): 0.001
(30,17): 0.002
(32,26): 0.001
(14,19): 0.001
(18,22): 0.005
(32,0): 0.001
(37,37): 0.003
(7,15): 0.001
(10,14): 0.001
(29,15): 0.002
(36,18): 0.003
(12,18): 0.002
(27,41): 0.001
(23,19): 0.003
(28,41): 0.001
(18,32): 0.001
(24,42): 0.001
(29,23): 0.002
(34,11): 0.001
(22,0): 0.006
(28,21): 0.002
(26,19): 0.002
(19,9): 0.001
(23,12): 0.002
(23,24): 0.002
(23,44): 0.001
(27,11): 0.002
(30,15): 0.001
(22,16): 0.002
(27,25): 0.001
(28,37): 0.003
(27,4): 0.003
(45,30): 0.001
(35,23): 0.001
(43,12): 0.002
(30,18): 0.001
(31,10): 0.001
(22,23): 0.001
(25,19): 0.002
(27,3): 0.001
(26,13): 0.001
(24,16): 0.002
(23,21): 0.001
(23,18): 0.002
(23,23): 0.001
(33,18): 0.002
(21,16): 0.002
(3,14): 0.002
(23,34): 0.001
(45,40): 0.001
(35,24): 0.001
(32,20): 0.001
(23,10): 0.001
(36,9): 0.001
(18,24): 0.003
(17,3): 0.001
(37,45): 0.003
(23,7): 0.001
(20,27): 0.001
(13,15): 0.001
(22,12): 0.001
(49,17): 0.001
(33,20): 0.001
(13,9): 0.001
(31,11): 0.001
(32,17): 0.001
(10,18): 0.001
(20,20): 0.001
(29,10): 0.001
(10,19): 0.001
(25,16): 0.001
(29,17): 0.001
(26,25): 0.001
(19,23): 0.001
(33,15): 0.001
(41,20): 0.001
