(26,19): 198
(27,19): 248
(27,20): 158
(25,15): 2466
(21,35): 144
(22,18): 438
(22,16): 96
(11,18): 100
(10,19): 252
(23,19): 92
(18,18): 192
(28,23): 40
(21,24): 78
(25,21): 236
(27,21): 518
(26,22): 2802
(24,21): 1038
(27,24): 44
(25,45): 162
(28,15): 196
(22,15): 1196
(21,0): 176
(19,16): 44
(23,47): 8
(20,19): 584
(26,21): 1240
(26,15): 480
(22,14): 72
(12,11): 170
(15,6): 348
(23,20): 628
(18,19): 574
(17,17): 244
(28,21): 16
(16,18): 244
(18,17): 136
(16,19): 38
(26,20): 384
(28,22): 610
(9,12): 30
(18,23): 12
(20,24): 2
(18,22): 16
(20,15): 76
(20,12): 76
(30,16): 1136
(45,40): 86
(23,16): 42
(27,12): 216
(7,14): 110
(7,15): 108
(16,13): 94
(11,11): 70
(24,16): 116
(34,27): 4
(32,28): 14
(27,41): 110
(42,18): 2
(23,18): 184
(24,18): 128
(21,16): 58
(25,14): 322
(24,22): 346
(20,16): 290
(27,9): 28
(26,9): 6
(34,11): 10
(18,24): 18
(13,3): 10
(14,17): 188
(21,20): 184
(10,10): 64
(25,18): 180
(8,9): 18
(21,19): 74
(28,25): 138
(16,12): 154
(17,3): 208
(22,19): 60
(22,17): 154
(15,7): 10
(26,25): 194
(27,15): 66
(22,20): 146
(23,21): 210
(5,12): 22
(26,26): 28
(15,10): 16
(33,8): 16
(46,36): 54
(32,18): 218
(32,20): 68
(36,34): 26
(32,25): 218
(23,15): 142
(28,30): 94
(29,13): 2
(25,19): 92
(21,18): 64
(31,9): 12
(25,44): 44
(25,13): 8
(42,34): 58
(41,35): 2
(30,21): 246
(31,20): 96
(26,14): 96
(30,20): 12
(31,6): 2
(30,24): 30
(26,29): 6
(11,16): 210
(10,16): 6
(25,26): 58
(23,22): 22
(25,27): 10
(31,13): 4
(18,11): 6
(24,24): 8
(19,21): 4
(29,36): 68
(27,39): 316
(23,44): 42
(22,23): 22
(24,23): 62
(31,19): 12
(17,18): 6
(23,10): 80
(39,17): 2
(29,16): 10
(35,17): 350
(34,13): 8
(27,2): 204
(27,0): 16
(23,12): 84
(36,7): 18
(27,7): 50
(24,14): 70
(27,3): 2
(30,17): 106
(16,26): 34
(34,17): 2
(17,15): 16
(12,12): 6
(22,12): 22
(27,22): 198
(28,27): 8
(22,0): 108
(39,35): 70
(13,13): 22
(21,15): 72
(23,17): 110
(24,17): 58
(23,13): 20
(27,14): 14
(35,23): 134
(42,23): 8
(42,24): 30
(43,12): 52
(27,11): 4
(27,17): 22
(28,2): 2
(30,23): 94
(31,29): 64
(26,23): 98
(31,8): 10
(23,33): 116
(38,16): 4
(40,8): 2
(24,19): 12
(27,10): 342
(15,16): 10
(34,25): 4
(22,22): 76
(25,16): 46
(14,12): 6
(21,47): 48
(24,42): 12
(32,16): 20
(19,20): 118
(34,31): 24
(9,23): 44
(24,13): 16
(15,12): 24
(21,23): 10
(22,9): 38
(26,10): 30
(30,34): 42
(26,24): 8
(23,5): 4
(28,16): 16
(20,27): 26
(28,37): 26
(20,1): 2
(21,1): 2
(20,2): 2
(11,8): 10
(16,8): 64
(12,16): 18
(27,4): 76
(33,16): 10
(21,32): 52
(25,11): 10
(8,13): 38
(25,12): 4
(12,20): 18
(20,20): 12
(24,15): 26
(23,8): 8
(22,33): 4
(23,26): 14
(46,23): 4
(19,4): 4
(28,18): 2
(26,13): 18
(12,15): 36
(31,10): 82
(27,28): 8
(15,17): 10
(19,19): 26
(24,20): 70
(8,15): 2
(26,41): 4
(28,29): 8
(20,36): 12
(7,17): 4
(23,28): 8
(31,25): 2
(25,23): 2
(28,24): 46
(19,10): 2
(24,7): 34
(28,7): 2
(22,13): 6
(30,49): 34
(31,24): 4
(26,27): 8
(30,15): 38
(26,18): 20
(14,18): 6
(16,15): 6
(45,11): 28
(33,23): 10
(27,23): 20
(27,18): 6
(29,23): 18
(18,15): 30
(21,13): 14
(22,45): 16
(11,12): 8
(24,35): 6
(20,32): 30
(37,17): 2
(25,22): 64
(22,4): 2
(21,9): 20
(24,9): 10
(40,4): 44
(43,10): 14
(33,29): 12
(32,29): 10
(9,18): 10
(33,18): 6
(43,24): 2
(22,31): 2
(30,19): 8
(33,31): 2
(27,13): 10
(26,3): 26
(30,18): 10
(11,14): 8
(29,17): 8
(16,1): 8
(19,18): 2
(27,25): 6
(32,0): 20
(23,25): 18
(21,14): 6
(25,20): 16
(18,3): 8
(45,38): 2
(29,39): 4
(20,47): 18
(43,28): 24
(45,25): 2
(14,3): 2
(6,8): 4
(12,13): 8
(23,24): 24
(34,10): 4
(27,16): 2
(20,30): 30
(31,16): 2
(29,22): 2
(42,36): 2
(33,25): 2
(14,20): 4
(21,2): 18
(22,21): 36
(19,32): 4
(10,12): 4
(18,9): 6
(8,18): 4
(13,18): 18
(17,22): 10
(18,16): 10
(29,19): 8
(23,11): 14
(40,15): 6
(33,15): 10
(22,6): 2
(19,23): 10
(16,16): 2
(27,30): 4
(32,17): 8
(13,20): 6
(32,30): 6
(30,32): 14
(17,2): 10
(10,18): 8
(33,14): 36
(36,15): 6
(17,27): 2
(29,20): 6
(13,19): 8
(19,15): 2
(27,36): 2
(24,46): 2
(44,24): 22
(36,6): 12
(28,26): 16
(27,42): 12
(18,0): 4
(23,9): 14
(34,12): 18
(35,12): 12
(35,2): 2
(26,17): 10
(12,4): 2
(37,10): 2
(30,40): 2
(23,27): 2
(23,14): 4
(25,47): 4
(35,43): 2
(9,21): 12
(17,20): 4
(32,4): 22
(19,14): 8
(20,17): 12
(33,17): 6
(23,36): 2
(3,14): 2
(26,12): 2
(41,24): 4
(28,20): 30
(29,24): 18
(35,6): 14
(23,6): 4
(17,19): 2
(34,26): 6
(18,32): 2
(35,13): 4
(18,7): 4
(23,23): 2
(25,2): 4
(9,10): 12
(47,35): 6
(11,10): 8
(35,19): 2
(30,13): 6
(11,9): 6
(35,15): 8
(48,23): 2
(25,35): 6
(20,11): 8
(20,31): 6
(25,42): 8
(32,15): 2
(25,36): 2
(20,26): 4
(20,5): 8
(18,5): 2
(36,21): 2
(37,37): 4
(27,29): 2
(15,19): 24
(28,17): 2
(42,15): 2
(33,19): 2
(37,16): 4
(28,9): 2
(29,7): 4
(44,39): 6
