(22,17): 0.022
(21,1): 0.011
(17,16): 0.01
(11,6): 0.003
(20,12): 0.053
(21,17): 0.061
(24,13): 0.015
(17,2): 0.002
(21,16): 0.014
(26,20): 0.01
(17,12): 0.027
(20,21): 0.005
(16,15): 0.018
(7,18): 0.013
(22,13): 0.004
(18,15): 0.003
(19,17): 0.033
(27,10): 0.007
(24,39): 0.008
(5,11): 0.002
(17,17): 0.002
(15,15): 0.034
(10,9): 0.012
(18,13): 0.006
(17,7): 0.003
(21,12): 0.008
(19,37): 0.002
(21,19): 0.007
(18,9): 0.006
(24,25): 0.002
(20,13): 0.005
(20,15): 0.004
(18,14): 0.009
(8,6): 0.001
(14,18): 0.003
(21,15): 0.012
(19,14): 0.002
(14,7): 0.003
(21,33): 0.01
(14,15): 0.014
(18,17): 0.004
(14,13): 0.004
(13,9): 0.008
(19,11): 0.004
(20,14): 0.008
(29,27): 0.008
(10,14): 0.003
(22,16): 0.006
(22,20): 0.006
(26,11): 0.003
(20,17): 0.003
(16,37): 0.006
(25,9): 0.001
(20,36): 0.011
(8,10): 0.001
(20,16): 0.003
(8,8): 0.011
(13,11): 0.009
(17,15): 0.004
(6,11): 0.009
(19,18): 0.006
(19,0): 0.003
(13,6): 0.002
(11,14): 0.001
(25,16): 0.003
(27,8): 0.002
(22,10): 0.002
(16,14): 0.002
(22,12): 0.008
(20,18): 0.008
(15,13): 0.008
(10,3): 0.004
(20,28): 0.002
(18,16): 0.015
(17,0): 0.007
(13,14): 0.001
(14,2): 0.004
(25,13): 0.009
(12,5): 0.005
(16,28): 0.004
(15,25): 0.006
(33,29): 0.001
(20,29): 0.003
(13,15): 0.004
(18,12): 0.005
(24,8): 0.005
(12,15): 0.003
(13,13): 0.001
(19,36): 0.003
(14,12): 0.001
(22,9): 0.005
(9,12): 0.002
(24,19): 0.001
(37,29): 0.01
(18,35): 0.002
(18,6): 0.001
(14,14): 0.007
(17,11): 0.003
(28,14): 0.003
(22,14): 0.004
(20,11): 0.004
(23,8): 0.002
(19,15): 0.003
(21,8): 0.003
(28,34): 0.001
(17,9): 0.001
(36,32): 0.009
(24,12): 0.006
(19,16): 0.005
(9,13): 0.001
(23,39): 0.003
(22,22): 0.001
(19,13): 0.004
(23,29): 0.004
(24,15): 0.007
(20,8): 0.002
(8,13): 0.007
(24,27): 0.001
(16,12): 0.008
(15,14): 0.001
(22,8): 0.005
(16,38): 0.001
(8,11): 0.001
(18,5): 0.005
(10,7): 0.003
(21,6): 0.002
(22,31): 0.005
(24,16): 0.004
(24,17): 0.004
(18,24): 0.001
(25,4): 0.002
(35,8): 0.003
(17,14): 0.001
(26,25): 0.002
(22,19): 0.005
(23,11): 0.002
(21,18): 0.001
(13,2): 0.002
(17,19): 0.002
(12,12): 0.001
(18,7): 0.002
(16,4): 0.005
(38,18): 0.001
(34,23): 0.003
(22,5): 0.002
(7,7): 0.001
(21,20): 0.005
(17,18): 0.002
(26,23): 0.001
(12,13): 0.002
(18,20): 0.003
(23,19): 0.001
(32,3): 0.003
(26,3): 0.001
(20,38): 0.001
(31,28): 0.003
(21,0): 0.004
(25,34): 0.002
(26,14): 0.002
(32,28): 0.001
(18,8): 0.002
(15,12): 0.005
(27,24): 0.001
(10,12): 0.002
(4,10): 0.003
(39,14): 0.001
(35,9): 0.001
(20,9): 0.001
(29,30): 0.001
(12,14): 0.004
(21,3): 0.005
(26,24): 0.002
(34,19): 0.002
(27,20): 0.001
(21,11): 0.001
(20,33): 0.004
(23,6): 0.002
(21,14): 0.002
(18,4): 0.001
(24,10): 0.001
(21,39): 0.001
(11,12): 0.001
(18,19): 0.001
(5,14): 0.001
(27,14): 0.001
(22,11): 0.001
(38,29): 0.001
(27,21): 0.002
(11,5): 0.001
(21,9): 0.001
(25,14): 0.002
(16,0): 0.001
(6,9): 0.001
(19,21): 0.001
(19,9): 0.001
(15,16): 0.001
(23,16): 0.001
(20,2): 0.001
(21,4): 0.002
(18,23): 0.001
(29,13): 0.001
(16,6): 0.001
(22,18): 0.001
(28,13): 0.001
(9,11): 0.001
(33,19): 0.001
(39,13): 0.002
(28,18): 0.002
(34,32): 0.001
(5,6): 0.001
(21,10): 0.001
(24,21): 0.001
(15,11): 0.001
(23,15): 0.001
(11,4): 0.002
(15,6): 0.001
(23,13): 0.001
(18,26): 0.001
