(10,9): 0.008
(37,21): 0.002
(22,9): 0.003
(22,14): 0.003
(23,9): 0.002
(37,29): 0.001
(19,13): 0.004
(12,10): 0.001
(22,20): 0.003
(16,16): 0.002
(21,17): 0.111
(13,14): 0.006
(21,3): 0.005
(19,21): 0.001
(18,14): 0.007
(24,16): 0.002
(38,18): 0.003
(20,17): 0.007
(22,8): 0.006
(24,17): 0.014
(22,12): 0.007
(23,23): 0.002
(20,15): 0.001
(19,17): 0.018
(17,12): 0.031
(28,13): 0.011
(23,18): 0.002
(16,15): 0.008
(17,16): 0.014
(22,6): 0.001
(27,30): 0.001
(19,37): 0.004
(21,16): 0.016
(23,15): 0.001
(22,17): 0.018
(21,15): 0.006
(12,5): 0.005
(9,12): 0.004
(15,14): 0.006
(18,19): 0.002
(16,12): 0.004
(19,11): 0.002
(21,33): 0.009
(20,12): 0.044
(21,8): 0.003
(27,24): 0.006
(21,20): 0.009
(24,15): 0.003
(22,24): 0.004
(24,14): 0.002
(23,17): 0.002
(17,3): 0.002
(19,9): 0.006
(18,16): 0.014
(24,8): 0.002
(20,2): 0.002
(25,23): 0.001
(15,16): 0.001
(18,13): 0.004
(22,19): 0.004
(14,18): 0.003
(14,15): 0.018
(13,2): 0.005
(21,1): 0.009
(20,23): 0.001
(39,14): 0.002
(33,29): 0.001
(15,25): 0.007
(22,37): 0.001
(21,4): 0.001
(21,19): 0.004
(19,18): 0.006
(20,11): 0.005
(21,21): 0.001
(19,10): 0.001
(24,13): 0.017
(25,16): 0.003
(13,11): 0.002
(26,20): 0.01
(13,9): 0.002
(18,12): 0.014
(21,9): 0.001
(30,13): 0.002
(26,19): 0.002
(14,13): 0.002
(14,2): 0.004
(17,0): 0.008
(16,7): 0.001
(9,11): 0.004
(20,36): 0.01
(34,19): 0.001
(16,24): 0.003
(5,6): 0.001
(26,16): 0.001
(9,13): 0.003
(16,37): 0.011
(18,35): 0.002
(20,14): 0.005
(6,11): 0.006
(9,8): 0.003
(14,7): 0.001
(22,18): 0.004
(17,11): 0.003
(8,13): 0.008
(19,14): 0.002
(15,19): 0.001
(22,31): 0.007
(33,19): 0.001
(24,2): 0.002
(6,7): 0.004
(15,15): 0.017
(17,15): 0.004
(13,8): 0.001
(35,9): 0.005
(24,19): 0.004
(20,34): 0.002
(25,2): 0.001
(19,15): 0.003
(17,37): 0.001
(21,11): 0.005
(6,10): 0.003
(29,10): 0.002
(18,9): 0.004
(11,6): 0.002
(24,21): 0.001
(20,38): 0.001
(19,16): 0.006
(18,20): 0.001
(26,25): 0.002
(13,15): 0.003
(22,1): 0.001
(22,13): 0.004
(6,12): 0.002
(28,5): 0.001
(22,16): 0.005
(34,28): 0.002
(21,12): 0.005
(36,32): 0.002
(18,10): 0.002
(16,29): 0.001
(17,19): 0.001
(8,8): 0.003
(20,28): 0.001
(22,11): 0.002
(25,9): 0.001
(31,13): 0.001
(34,9): 0.003
(17,9): 0.001
(15,11): 0.002
(10,2): 0.002
(23,12): 0.001
(33,28): 0.001
(18,4): 0.002
(16,13): 0.001
(7,4): 0.001
(25,13): 0.001
(17,1): 0.001
(23,13): 0.001
(23,16): 0.003
(14,26): 0.002
(34,8): 0.003
(12,12): 0.001
(16,28): 0.002
(23,20): 0.001
(36,16): 0.001
(13,6): 0.005
(5,12): 0.001
(9,9): 0.002
(24,39): 0.002
(30,17): 0.002
(17,14): 0.002
(32,3): 0.004
(29,9): 0.001
(21,6): 0.002
(31,28): 0.001
(35,19): 0.001
(15,9): 0.002
(19,12): 0.001
(27,13): 0.001
(26,18): 0.001
(17,13): 0.001
(11,10): 0.001
(26,14): 0.004
(19,6): 0.001
(34,29): 0.002
(7,18): 0.007
(26,2): 0.002
(23,29): 0.002
(13,3): 0.001
(26,24): 0.002
(11,15): 0.001
(4,10): 0.003
(26,12): 0.001
(25,20): 0.003
(18,21): 0.001
(26,15): 0.001
(24,12): 0.007
(14,14): 0.002
(29,5): 0.001
(38,21): 0.002
(8,10): 0.001
(26,11): 0.001
(34,27): 0.004
(27,14): 0.002
(29,36): 0.001
(23,8): 0.001
(28,18): 0.001
(12,13): 0.002
(13,17): 0.001
(15,12): 0.001
(23,24): 0.002
(7,14): 0.002
(15,5): 0.002
(21,2): 0.002
(20,29): 0.002
(26,6): 0.002
(11,4): 0.001
(26,0): 0.001
(25,19): 0.001
(24,3): 0.001
(24,10): 0.003
(11,14): 0.004
(31,23): 0.001
(24,9): 0.001
(17,20): 0.001
(18,11): 0.001
(36,12): 0.001
(29,34): 0.001
(24,27): 0.001
(9,10): 0.001
(18,7): 0.001
(27,10): 0.002
(18,5): 0.001
(6,13): 0.002
(8,15): 0.001
(20,20): 0.001
(18,15): 0.005
(21,0): 0.003
(20,19): 0.001
(29,27): 0.002
(16,5): 0.002
(13,13): 0.002
(23,6): 0.001
(7,10): 0.001
(18,6): 0.001
(16,4): 0.001
(24,7): 0.002
(10,14): 0.001
(16,21): 0.001
(14,12): 0.001
(21,7): 0.002
(19,22): 0.001
(36,24): 0.001
(21,31): 0.001
(19,20): 0.001
(21,10): 0.002
(17,22): 0.001
(24,25): 0.001
(22,22): 0.001
(19,0): 0.001
(15,13): 0.001
(17,5): 0.001
(16,36): 0.001
(20,13): 0.001
(5,11): 0.002
(25,21): 0.001
(18,18): 0.001
(11,8): 0.001
(16,14): 0.001
(7,7): 0.001
(18,8): 0.002
(22,23): 0.001
(27,12): 0.001
(18,26): 0.001
