(10,14): 0.003
(7,7): 0.042
(10,8): 0.072
(8,0): 0.022
(8,6): 0.036
(13,7): 0.005
(4,6): 0.013
(9,4): 0.009
(9,8): 0.054
(11,10): 0.009
(11,4): 0.01
(10,9): 0.01
(12,4): 0.003
(11,5): 0.005
(5,4): 0.013
(3,9): 0.016
(13,12): 0.007
(10,11): 0.003
(11,8): 0.025
(5,2): 0.001
(9,7): 0.018
(8,14): 0.004
(12,6): 0.037
(13,10): 0.009
(17,4): 0.004
(10,6): 0.057
(12,7): 0.012
(12,11): 0.004
(13,5): 0.003
(4,4): 0.008
(11,15): 0.006
(8,18): 0.005
(11,6): 0.021
(14,17): 0.003
(15,9): 0.004
(8,9): 0.005
(16,1): 0.005
(11,12): 0.006
(4,3): 0.001
(8,3): 0.002
(9,6): 0.013
(7,1): 0.005
(13,3): 0.002
(10,7): 0.02
(9,3): 0.006
(6,2): 0.01
(10,4): 0.008
(3,3): 0.005
(8,10): 0.003
(8,8): 0.005
(9,17): 0.002
(6,7): 0.008
(10,0): 0.009
(9,9): 0.01
(7,9): 0.004
(8,7): 0.011
(10,5): 0.01
(6,3): 0.003
(12,8): 0.008
(7,5): 0.002
(10,18): 0.009
(13,6): 0.004
(14,15): 0.001
(5,7): 0.009
(7,6): 0.012
(11,7): 0.006
(12,19): 0.003
(4,2): 0.002
(14,6): 0.012
(5,1): 0.006
(4,5): 0.008
(10,1): 0.006
(3,5): 0.008
(15,6): 0.003
(11,11): 0.002
(2,5): 0.006
(6,1): 0.004
(2,4): 0.001
(12,12): 0.003
(9,13): 0.004
(6,5): 0.003
(9,14): 0.002
(7,12): 0.003
(12,10): 0.001
(10,16): 0.007
(4,7): 0.005
(17,9): 0.001
(13,2): 0.001
(8,2): 0.002
(16,6): 0.003
(2,3): 0.001
(12,5): 0.007
(8,1): 0.003
(17,16): 0.001
(8,4): 0.002
(8,13): 0.001
(10,10): 0.006
(8,5): 0.005
(11,14): 0.004
(12,1): 0.002
(5,5): 0.001
(13,11): 0.001
(8,12): 0.001
(3,6): 0.005
(10,17): 0.001
(4,1): 0.001
(12,15): 0.001
(18,14): 0.006
(6,4): 0.005
(9,5): 0.005
(13,0): 0.002
(2,6): 0.001
(6,6): 0.003
(14,5): 0.001
(13,4): 0.001
(14,7): 0.001
(14,13): 0.002
(9,2): 0.005
(16,12): 0.001
(18,9): 0.001
(11,18): 0.002
(11,13): 0.001
(16,14): 0.004
(19,14): 0.002
(18,4): 0.002
(9,10): 0.003
(18,10): 0.001
(11,2): 0.001
(11,9): 0.004
(11,3): 0.002
(10,19): 0.001
(3,8): 0.002
(9,12): 0.001
(15,14): 0.001
(16,9): 0.002
(17,13): 0.002
(16,4): 0.001
(13,9): 0.001
(4,9): 0.002
(14,2): 0.004
(14,14): 0.001
(14,4): 0.001
(8,19): 0.001
(16,16): 0.001
(18,15): 0.001
(16,5): 0.002
(7,3): 0.002
(14,18): 0.001
(10,2): 0.001
(11,0): 0.002
(7,14): 0.001
(5,3): 0.002
(7,4): 0.001
(18,16): 0.001
(15,10): 0.001
(17,3): 0.001
(3,4): 0.002
(19,9): 0.001
(9,18): 0.001
(12,9): 0.002
(10,3): 0.002
(10,12): 0.001
(7,8): 0.001
(16,7): 0.001
