(10,14): 0.001
(10,1): 0.009
(11,15): 0.007
(8,0): 0.022
(8,6): 0.05
(18,14): 0.007
(10,6): 0.066
(4,6): 0.011
(9,4): 0.012
(9,8): 0.044
(9,19): 0.002
(11,10): 0.005
(10,9): 0.011
(12,4): 0.003
(11,5): 0.003
(4,4): 0.014
(10,0): 0.009
(11,8): 0.022
(13,12): 0.008
(10,11): 0.002
(5,2): 0.001
(9,6): 0.021
(8,14): 0.005
(10,8): 0.088
(13,10): 0.007
(17,3): 0.002
(13,6): 0.005
(7,7): 0.025
(14,4): 0.001
(12,6): 0.035
(3,9): 0.016
(11,9): 0.009
(8,19): 0.004
(9,7): 0.008
(5,4): 0.016
(11,6): 0.009
(16,1): 0.003
(11,12): 0.003
(6,2): 0.006
(7,2): 0.001
(7,1): 0.005
(13,3): 0.005
(9,3): 0.006
(10,3): 0.004
(10,10): 0.011
(8,8): 0.009
(10,18): 0.009
(6,7): 0.009
(9,9): 0.002
(12,13): 0.003
(12,9): 0.003
(18,15): 0.001
(8,7): 0.01
(9,5): 0.009
(3,6): 0.005
(13,8): 0.003
(9,18): 0.002
(9,2): 0.006
(18,16): 0.007
(11,4): 0.014
(12,7): 0.005
(8,10): 0.005
(9,17): 0.002
(13,7): 0.003
(12,19): 0.005
(14,6): 0.01
(4,5): 0.004
(7,3): 0.003
(18,4): 0.006
(3,5): 0.012
(15,6): 0.003
(11,11): 0.004
(2,5): 0.004
(6,1): 0.003
(4,7): 0.003
(7,6): 0.004
(7,9): 0.004
(10,7): 0.007
(9,13): 0.003
(6,5): 0.007
(8,18): 0.008
(5,7): 0.008
(8,12): 0.003
(12,10): 0.003
(11,7): 0.003
(12,8): 0.009
(10,16): 0.006
(5,8): 0.001
(17,4): 0.011
(7,14): 0.001
(1,5): 0.002
(8,2): 0.004
(6,3): 0.003
(16,8): 0.001
(3,2): 0.001
(12,5): 0.003
(8,1): 0.003
(8,4): 0.003
(11,14): 0.001
(12,1): 0.005
(8,9): 0.003
(2,6): 0.001
(3,3): 0.004
(11,1): 0.001
(17,11): 0.002
(16,2): 0.001
(17,15): 0.001
(6,4): 0.002
(7,13): 0.002
(4,1): 0.001
(12,15): 0.001
(19,14): 0.001
(10,4): 0.005
(20,9): 0.001
(16,6): 0.002
(12,3): 0.001
(13,0): 0.003
(7,8): 0.003
(7,5): 0.002
(7,18): 0.002
(5,1): 0.004
(6,6): 0.002
(17,10): 0.001
(11,3): 0.002
(14,5): 0.001
(3,4): 0.001
(19,8): 0.001
(16,12): 0.002
(4,2): 0.001
(5,3): 0.004
(12,0): 0.001
(9,12): 0.001
(14,13): 0.002
(15,14): 0.001
(19,7): 0.001
(10,19): 0.002
(19,9): 0.001
(13,5): 0.004
(13,4): 0.002
(9,10): 0.002
(13,15): 0.001
(17,9): 0.002
(12,12): 0.001
(11,19): 0.001
(7,12): 0.004
(16,4): 0.001
(18,7): 0.001
(9,11): 0.001
(5,6): 0.002
(14,2): 0.002
(14,14): 0.001
(10,5): 0.002
(16,16): 0.001
(16,5): 0.002
(11,18): 0.001
(16,14): 0.002
(17,13): 0.003
(13,9): 0.001
(13,2): 0.001
(16,15): 0.001
(14,18): 0.001
(2,3): 0.001
(10,2): 0.001
(12,11): 0.002
(3,8): 0.001
(8,3): 0.001
(15,9): 0.001
(8,5): 0.001
(9,14): 0.002
(19,15): 0.001
(12,2): 0.001
(16,9): 0.001
(14,9): 0.001
(14,3): 0.001
(9,0): 0.001
(10,13): 0.001
(11,0): 0.001
(14,17): 0.001
(15,7): 0.001
(16,7): 0.001
