(14,6): 0.01
(7,7): 0.032
(17,9): 0.003
(11,12): 0.004
(15,2): 0.002
(10,8): 0.072
(11,7): 0.001
(4,9): 0.002
(10,6): 0.076
(12,6): 0.049
(11,6): 0.016
(10,10): 0.01
(5,4): 0.013
(4,7): 0.004
(9,8): 0.052
(8,6): 0.045
(17,4): 0.003
(12,1): 0.006
(16,7): 0.001
(2,3): 0.002
(8,0): 0.022
(11,5): 0.004
(18,16): 0.005
(5,7): 0.007
(12,11): 0.004
(9,10): 0.005
(9,13): 0.002
(9,7): 0.01
(11,14): 0.001
(10,9): 0.012
(8,7): 0.007
(4,6): 0.009
(10,1): 0.006
(6,3): 0.003
(8,1): 0.001
(5,5): 0.001
(3,3): 0.002
(8,18): 0.008
(7,6): 0.012
(9,17): 0.001
(4,4): 0.007
(11,9): 0.013
(13,10): 0.007
(6,2): 0.009
(8,4): 0.002
(12,2): 0.004
(9,12): 0.004
(14,2): 0.003
(12,8): 0.013
(3,9): 0.015
(10,18): 0.008
(5,3): 0.002
(6,4): 0.004
(12,16): 0.003
(3,5): 0.011
(9,2): 0.004
(10,0): 0.005
(9,6): 0.012
(6,7): 0.01
(12,5): 0.003
(12,13): 0.001
(12,4): 0.003
(10,14): 0.003
(11,4): 0.014
(16,6): 0.005
(10,5): 0.006
(12,3): 0.003
(9,5): 0.005
(7,3): 0.001
(5,2): 0.002
(12,7): 0.007
(7,9): 0.005
(8,8): 0.008
(8,5): 0.01
(11,8): 0.023
(7,1): 0.005
(6,6): 0.003
(16,9): 0.003
(7,5): 0.002
(9,4): 0.011
(6,5): 0.007
(14,5): 0.003
(15,9): 0.002
(8,14): 0.003
(14,13): 0.003
(9,3): 0.002
(6,1): 0.003
(9,9): 0.008
(13,12): 0.004
(1,5): 0.002
(4,2): 0.001
(9,14): 0.003
(10,11): 0.003
(3,6): 0.005
(11,13): 0.001
(10,19): 0.005
(10,16): 0.008
(18,4): 0.002
(15,11): 0.002
(16,1): 0.003
(13,7): 0.004
(10,2): 0.002
(19,14): 0.002
(11,2): 0.002
(14,17): 0.002
(11,15): 0.004
(17,14): 0.001
(13,9): 0.001
(18,14): 0.004
(13,5): 0.003
(10,4): 0.005
(13,4): 0.003
(8,10): 0.006
(15,6): 0.004
(18,8): 0.001
(15,14): 0.002
(12,12): 0.003
(11,3): 0.003
(11,10): 0.004
(16,4): 0.001
(18,7): 0.001
(10,7): 0.008
(9,11): 0.001
(5,6): 0.001
(2,5): 0.003
(13,6): 0.003
(7,2): 0.001
(12,9): 0.005
(8,19): 0.001
(16,16): 0.001
(3,8): 0.001
(11,18): 0.003
(12,19): 0.004
(16,14): 0.004
(7,12): 0.002
(18,9): 0.001
(14,18): 0.001
(14,9): 0.002
(12,0): 0.001
(7,19): 0.001
(8,12): 0.003
(19,7): 0.001
(14,1): 0.001
(3,4): 0.001
(10,3): 0.001
(17,15): 0.001
(8,9): 0.002
(4,5): 0.003
(17,11): 0.001
(12,10): 0.001
(11,11): 0.001
(11,1): 0.001
(8,13): 0.001
(7,13): 0.002
(20,9): 0.002
(2,6): 0.001
(5,1): 0.002
(8,2): 0.003
(17,10): 0.001
(13,1): 0.001
(3,7): 0.001
(13,0): 0.001
(15,5): 0.001
(10,12): 0.001
(7,8): 0.001
(16,5): 0.001
(17,7): 0.001
(18,15): 0.001
(10,17): 0.001
(7,11): 0.001
(7,14): 0.001
(8,3): 0.002
(17,13): 0.001
