(14,6): 0.014
(10,6): 0.077
(10,8): 0.089
(15,2): 0.001
(8,6): 0.041
(11,4): 0.014
(10,7): 0.003
(9,8): 0.059
(11,7): 0.001
(1,5): 0.004
(10,10): 0.017
(8,2): 0.006
(5,7): 0.012
(8,8): 0.004
(18,4): 0.004
(12,1): 0.005
(12,6): 0.05
(7,7): 0.015
(2,3): 0.003
(8,0): 0.018
(17,15): 0.002
(11,6): 0.012
(11,14): 0.006
(8,4): 0.004
(8,12): 0.004
(17,4): 0.003
(12,8): 0.015
(11,11): 0.001
(9,10): 0.005
(3,5): 0.006
(5,5): 0.002
(3,3): 0.007
(5,9): 0.002
(10,9): 0.006
(4,4): 0.011
(9,4): 0.006
(7,9): 0.015
(13,10): 0.006
(5,1): 0.006
(8,3): 0.006
(9,9): 0.01
(19,6): 0.001
(12,9): 0.002
(13,7): 0.004
(3,9): 0.013
(10,18): 0.011
(5,4): 0.012
(4,2): 0.001
(12,15): 0.001
(2,5): 0.006
(8,18): 0.01
(18,16): 0.005
(4,6): 0.008
(9,2): 0.004
(10,0): 0.003
(8,7): 0.006
(13,3): 0.001
(7,8): 0.007
(13,14): 0.001
(3,6): 0.005
(13,1): 0.002
(10,14): 0.004
(16,6): 0.002
(12,3): 0.003
(14,1): 0.003
(11,8): 0.027
(10,3): 0.002
(8,5): 0.004
(9,18): 0.002
(10,5): 0.005
(7,1): 0.004
(12,0): 0.002
(6,6): 0.003
(17,9): 0.002
(11,3): 0.004
(7,5): 0.002
(14,5): 0.001
(13,4): 0.003
(6,7): 0.01
(8,14): 0.001
(3,4): 0.001
(3,8): 0.002
(14,13): 0.004
(6,1): 0.001
(11,10): 0.003
(13,0): 0.003
(5,3): 0.003
(16,3): 0.001
(11,15): 0.005
(17,5): 0.001
(10,4): 0.004
(7,6): 0.007
(9,3): 0.002
(15,11): 0.001
(17,14): 0.002
(11,2): 0.002
(11,9): 0.012
(18,7): 0.003
(9,6): 0.007
(9,7): 0.006
(14,17): 0.002
(11,16): 0.002
(14,7): 0.003
(16,14): 0.004
(12,11): 0.003
(11,5): 0.004
(15,6): 0.004
(14,2): 0.002
(4,8): 0.001
(8,9): 0.005
(10,16): 0.003
(15,7): 0.002
(8,10): 0.003
(3,7): 0.002
(15,14): 0.002
(12,12): 0.001
(6,3): 0.004
(6,5): 0.003
(16,9): 0.002
(12,13): 0.002
(5,6): 0.002
(18,10): 0.001
(10,19): 0.004
(7,14): 0.003
(11,19): 0.001
(8,11): 0.001
(9,5): 0.008
(16,7): 0.001
(13,6): 0.005
(17,12): 0.001
(7,2): 0.001
(14,9): 0.002
(6,2): 0.005
(8,19): 0.002
(9,13): 0.002
(10,17): 0.001
(16,16): 0.002
(18,15): 0.001
(11,18): 0.003
(16,5): 0.002
(12,19): 0.003
(17,13): 0.001
(15,10): 0.001
(4,7): 0.004
(13,12): 0.002
(10,1): 0.005
(13,11): 0.002
(9,17): 0.002
(7,19): 0.001
(12,10): 0.003
(10,2): 0.002
(6,4): 0.004
(9,12): 0.002
(9,14): 0.001
(19,15): 0.001
(13,5): 0.002
(17,16): 0.001
(4,5): 0.002
(12,5): 0.001
(8,13): 0.001
(10,11): 0.001
(7,13): 0.001
(20,9): 0.002
(5,2): 0.001
(2,6): 0.002
(17,10): 0.001
(15,9): 0.002
(16,4): 0.001
(7,0): 0.001
(18,14): 0.003
(18,9): 0.001
(9,11): 0.001
(2,4): 0.001
(9,1): 0.001
(7,12): 0.002
(12,2): 0.001
(16,1): 0.002
(4,9): 0.001
(7,3): 0.001
(16,13): 0.001
(19,7): 0.001
